350	0.208357798559297
351	0.206306406996563
352	0.174249465253721
353	0.205514731844295
354	0.214006610242787
355	0.193786052257161
356	0.176846689461568
357	0.185085378518002
358	0.199443854277323
359	0.193852667131166
360	0.184470468574047
361	0.1785213974995
362	0.182182348534832
363	0.193929944226711
364	0.188601402060372
365	0.182602112179035
366	0.182174839911467
367	0.180175146975793
368	0.193213221095259
369	0.180043190376756
370	0.177774808526092
371	0.177805955226549
372	0.187851841456452
373	0.185653730391766
374	0.175531970048216
375	0.172145342440668
376	0.182643355981551
377	0.176059366733207
378	0.167030036223539
379	0.186618053466093
380	0.186783785210122
381	0.178111948538236
382	0.167999877945446
383	0.16595492181774
384	0.177744889038848
385	0.172695010533626
386	0.16978231230497
387	0.166194683468056
388	0.169737822275047
389	0.172181254471739
390	0.171660452871887
391	0.167743832107831
392	0.169097484090933
393	0.169057311284901
394	0.168843074959876
395	0.165575030274769
396	0.171314073237981
397	0.170144917583443
398	0.168938856391264
399	0.167494538274533
400	0.164163409416269
401	0.162508727426192
402	0.164519017815963
403	0.163825545531374
404	0.163995844403176
405	0.163042271903967
406	0.162275332480107
407	0.162144487294111
408	0.160187944788747
409	0.160676966959829
410	0.164003937409396
411	0.162436692144657
412	0.160815181552697
413	0.160172068136858
414	0.161744204507221
415	0.158860232162636
416	0.158319958046625
417	0.158056655405096
418	0.157956326993138
419	0.158376556339167
420	0.158401056747181
421	0.156048236091454
422	0.157735336486516
423	0.157229481282728
424	0.156289628521116
425	0.155664253796402
426	0.155681973679565
427	0.156746856779684
428	0.156355468698599
429	0.155213244059024
430	0.156106267819657
431	0.156576501611949
432	0.156460632990207
433	0.156340755673235
434	0.155828200387379
435	0.156318790676093
436	0.157822822660016
437	0.15722694649093
438	0.157165132000318
439	0.156816384684999
440	0.157425663722555
441	0.157528476581689
442	0.157530535116525
443	0.157928102119293
444	0.158390681083695
445	0.158018339002503
446	0.158434657823802
447	0.159039153809158
448	0.15942641875745
449	0.159587025064626
450	0.159665316449304
451	0.159681758886548
452	0.160741259218225
453	0.161227150175608
454	0.16104869026913
455	0.160514403659356
456	0.161056258221297
457	0.161488409675812
458	0.161796875958671
459	0.162397364784308
460	0.161803204679531
461	0.162028022645512
462	0.16296030212095
463	0.162852583934688
464	0.162567705629215
465	0.162740215187776
466	0.16284304294058
467	0.16339022742299
468	0.163540433756371
469	0.163663545892559
470	0.164030525015047
471	0.164017337136862
472	0.164475579177921
473	0.164446126723119
474	0.164936357055496
475	0.165051153156178
476	0.165092291593548
477	0.16515095871952
478	0.165850147371335
479	0.166175725924839
480	0.166133335471196
481	0.165805843298538
482	0.166093968255751
483	0.16647452541305
484	0.166406880033824
485	0.166600476922084
486	0.167375954166976
487	0.167172319140198
488	0.167089608578405
489	0.167573126349118
490	0.167939306614315
491	0.168478171388329
492	0.168366782128639
493	0.168735444820801
494	0.16913195276642
495	0.169012935509132
496	0.169555714893474
497	0.170139074466303
498	0.170380826644707
499	0.170501611855804
500	0.171215999670719
501	0.171604676226793
502	0.172163507481731
503	0.172693518159509
504	0.173428597827407
505	0.17360062609674
506	0.173467998061785
507	0.173863110759651
508	0.174684587939067
509	0.175308781484652
510	0.1758224195553
511	0.176290485602906
512	0.176782270279383
513	0.177300258423662
514	0.177283923526888
515	0.177741248297665
516	0.178402598011149
517	0.179008069272185
518	0.17944947381592
519	0.17967467684407
520	0.180125958615318
521	0.180594848995492
522	0.181047670704197
523	0.181697714341928
524	0.182126048785888
525	0.182425162607251
526	0.183152206729621
527	0.183457068443475
528	0.183755152468069
529	0.184285303072625
530	0.184748430622119
531	0.185134483110878
532	0.185475293016296
533	0.186001116664742
534	0.186491489755459
535	0.186992565814429
536	0.187235751593164
537	0.187659450931378
538	0.188132999483237
539	0.188640134634411
540	0.188922927083018
541	0.189299863101943
542	0.189658699847802
543	0.190172551219979
544	0.190341232761987
545	0.190720516824994
546	0.19121738069627
547	0.191571959588742
548	0.191856620943093
549	0.192325131745575
550	0.192754206474054
551	0.193203260692135
552	0.193470143338531
553	0.193792879795682
554	0.194309870290652
555	0.194843663604626
556	0.19520997142226
557	0.195575456064844
558	0.196019698676365
559	0.19645491218288
560	0.196991236451391
561	0.19745931627574
562	0.197774130462134
563	0.19813410363406
564	0.1986286062268
565	0.199163899501174
566	0.199583190536627
567	0.199974037544233
568	0.20046410478499
569	0.201091311635855
570	0.201459615767471
571	0.201829326979614
572	0.202324599372092
573	0.202771773216425
574	0.202947748646309
575	0.203243611248448
576	0.203637179716168
577	0.204222751192412
578	0.204521541755697
579	0.204725026148069
580	0.204987454557777
581	0.205354487562682
582	0.205761293833705
583	0.206154529875254
584	0.206495602563844
585	0.206759556541014
586	0.206993712367588
587	0.20723235975019
588	0.207609211676152
589	0.207876747334878
590	0.20814069346398
591	0.208380200883336
592	0.208632176048589
593	0.20889279273969
594	0.209170032377541
595	0.20949327056109
596	0.20969266084119
597	0.209832354570233
598	0.210050414255812
599	0.21030709933099
600	0.210441045893368
601	0.210560038405377
602	0.210774724927997
603	0.211064716847555
604	0.211233180099229
605	0.211317101585802
606	0.211468512193542
607	0.211721028438524
608	0.211904158274165
609	0.212082143111361
610	0.212249379100288
611	0.212345297646896
612	0.212555626560542
613	0.212622593840482
614	0.212753839999546
615	0.212883904329281
616	0.213087621663149
617	0.213181590853456
618	0.213227265100361
619	0.213428693030489
620	0.213607527004546
621	0.213714934617364
622	0.213754819423349
623	0.213897904905996
624	0.214003080788157
625	0.214204808373665
626	0.214316139439406
627	0.214468204201198
628	0.214481911419117
629	0.214574747354076
630	0.21469479008697
631	0.214784657544128
632	0.214892256609869
633	0.215018377062888
634	0.215191023588674
635	0.21524145218831
636	0.215325513567542
637	0.215482410599837
638	0.215565030132723
639	0.215642190035529
640	0.215684540798564
641	0.215830807791364
642	0.216002397017399
643	0.216079254751265
644	0.216182514197345
645	0.216151090890434
646	0.216228484816802
647	0.216447544447683
648	0.216520810056732
649	0.216556335726709
650	0.216567252426386
651	0.216727183819284
652	0.216874033074079
653	0.216849173058148
654	0.216887923918848
655	0.216916507450172
656	0.216918982912165
657	0.216965230211389
658	0.217005430060185
659	0.217010896466138
660	0.217081902973095
661	0.217040576301587
662	0.217051156799022
663	0.217155222330666
664	0.217231561515761
665	0.217248387580123
666	0.217231572001952
667	0.217276799979156
668	0.217342582821299
669	0.217367198828442
670	0.217360332515318
671	0.217461860881985
672	0.217535976741286
673	0.217681986605466
674	0.217692280875021
675	0.217725074156648
676	0.217906101790259
677	0.218029794499299
678	0.218085804640917
679	0.218207769934389
680	0.218376278019908
681	0.218503328693318
682	0.218526793280568
683	0.218646407943814
684	0.218765272318939
685	0.218933831353793
686	0.218963331715006
687	0.218967369935689
688	0.219108700405856
689	0.219194225760972
690	0.21932480249992
691	0.219442732673175
692	0.219492103324774
693	0.219591618971699
694	0.219976704416276
695	0.220499565048301
696	0.221124756437764
697	0.221448270559404
698	0.221364670455603
699	0.220910487464929
700	0.220691571873264
701	0.220645624194099
702	0.220725784513751
703	0.220870772538483
704	0.221000392472636
705	0.221122205116265
706	0.221244060726622
707	0.221371178003819
708	0.22142854443893
709	0.221538179182399
710	0.221699661649197
711	0.221871676365965
712	0.221944669056979
713	0.221982072556676
714	0.222108923088208
715	0.22222064419115
716	0.22237321720822
717	0.222468975733943
718	0.222497663482168
719	0.222612517395773
720	0.222708292990386
721	0.2227145418302
722	0.222783747823348
723	0.222858029636841
724	0.22295364095982
725	0.223075990560239
726	0.223112840222158
727	0.22312784265499
728	0.223197703572615
729	0.223288101499362
730	0.223331330579566
731	0.223413157476397
732	0.223393878721002
733	0.22349325443931
734	0.223554039345165
735	0.223564875706835
736	0.223593265925397
737	0.223706219932654
738	0.223780320392334
739	0.223765998542032
740	0.223825281249027
741	0.223897560850146
742	0.223959364288808
743	0.223937805376649
744	0.223999069553881
745	0.224039953466531
746	0.224108157397377
747	0.224117756589517
748	0.224087651638198
749	0.224118880366121
750	0.224258967311659
751	0.224251972966716
752	0.224310189734804
753	0.224345853613714
754	0.224391751557397
755	0.224412997140754
756	0.224407124892006
757	0.224483570270593
758	0.224493282872593
759	0.224504834525634
760	0.224538170061635
761	0.22458586312636
762	0.224588925403126
763	0.2245575049386
764	0.224586290770547
765	0.224606309774804
766	0.224654735560722
767	0.224747774444347
768	0.224818208041652
769	0.224856895363897
770	0.224934833162313
771	0.224996231320686
772	0.225021672501296
773	0.225015920871675
774	0.225021606038194
775	0.225069129138775
776	0.225114966103078
777	0.225146472260405
778	0.225153852973068
779	0.225120211313523
780	0.225135972999771
781	0.225152476970098
782	0.225194107163316
783	0.225235481200833
784	0.225251925223419
785	0.225250263762569
786	0.225240567943875
787	0.22520901325987
788	0.225267468844593
789	0.225279789092448
790	0.225243411597732
791	0.22528594810602
792	0.225307743260449
793	0.22530782416359
794	0.225304633793747
795	0.225316513540917
796	0.225327913309434
797	0.225301147328677
798	0.225282769517769
799	0.225288788179292
800	0.225326057671252
801	0.22532601590218
802	0.225298109609113
803	0.225261368295407
804	0.225221879970352
805	0.2252331086096
806	0.225237400581957
807	0.225155891024176
808	0.225111874677193
809	0.225155395252635
810	0.225173519023413
811	0.225110867400681
812	0.225037027070908
813	0.224997827593519
814	0.224945137601439
815	0.224907824593156
816	0.224847912702656
817	0.224771485324462
818	0.22482322756412
819	0.224780833953442
820	0.224709926659345
821	0.224658770777923
822	0.224612779382152
823	0.224583392543957
824	0.22453722206868
825	0.224471652866005
826	0.22443869221101
827	0.224445881904068
828	0.224379315798922
829	0.224358575828248
830	0.224318905056688
831	0.224279435115057
832	0.224284787469885
833	0.224218945470995
834	0.224123385901695
835	0.224137667449784
836	0.224218830100027
837	0.224118823468836
838	0.223993496951607
839	0.223907953394272
840	0.223884272708028
841	0.223800331047701
842	0.223718444778446
843	0.223671043462944
844	0.223680978101586
845	0.223585019171881
846	0.223514102474914
847	0.223483889575965
848	0.223449961288409
849	0.223330653862198
850	0.223254072295315
851	0.223207452526865
852	0.223237116019884
853	0.223189590173843
854	0.223061894887904
855	0.222976390338081
856	0.222902390584431
857	0.222897489224491
858	0.222827086019693
859	0.222680706805328
860	0.222589063692206
861	0.222559620234079
862	0.222545882917232
863	0.222438622660598
864	0.222349207802478
865	0.22228213126628
866	0.222241952819882
867	0.22209850988039
868	0.222073510114823
869	0.222084951417819
870	0.221982159482364
871	0.22185923825093
872	0.22172630412675
873	0.221658308093482
874	0.221597638473322
875	0.221399495994238
876	0.221344013628747
877	0.221268990832915
878	0.221242512853384
879	0.221240267492996
880	0.221107022550538
881	0.220962571320724
882	0.220926963484784
883	0.220825084016617
884	0.220767594781544
885	0.220730030950579
886	0.220664518688412
887	0.220573016175436
888	0.220468327686806
889	0.220340207825226
890	0.220274790247617
891	0.220188499056065
892	0.220150171271535
893	0.220075305505968
894	0.220035078202905
895	0.219977727655418
896	0.219836434947379
897	0.219679697194105
898	0.219650569485409
899	0.219626643497998
900	0.219505848063828
901	0.219410058629852
902	0.219331070574034
903	0.219260156849546
904	0.219146950869611
905	0.21896834301876
906	0.218893632197486
907	0.219050124851451
908	0.218965353452616
909	0.218808918718543
910	0.218619756171377
911	0.218639080696479
912	0.218540946988508
913	0.218381481296148
914	0.218405006978133
915	0.21845448914034
916	0.218264334100876
917	0.21813411298782
918	0.218147325107581
919	0.218128210881916
920	0.218068050248673
921	0.217981778577191
922	0.217901232812661
923	0.217875682647435
924	0.217829381345481
925	0.21782296999498
926	0.217724059535727
927	0.217617705650904
928	0.217579294027497
929	0.217545489170407
930	0.21754215929548
931	0.21758975543397
932	0.217558356853712
933	0.217373722008378
934	0.217201076629736
935	0.217291897731116
936	0.217370080662612
937	0.217330187892383
938	0.2170887879957
939	0.217046646808377
940	0.217104808653023
941	0.216880038893165
942	0.216726181895038
943	0.216873006646922
944	0.216932669177305
945	0.216772204456077
946	0.216692547269924
947	0.216618409282224
948	0.216613286895379
949	0.216710289077061
950	0.216649479031014
951	0.216572013866509
952	0.216646043145031
953	0.216684725995845
954	0.216511271613044
955	0.216283233494377
956	0.216321925298061
957	0.216365522203483
958	0.21646008701588
959	0.216524742889152
960	0.216323761012412
961	0.216458579932651
962	0.216339484378429
963	0.21623765762404
964	0.216265496492412
965	0.216347183843141
966	0.216396920963494
967	0.216302564365284
968	0.216238319978025
969	0.216269174249332
970	0.21610160363513
971	0.216101319704071
972	0.216273327985862
973	0.216295732715803
974	0.216016099809908
975	0.216131882815172
976	0.21638468044117
977	0.216314690146121
978	0.216099837426345
979	0.216042246910311
980	0.216103772764082
981	0.216255671771693
982	0.216030485690729
983	0.216023912154126
984	0.216073137358277
985	0.216081990614823
986	0.216112483549864
987	0.21597977364322
988	0.216098250092406
989	0.216159364447419
990	0.216152185771504
991	0.215903280323144
992	0.215922460548813
993	0.216037631992189
994	0.216091227205256
995	0.215777608872551
996	0.215843709758814
997	0.216103513672267
998	0.216167327922798
999	0.215999064445827
1000	0.215901645801567
1001	0.213761012831654
1002	0.213844639792525
1003	0.213813478869822
1004	0.213786585814843
1005	0.213798846063348
1006	0.213699128593958
1007	0.213685096135668
1008	0.213719334910324
1009	0.213731705948251
1010	0.213760344159408
1011	0.213650510227749
1012	0.213507117912675
1013	0.213400181822753
1014	0.213227179439149
1015	0.213183864517095
1016	0.213198940441234
1017	0.213249748343678
1018	0.213264253429772
1019	0.21329667383737
1020	0.213310730517743
1021	0.213147027205433
1022	0.213023529545317
1023	0.213060661640646
1024	0.213027753503473
1025	0.213079059579152
1026	0.213133990282015
1027	0.213086466731297
1028	0.212983955176229
1029	0.212991917116042
1030	0.213102855436831
1031	0.213087009297738
1032	0.213052288108704
1033	0.213036942917527
1034	0.212910993085687
1035	0.212979538314236
1036	0.212976049372624
1037	0.21293937798491
1038	0.212801238049346
1039	0.212744193344566
1040	0.212793136658728
1041	0.212758419072359
1042	0.212782300944264
1043	0.212785165859011
1044	0.212751096637563
1045	0.21270039726396
1046	0.212709154067125
1047	0.212675648038492
1048	0.212705197097268
1049	0.212698833987543
1050	0.212672467172933
1051	0.212587392381874
1052	0.212582178731682
1053	0.212542399773781
1054	0.21244280159282
1055	0.212509630088675
1056	0.212528558281787
1057	0.212485542644438
1058	0.212456128387309
1059	0.212432702579922
1060	0.212420891545526
1061	0.21244987662006
1062	0.212570307206736
1063	0.212540509950084
1064	0.212310261489343
1065	0.212276623776262
1066	0.212355991329434
1067	0.212335821459365
1068	0.212425467883652
1069	0.212449990233668
1070	0.212383199766569
1071	0.212305974278407
1072	0.212340324863303
1073	0.21239396979254
1074	0.212405954389278
1075	0.212436156410099
1076	0.212433570520538
1077	0.212362023177248
1078	0.212384620551924
1079	0.212331028716343
1080	0.212394598609087
1081	0.212465609694717
1082	0.212460036691752
1083	0.212409781926446
1084	0.212429438600608
1085	0.212393749472991
1086	0.21239141007103
1087	0.212433816178875
1088	0.212481578775032
1089	0.212499242776665
1090	0.212529144046626
1091	0.212548921901146
1092	0.212521144565016
1093	0.212545893180953
1094	0.212570389236061
1095	0.21253917320055
1096	0.212477787117078
1097	0.212447802138986
1098	0.212497266396644
1099	0.212510237996202
1100	0.212495039322253
1101	0.212597457196436
1102	0.212586490127041
1103	0.212532146444477
1104	0.2126594567416
1105	0.212679141441378
1106	0.212593623783167
1107	0.212615960489656
1108	0.212597703812783
1109	0.212623177901881
1110	0.212589384386258
1111	0.212726864840289
1112	0.212754815150633
1113	0.212696746306601
1114	0.212744553607527
1115	0.212767864084181
1116	0.212715045353176
1117	0.212740598335751
1118	0.212731319463061
1119	0.212667437098611
1120	0.212723695058299
1121	0.212719646011273
1122	0.21271482873865
1123	0.21269505400395
1124	0.212794979671394
1125	0.212788510848954
1126	0.212788642371463
1127	0.212750242425393
1128	0.212773855398005
1129	0.212723380960142
1130	0.212746034012363
1131	0.212791519442181
1132	0.212809967141002
1133	0.212848964729753
1134	0.212888883815758
1135	0.212927728566766
1136	0.212942844359455
1137	0.212892499782123
1138	0.212902569187958
1139	0.212964539211069
1140	0.213024064233772
1141	0.213054017806799
1142	0.213011977308741
1143	0.213074686786116
1144	0.213076688460365
1145	0.21305485977556
1146	0.213069621203149
1147	0.213079533012984
1148	0.213107340071213
1149	0.21313602937526
1150	0.213215939225038
1151	0.213206874282226
1152	0.213240480700604
1153	0.213286241610337
1154	0.213290594612019
1155	0.213393214031923
1156	0.213465467596989
1157	0.213496278960397
1158	0.213566459588678
1159	0.213531270073412
1160	0.21354870857361
1161	0.213587123582971
1162	0.213642104192974
1163	0.213673130636948
1164	0.213695880251167
1165	0.213778201130985
1166	0.213846210294946
1167	0.213932655955212
1168	0.214017436361511
1169	0.214088089694828
1170	0.214119491053993
1171	0.21418119168215
1172	0.21418998143969
1173	0.214262871841166
1174	0.214311994430509
1175	0.214374712237716
1176	0.21446702524328
1177	0.214525812186392
1178	0.214550912771679
1179	0.214579595445797
1180	0.214624352668257
1181	0.214687897638483
1182	0.214748249578378
1183	0.214831616875716
1184	0.214899595827645
1185	0.214962334145589
1186	0.215043660159911
1187	0.215073128357891
1188	0.215111212176573
1189	0.215109907078722
1190	0.215183483720944
1191	0.215302376909179
1192	0.215369068513123
1193	0.215428900151314
1194	0.215498190467737
1195	0.21557800436504
1196	0.215632770901557
1197	0.215743796886344
1198	0.215784149004062
1199	0.21583855699424
1200	0.215864715737314
1201	0.215884146179179
1202	0.215900147048796
1203	0.215946486640709
1204	0.21604450899793
1205	0.216112178869024
1206	0.216211761454135
1207	0.216294576516054
1208	0.216360906567696
1209	0.216409492272295
1210	0.216481053613446
1211	0.216507277838378
1212	0.216583603282651
1213	0.216674157841742
1214	0.21679064200747
1215	0.216850385744914
1216	0.21687757775245
1217	0.216915131701373
1218	0.216949956035993
1219	0.217004324396248
1220	0.217106600693853
1221	0.217234845045748
1222	0.217285038807477
1223	0.217342937338324
1224	0.21740175237111
1225	0.217480183907844
1226	0.217537576028052
1227	0.217607184134243
1228	0.217681413563119
1229	0.217759556481919
1230	0.2178506430186
1231	0.217993071191045
1232	0.218101043950467
1233	0.218153088202958
1234	0.218230704762147
1235	0.218293793044167
1236	0.218341077102103
1237	0.218394047597841
1238	0.21844981574883
1239	0.218591274894378
1240	0.218655558569298
1241	0.218734397829699
1242	0.218845100780988
1243	0.21893152054678
1244	0.218997858522855
1245	0.219048932036978
1246	0.219141197270121
1247	0.219217895391722
1248	0.219268079400417
1249	0.219353412174408
1250	0.219502036539769
1251	0.219565687606005
1252	0.219643107392288
1253	0.219724023161186
1254	0.219794966173801
1255	0.219910395851936
1256	0.219999381858933
1257	0.220084622994045
1258	0.220238946541985
1259	0.220350397971557
1260	0.220481341214609
1261	0.220571270195079
1262	0.220633202505228
1263	0.220701480315135
1264	0.220780991882615
1265	0.220861758206899
1266	0.220956627504634
1267	0.221089277359698
1268	0.221210875338428
1269	0.221314426278472
1270	0.221392437012993
1271	0.221434493227781
1272	0.221525991806573
1273	0.221565656789701
1274	0.22165748517302
1275	0.221811674674689
1276	0.221895392190162
1277	0.222006482864275
1278	0.222082077021712
1279	0.222180986315673
1280	0.222298038296704
1281	0.222419243882462
1282	0.222537900615941
1283	0.222624435983276
1284	0.222726549011908
1285	0.222790468259281
1286	0.222912494555651
1287	0.223012411052928
1288	0.223148316045308
1289	0.2232361142048
1290	0.223289816931425
1291	0.223449658506019
1292	0.223595656343276
1293	0.223686878658565
1294	0.223791464708378
1295	0.223850236000284
1296	0.223931437803153
1297	0.224000239223729
1298	0.224119549468988
1299	0.224232420931687
1300	0.224401126455929
1301	0.224509351035599
1302	0.224677384003172
1303	0.224784848006868
1304	0.22487576447735
1305	0.224981757610309
1306	0.225110472482843
1307	0.225204546065535
1308	0.22531436195355
1309	0.225447732591301
1310	0.225572093443087
1311	0.225712552393653
1312	0.225853353881358
1313	0.226020065207332
1314	0.22615670504091
1315	0.226246437028521
1316	0.226334952643992
1317	0.226373267920873
1318	0.226486815252424
1319	0.2266833572108
1320	0.226783303295952
1321	0.226913425611749
1322	0.226990422218681
1323	0.227070868218044
1324	0.227148374380191
1325	0.227218940612809
1326	0.227306169095452
1327	0.227404333070914
1328	0.22750627377416
1329	0.227596658429202
1330	0.227672198675563
1331	0.227727944327279
1332	0.227812458084063
1333	0.227937823940572
1334	0.228030100566619
1335	0.228112841772111
1336	0.228229296274697
1337	0.228321254097986
1338	0.228325094127039
1339	0.228392291780382
1340	0.228430210134063
1341	0.228522638980325
1342	0.228576338190929
1343	0.228677977209642
1344	0.228777434824136
1345	0.228864687119989
1346	0.228953358404225
1347	0.229065943881922
1348	0.229148728501889
1349	0.229217674684417
1350	0.229302598171775
1351	0.22936144076717
1352	0.229399086020414
1353	0.229496043749469
1354	0.229560486910043
1355	0.229610419587303
1356	0.229673974672413
1357	0.2297252430362
1358	0.229812577147553
1359	0.229850858811925
1360	0.229900799123711
1361	0.229964597482796
1362	0.229973993606039
1363	0.229960782669908
1364	0.22991157300269
1365	0.229919304942131
1366	0.229831977661845
1367	0.2297342669476
1368	0.229581480539403
1369	0.229367584441175
1370	0.229215558697923
1371	0.229012967793796
1372	0.228806742131911
1373	0.228658434625293
1374	0.228489587377436
1375	0.228290684037147
1376	0.228127961018766
1377	0.228002610644071
1378	0.227875029594335
1379	0.227766805227553
1380	0.227642114040614
1381	0.227549658043034
1382	0.227410065991881
1383	0.227226807872768
1384	0.227036554589705
1385	0.226759238427649
1386	0.226493751007227
1387	0.226181243991039
1388	0.225869844993257
1389	0.225558581933548
1390	0.225215958289842
1391	0.224907915156495
1392	0.224651353559209
1393	0.224424202936931
1394	0.224235102123791
1395	0.224149349836261
1396	0.22409185355342
1397	0.224093385590773
1398	0.224184341471262
1399	0.224275604503228
1400	0.224411401166648
1401	0.224541088013776
1402	0.224644045946178
1403	0.224777009705706
1404	0.224922108494407
1405	0.22504552615184
1406	0.225161311215006
1407	0.225268804797711
1408	0.225355327515964
1409	0.22544697444056
1410	0.22561945803901
1411	0.225736882557982
1412	0.225830998142443
1413	0.225967791182387
1414	0.226053471959198
1415	0.226216181183696
1416	0.226409115406481
1417	0.226626541316659
1418	0.226897520093155
1419	0.227134693562923
1420	0.227341476918663
1421	0.227544103170136
1422	0.227774038865988
1423	0.228000049375678
1424	0.228239662412392
1425	0.228496614805888
1426	0.228740252083103
1427	0.22892308533122
1428	0.229116768404175
1429	0.229324059538188
1430	0.229549459853804
1431	0.229742998686813
1432	0.229959970248401
1433	0.230205969261736
1434	0.230372393504147
1435	0.230517312869709
1436	0.230690889056822
1437	0.230886262449742
1438	0.23106707884272
1439	0.231259883734511
1440	0.231454731495418
1441	0.231669126330229
1442	0.231849052167511
1443	0.232010781922697
1444	0.232139801871294
1445	0.232281273558725
1446	0.232424367137293
1447	0.232605816614924
1448	0.232769967109108
1449	0.232954659950776
1450	0.233133228518163
1451	0.233258513848395
1452	0.233415295379326
1453	0.233565317155239
1454	0.233707125362814
1455	0.23383831208861
1456	0.233994642558178
1457	0.234129109327946
1458	0.234256599324502
1459	0.234378278458673
1460	0.234476062840702
1461	0.234630947499951
1462	0.234738474412937
1463	0.234857568384837
1464	0.234989031841603
1465	0.23507831211458
1466	0.235162434463184
1467	0.235296676914068
1468	0.235406290486452
1469	0.23555318716249
1470	0.235685577014634
1471	0.235833188753417
1472	0.23595745618625
1473	0.236068442972292
1474	0.23617243633774
1475	0.236321404093506
1476	0.236453523738416
1477	0.236558502882502
1478	0.236742352286359
1479	0.236855147172804
1480	0.237010029300229
1481	0.237100162908179
1482	0.237228257545629
1483	0.237356762835145
1484	0.23748148657805
1485	0.23764134513293
1486	0.23781910060324
1487	0.237941744645672
1488	0.238052810232377
1489	0.238176074698802
1490	0.23832793440176
1491	0.238444506410229
1492	0.238570399427451
1493	0.238696363880284
1494	0.238791099020882
1495	0.238917613952891
1496	0.239029745904773
1497	0.239140605691011
1498	0.239292990220644
1499	0.23941941571273
1500	0.239528861411007
1501	0.239632133876461
1502	0.239669384056031
1503	0.239765594447801
1504	0.239850965079844
1505	0.239931307188317
1506	0.240059040853822
1507	0.240132319029583
1508	0.240277028292442
1509	0.240350803152016
1510	0.240457512033155
1511	0.240531729297371
1512	0.240629226275918
1513	0.240685705850885
1514	0.240762533971257
1515	0.240890921730682
1516	0.240980878261881
1517	0.241101569580978
1518	0.241202189998689
1519	0.241273117280127
1520	0.241353536470399
1521	0.241448080699616
1522	0.24154039777117
1523	0.241602102930422
1524	0.241694917329611
1525	0.241833809982678
1526	0.241911552427577
1527	0.24199378480865
1528	0.242047333287167
1529	0.242083760690824
1530	0.242178080731077
1531	0.242241561729885
1532	0.242344317095826
1533	0.242411559612975
1534	0.242498976173254
1535	0.242607880075354
1536	0.242695832407711
1537	0.242770444708552
1538	0.242874905208186
1539	0.242937721898215
1540	0.243025753880741
1541	0.243109913977349
1542	0.243165312992363
1543	0.243223586913481
1544	0.243279346226745
1545	0.243295403322435
1546	0.243359582456476
1547	0.243442077811203
1548	0.243498554907147
1549	0.243538756252248
1550	0.243587378968761
1551	0.243639704057132
1552	0.243688634863363
1553	0.243806788737403
1554	0.243872648548817
1555	0.243928694679203
1556	0.244003268150473
1557	0.24406559368575
1558	0.244132339769461
1559	0.244189342413073
1560	0.244290696062133
1561	0.244348199476123
1562	0.244415869568523
1563	0.244496967026661
1564	0.244565120584838
1565	0.244599365910872
1566	0.244651023905572
1567	0.24474287581114
1568	0.244794932578224
1569	0.24482163868201
1570	0.244899521712969
1571	0.244981502558184
1572	0.245033613350923
1573	0.245082555762701
1574	0.245170040698134
1575	0.24520611038875
1576	0.245258997251649
1577	0.245321497524954
1578	0.245418690751512
1579	0.245496079565622
1580	0.245549876554114
1581	0.245655415664493
1582	0.245736477173604
1583	0.24573496327273
1584	0.245807689269632
1585	0.245867425909063
1586	0.245895503023477
1587	0.245916825415089
1588	0.245971594590275
1589	0.246005828318477
1590	0.246060992908101
1591	0.246153634521473
1592	0.246209311769365
1593	0.246256598914144
1594	0.246312704567356
1595	0.246367171790622
1596	0.246442231458081
1597	0.246481106936156
1598	0.246566210372893
1599	0.246643767952532
1600	0.246674594372535
1601	0.246741358406682
1602	0.246790668868971
1603	0.246801897228112
1604	0.246869786608292
1605	0.246920635964885
1606	0.246961031290352
1607	0.247031724234847
1608	0.247109812792758
1609	0.247135127429786
1610	0.247194790983142
1611	0.247211960935293
1612	0.247281344309599
1613	0.247366158488512
1614	0.247426811025769
1615	0.247533708090748
1616	0.247576170332454
1617	0.247561342928316
1618	0.24761346232147
1619	0.247705594431922
1620	0.247729455389791
1621	0.247816960307913
1622	0.247870051436573
1623	0.247912640996955
1624	0.247975715746094
1625	0.248044849719421
1626	0.248108473185203
1627	0.24819134150598
1628	0.248255558106281
1629	0.248284599497722
1630	0.248339587725239
1631	0.248412678083645
1632	0.248409440162932
1633	0.248412035434428
1634	0.248457956805942
1635	0.248550371604006
1636	0.248606613202995
1637	0.248685796253951
1638	0.248762343868366
1639	0.248742258233391
1640	0.248799217130028
1641	0.24886051268626
1642	0.248897878322257
1643	0.248992560708089
1644	0.249040472008489
1645	0.248977069547432
1646	0.249045508258101
1647	0.24908950221205
1648	0.249148391148529
1649	0.249305193604619
1650	0.249364869339588
1651	0.249396879309184
1652	0.249477560938385
1653	0.249491224185273
1654	0.249500264533817
1655	0.249643141967531
1656	0.249652555002499
1657	0.24966005335254
1658	0.249732100117384
1659	0.249813819595789
1660	0.249876252824771
1661	0.250017511116781
1662	0.250154949009866
1663	0.250225586497983
1664	0.250321921712128
1665	0.250364653516069
1666	0.250440537778083
1667	0.250545316585189
1668	0.250611276823758
1669	0.250697756005906
1670	0.25077518152718
1671	0.250783725320808
1672	0.250850703425435
1673	0.250981646765639
1674	0.251049407834607
1675	0.251179423490537
1676	0.251247978833875
1677	0.251406466410606
1678	0.251486973413329
1679	0.251569270206874
1680	0.251661703023054
1681	0.251749965519522
1682	0.251865730178048
1683	0.252063388249235
1684	0.252191876888391
1685	0.25226861430775
1686	0.252398325013658
1687	0.252515880838597
1688	0.252635511879507
1689	0.252797024888247
1690	0.252918023700335
1691	0.253000880047489
1692	0.253111502924875
1693	0.253231101793654
1694	0.253319640597991
1695	0.253427006045904
1696	0.253493081625506
1697	0.253563523243021
1698	0.253676639440084
1699	0.253872878079816
1700	0.25395180780137
1701	0.253978795147395
1702	0.254069475434565
1703	0.254052699128815
1704	0.254143922878461
1705	0.254264944338648
1706	0.254381983715213
1707	0.254477586206737
1708	0.2545374433419
1709	0.254632449472653
1710	0.254668972279116
1711	0.254764087208124
1712	0.254868406953724
1713	0.254890828084312
1714	0.254891625126924
1715	0.254929216274159
1716	0.254960404977098
1717	0.25496990240357
1718	0.254955314435337
1719	0.255021635640103
1720	0.254988770390462
1721	0.254974903067099
1722	0.254943215770861
1723	0.254808878942161
1724	0.254753805824762
1725	0.254663210958868
1726	0.254607688129538
1727	0.254607467008647
1728	0.254538030458752
1729	0.2545138807333
1730	0.254432555262909
1731	0.254288206363881
1732	0.254221659723611
1733	0.254166344861105
1734	0.254099517310563
1735	0.254085005509988
1736	0.254052974776373
1737	0.254023316702648
1738	0.253970369546663
1739	0.253886230883065
1740	0.253794110059429
1741	0.253760945935842
1742	0.253727319744628
1743	0.2537284693264
1744	0.253696285328299
1745	0.253641365553341
1746	0.253615321478646
1747	0.253563386207353
1748	0.253532083103007
1749	0.253540650353079
1750	0.253563365796406
1751	0.253506625978561
1752	0.253466450734406
1753	0.253435885710475
1754	0.253416332750784
1755	0.253366081460449
1756	0.253335383020191
1757	0.253257913032682
1758	0.253270695673996
1759	0.253294824937845
1760	0.253229980929503
1761	0.253163818841841
1762	0.253028524524784
1763	0.252856764329391
1764	0.252795254608513
1765	0.252809111033233
1766	0.252787419115747
1767	0.252728931881603
1768	0.252690420232033
1769	0.252618830981971
1770	0.252529819040075
1771	0.252543137455339
1772	0.252582351337053
1773	0.252517916019199
1774	0.252397109456866
1775	0.252328415971815
1776	0.25223515953162
1777	0.252209903826312
1778	0.252186471550454
1779	0.252179394173988
1780	0.252119732165978
1781	0.252077950206987
1782	0.252093758752671
1783	0.252135939892933
1784	0.252130880550128
1785	0.25213249013071
1786	0.252095051623612
1787	0.252076301400001
1788	0.252107664490827
1789	0.252124553151158
1790	0.252107448720741
1791	0.252113595110631
1792	0.252181422497658
1793	0.252174752331044
1794	0.252179654068593
1795	0.252172927599704
1796	0.252136254491334
1797	0.252175549477562
1798	0.252190168791862
1799	0.252308553151985
1800	0.252342107334272
1801	0.252313428257045
1802	0.252282794881803
1803	0.252291292666684
1804	0.252221229545678
1805	0.252269692178837
1806	0.252361325975871
1807	0.25233887069288
1808	0.252342779111541
1809	0.252340702869274
1810	0.252369974710341
1811	0.252285290010584
1812	0.252227894633461
1813	0.252309213987142
1814	0.252229367142488
1815	0.252290360482852
1816	0.252400984032218
1817	0.252437596599093
1818	0.252441147273423
1819	0.252584058045512
1820	0.252554101211561
1821	0.25261627380894
1822	0.252667772778246
1823	0.252546562365041
1824	0.252530677886974
1825	0.252491191932313
1826	0.252529169873364
1827	0.252594016967666
1828	0.252635753101595
1829	0.252606713213181
1830	0.252652462619362
1831	0.251506947128719
1832	0.251580224308364
1833	0.25160865764073
1834	0.251697523757506
1835	0.251734170773719
1836	0.251771206041968
1837	0.251793148137118
1838	0.251750143561968
1839	0.251762084297809
1840	0.251642421709932
1841	0.251548261665933
1842	0.251556887225606
1843	0.251562302942075
1844	0.251647648326824
1845	0.251597980782588
1846	0.251480371309123
1847	0.251482668717139
1848	0.251440378409063
1849	0.251421155568554
1850	0.251625148490518
1851	0.251898580716373
1852	0.251919685814645
1853	0.251919345863558
1854	0.251912770153148
1855	0.251716821293169
1856	0.251662228496713
1857	0.251675014689926
1858	0.251653581115649
1859	0.251541182927451
1860	0.251517000622335
1861	0.251425798153604
1862	0.251264526676359
1863	0.25118945444597
1864	0.251182152735492
1865	0.251123781667704
1866	0.251074281072204
1867	0.251056224656381
1868	0.251043918539657
1869	0.250983849523025
1870	0.250796455413809
1871	0.250598821410097
1872	0.250400293282664
1873	0.250120423707292
1874	0.249900691459245
1875	0.249662516292922
1876	0.249460873633941
1877	0.249299083874804
1878	0.249048527648425
1879	0.248803710089305
1880	0.248658361262464
1881	0.248283077384754
1882	0.247793661805759
1883	0.247312798700892
1884	0.246765144421777
1885	0.246201676379624
1886	0.245609006704321
1887	0.244973517240703
1888	0.244360073291327
1889	0.243688292834655
1890	0.243053804399899
1891	0.242424936961788
1892	0.241769767605073
1893	0.241068366368343
1894	0.240369538533363
1895	0.239745893802328
1896	0.239033646672953
1897	0.238227709201071
1898	0.237447802255686
1899	0.236730194057324
1900	0.23599143484644
1901	0.235323895724142
1902	0.234714407904439
1903	0.234111581512404
1904	0.233511232774023
1905	0.232913015800152
1906	0.232316212231291
1907	0.231837547934069
1908	0.231351673864813
1909	0.230862163639924
1910	0.230595165854651
1911	0.230446641230227
1912	0.230240538416022
1913	0.230123323836441
1914	0.229961601593401
1915	0.229678675263995
1916	0.229561188523706
1917	0.229646243540062
1918	0.229692589682557
1919	0.229789398444079
1920	0.230017430106405
1921	0.230120442885518
1922	0.230178092793779
1923	0.230235360082236
1924	0.230232977939359
1925	0.230280985234531
1926	0.230232127887941
1927	0.230293569127998
1928	0.23047221924347
1929	0.230807644775588
1930	0.230949496164796
1931	0.231164274792276
1932	0.231348266150647
1933	0.231403323450667
1934	0.23152847845825
1935	0.231726623800935
1936	0.231902793729089
1937	0.232054789382639
1938	0.232194508148433
1939	0.232356270565433
1940	0.232539229490793
1941	0.232669383400364
1942	0.232744790845024
1943	0.23288804921522
1944	0.233019302005457
1945	0.233146711942708
1946	0.233333325810701
1947	0.2334584301407
1948	0.233516598714756
1949	0.233601719504431
1950	0.233709260197467
1951	0.233797460315888
1952	0.233898102689198
1953	0.23404280210881
1954	0.234129765590268
1955	0.234109599725069
1956	0.234182977655643
1957	0.234200313730983
1958	0.234266821497703
1959	0.234368017532503
1960	0.234511859816106
1961	0.234591528342006
1962	0.234712380424395
1963	0.234791874975943
1964	0.234836749991167
1965	0.235000187763791
1966	0.235195264021823
1967	0.235361816603268
1968	0.235652488011153
1969	0.235793873049054
1970	0.235767825586133
1971	0.235802955270798
1972	0.235890700477015
1973	0.235895304341522
1974	0.236030496703649
1975	0.236308802830629
1976	0.236486690990552
1977	0.236666668909759
1978	0.23682457301883
1979	0.236909400904109
1980	0.237003273318745
1981	0.237129836988125
1982	0.237177220761421
1983	0.23727968536558
1984	0.237424027858178
1985	0.237599439097296
1986	0.237790460816489
1987	0.237993567248168
1988	0.238320742731625
1989	0.238551928048233
1990	0.23870585993442
1991	0.238886642214312
1992	0.239097226554977
1993	0.239357451339156
1994	0.239552862964971
1995	0.239781910024264
1996	0.239947729326104
1997	0.240006180691284
1998	0.240222460124279
1999	0.24052167555616
2000	0.240811113270326
2001	0.241207479030091
2002	0.241491112968078
2003	0.241639384775187
2004	0.24188290074338
2005	0.242234414708464
2006	0.242436050557688
2007	0.242678601736503
2008	0.243003562293834
2009	0.243269264965188
2010	0.243485321827398
2011	0.243678673686431
2012	0.243883951006289
2013	0.244099535803447
2014	0.244218156892788
2015	0.244342992724901
2016	0.244418423800691
2017	0.244594239909282
2018	0.244825452757708
2019	0.245076637589002
2020	0.245338315497904
2021	0.245714248596664
2022	0.245888017523403
2023	0.245862479248465
2024	0.246028974301623
2025	0.246069137146363
2026	0.246243596350016
2027	0.246557148760842
2028	0.246878223887824
2029	0.24694414479148
2030	0.247034720421187
2031	0.24720403424791
2032	0.247285541886942
2033	0.247463284708987
2034	0.247819867068598
2035	0.248051470189469
2036	0.248261472382183
2037	0.24841099955464
2038	0.248546323638769
2039	0.248681319825618
2040	0.248681046151718
2041	0.248624845858261
2042	0.248740035315556
2043	0.248853698642112
2044	0.248981904702571
2045	0.24921777649771
2046	0.249384786739173
2047	0.24950207679389
2048	0.249616175291278
2049	0.249760315883151
2050	0.249905473091559
2051	0.250025837653124
2052	0.250078826711061
2053	0.250139366045376
2054	0.250265538178689
2055	0.250349104734426
2056	0.250304449045476
2057	0.250383881131472
2058	0.250541908135392
2059	0.250666076034477
2060	0.250808400098581
2061	0.250948487261469
2062	0.251034275104859
2063	0.251081771340244
2064	0.250970720673871
2065	0.251031996927637
2066	0.251278649585157
2067	0.251550536536023
2068	0.25174330781783
2069	0.251953598446369
2070	0.25196068213559
2071	0.251791779900116
2072	0.251785696719431
2073	0.251856452335139
2074	0.251921009958706
2075	0.252019839435029
2076	0.252139850804459
2077	0.2522884115665
2078	0.25243283301142
2079	0.252630293555263
2080	0.252834606871352
2081	0.252796485767198
2082	0.252821578345854
2083	0.252845598633981
2084	0.252724944728616
2085	0.252720380448553
2086	0.252858658962046
2087	0.252933661453127
2088	0.252964401536629
2089	0.253055450607576
2090	0.253197129431907
2091	0.253272447205776
2092	0.253293417703208
2093	0.253315966036387
2094	0.253373651336782
2095	0.253488999432453
2096	0.253466075209891
2097	0.253408367548224
2098	0.253562500963552
2099	0.253542518633156
2100	0.253595303587682
2101	0.253696482768295
2102	0.25372591718132
2103	0.253573995687245
2104	0.25359557294635
2105	0.253763394272087
2106	0.253850974761531
2107	0.253851490780917
2108	0.253988591191646
2109	0.254154641113482
2110	0.254228977753462
2111	0.254239275269052
2112	0.254245677678748
2113	0.254393765100542
2114	0.254396071403377
2115	0.254370536064394
2116	0.254402774921421
2117	0.254435149693135
2118	0.254323760318184
2119	0.254289445020347
2120	0.254321043690645
2121	0.254369930761105
2122	0.254431370075468
2123	0.254443816837146
2124	0.254390606729055
2125	0.254331940244421
2126	0.25419958442547
2127	0.254020648476264
2128	0.25387954013914
2129	0.253747792540748
2130	0.253455570207947
2131	0.253120058898314
2132	0.252835525960963
2133	0.252482710028061
2134	0.252307064088734
2135	0.252208927499173
2136	0.252049379730454
2137	0.251861736415159
2138	0.25172619999886
2139	0.251560201652827
2140	0.251367948867397
2141	0.251192106064487
2142	0.250939858052524
2143	0.250691166523553
2144	0.250531254746817
2145	0.250455362247124
2146	0.250414538842949
2147	0.250267369590181
2148	0.250005893090574
2149	0.249805678598761
2150	0.249603419164477
2151	0.249419762623627
2152	0.249378546162749
2153	0.249229227078006
2154	0.24897728939382
2155	0.248780835049362
2156	0.24861151138058
2157	0.248280771768297
2158	0.248043542038439
2159	0.247755553940188
2160	0.247346120934862
2161	0.247146511790609
2162	0.246915758817015
2163	0.246539113143662
2164	0.246277470098907
2165	0.246107308848011
2166	0.245808794756425
2167	0.245484310915862
2168	0.245210320283484
2169	0.244943621965945
2170	0.24456956707364
2171	0.244059337790349
2172	0.243760760855749
2173	0.243592007357033
2174	0.2432964423172
2175	0.243001888383516
2176	0.24277950521435
2177	0.24237427474388
2178	0.241974160156204
2179	0.241820410590633
2180	0.241779440272439
2181	0.24150305864575
2182	0.241187522617149
2183	0.240927744295779
2184	0.240501342046913
2185	0.240226916072435
2186	0.240143519805244
2187	0.239881400980792
2188	0.239553213134912
2189	0.239238067150771
2190	0.238860233885815
2191	0.238533997058806
2192	0.238306748124551
2193	0.238068319476212
2194	0.237831083289646
2195	0.237522806635413
2196	0.237090853118522
2197	0.236593882048498
2198	0.236236593675852
2199	0.235919930999904
2200	0.235657860315941
2201	0.235315978867021
2202	0.234972797974525
2203	0.234545679557374
2204	0.23421862424845
2205	0.234010285733445
2206	0.23377298242925
2207	0.233556048578427
2208	0.233412998786744
2209	0.233224529659108
2210	0.233097756385297
2211	0.233175504676616
2212	0.233050681241407
2213	0.232873030431289
2214	0.23273894914547
2215	0.232955134615295
2216	0.233103778023087
2217	0.233012507362257
2218	0.233256178369148
2219	0.233327327625494
2220	0.233294539544715
2221	0.233641519288949
2222	0.233786266514806
2223	0.233947632876617
2224	0.234114878368073
2225	0.234204690629577
2226	0.234248955835857
2227	0.234368613951201
2228	0.234426014180127
2229	0.2346053061161
2230	0.234888785864065
2231	0.235215698603124
2232	0.235461950615829
2233	0.235907536387166
2234	0.236101951246164
2235	0.236194510658833
2236	0.23634123793273
2237	0.236286161211405
2238	0.236410203567259
2239	0.236728214674956
2240	0.236865205790528
2241	0.237047729124833
2242	0.237285465760407
2243	0.237494239540644
2244	0.237789900645752
2245	0.238154409454994
2246	0.238462943322095
2247	0.238819859013527
2248	0.239057024855922
2249	0.239128424882867
2250	0.239470369673108
2251	0.239870767905887
2252	0.240183415189278
2253	0.240686621722942
2254	0.241093522188964
2255	0.241486710686605
2256	0.241794741205976
2257	0.242158451446525
2258	0.242321129164522
2259	0.242646412916388
2260	0.242836397711228
2261	0.243081875929381
2262	0.243397048057174
2263	0.24359800352624
2264	0.243922076376278
2265	0.244307484851207
2266	0.244543042640366
2267	0.244570716486832
2268	0.244660821371677
2269	0.244631739352434
2270	0.244454069563663
2271	0.244436972329582
2272	0.244508308858143
2273	0.244407284434483
2274	0.244428202043031
2275	0.244315559042545
2276	0.244123762536385
2277	0.243862676755474
2278	0.243478385155644
2279	0.243176879235036
2280	0.242744408726553
2281	0.242403221428713
2282	0.242081469266028
2283	0.241778477400569
2284	0.241587607271983
2285	0.241149423823211
2286	0.240785652035501
2287	0.240706299449644
2288	0.240555153994232
2289	0.240266731714465
2290	0.240050333539403
2291	0.2397264061061
2292	0.239454856570276
2293	0.239108028994023
2294	0.238726106355688
2295	0.23834614865749
2296	0.238024121923871
2297	0.237639637018733
2298	0.237494830386829
2299	0.237663001090142
2300	0.237560145519784
2301	0.23726411721971
2302	0.237186955434701
2303	0.23708122813143
2304	0.236910497975135
2305	0.236797173423098
2306	0.23669407348326
2307	0.236484304795246
2308	0.236140701207774
2309	0.235906359645247
2310	0.235548998970711
2311	0.234946011824181
2312	0.234488528739091
2313	0.23415086866491
2314	0.233503062321891
2315	0.232912301004704
2316	0.232305252282703
2317	0.231517847673106
2318	0.230808460149612
2319	0.230338099964532
2320	0.230296010673715
2321	0.230051851769069
2322	0.229967195982362
2323	0.229917515767963
2324	0.229498403729517
2325	0.229225614446554
2326	0.228983407410173
2327	0.228674513167957
2328	0.228020985720682
2329	0.227830734271398
2330	0.227927302345124
2331	0.227865908627009
2332	0.228026700849971
2333	0.228056650828813
2334	0.227952095310638
2335	0.228022806617673
2336	0.228158045415107
2337	0.228567405228511
2338	0.22923065678133
2339	0.229724073560419
2340	0.230262544366864
2341	0.230614523611543
2342	0.230556988408531
2343	0.230822987296894
2344	0.231103401782487
2345	0.231389051644816
2346	0.231780221119146
2347	0.232001454963799
2348	0.231731565814446
2349	0.231937503111155
2350	0.232226312947075
2351	0.232051287522029
2352	0.232102297358058
2353	0.232192199566347
2354	0.231969569543717
2355	0.231685812966375
2356	0.231752249608576
2357	0.231623052677004
2358	0.231411809915767
2359	0.231012074442316
2360	0.230570681320695
2361	0.230212723284007
2362	0.22999606245092
2363	0.229814669100018
2364	0.229799748287101
2365	0.229678548752279
2366	0.229431336538483
2367	0.229266664848569
2368	0.228892808219779
2369	0.228202877374762
2370	0.22785226650912
2371	0.227485443850628
2372	0.227127857031409
2373	0.227089656156895
2374	0.226765295988736
2375	0.226485047580957
2376	0.225850987519336
2377	0.225019994211441
2378	0.224372747467453
2379	0.22339868021127
2380	0.222737059206698
2381	0.222403888687863
2382	0.221878775734227
2383	0.221145754443696
2384	0.220733344725372
2385	0.22056480014087
2386	0.22008592527375
2387	0.219700640395506
2388	0.219347763249622
2389	0.218780376045798
2390	0.218539454086441
2391	0.218912044631581
2392	0.218825194384288
2393	0.218546225865541
2394	0.218535283317318
2395	0.218235325789626
2396	0.218142937321576
2397	0.21843049814246
2398	0.218204873912205
2399	0.217407302445977
2400	0.216950321665595
2401	0.216785910675039
2402	0.216410801489672
2403	0.216371816348667
2404	0.216544361781893
2405	0.216397611761111
2406	0.216215262336856
2407	0.216128189336516
2408	0.216090942541998
2409	0.216005299084876
2410	0.215902954054697
2411	0.215700501118982
2412	0.215524106099355
2413	0.215388820484787
2414	0.214991479418149
2415	0.214762520441961
2416	0.214683850488023
2417	0.214649425125621
2418	0.214769957128662
2419	0.214598532389874
2420	0.214562649961222
2421	0.214428587489799
2422	0.213973413257665
2423	0.213998446281375
2424	0.214144404707505
2425	0.213928788829456
2426	0.213560736953211
2427	0.213338865675391
2428	0.21308947014388
2429	0.212882518411833
2430	0.212800690065379
2431	0.212763566986056
2432	0.212470622276004
2433	0.212529674229936
2434	0.212895722465202
2435	0.212858262880866
2436	0.212494574601587
2437	0.212374235838275
2438	0.212291287467047
2439	0.21210261448392
2440	0.211973219168949
2441	0.211928121930252
2442	0.211455656738627
2443	0.211345663867715
2444	0.211688250828586
2445	0.211899024406542
2446	0.212608192275458
2447	0.212434111882275
2448	0.211885290008961
2449	0.211368019835892
2450	0.210032162389317
2451	0.209630921396577
2452	0.209882217024932
2453	0.209747278987716
2454	0.209758339227309
2455	0.209663004881512
2456	0.209194946277407
2457	0.209070377957667
2458	0.209326537380283
2459	0.209176656409439
2460	0.208933890071505
2461	0.208566412009176
2462	0.207835490641925
2463	0.207380601040257
2464	0.206690257267885
2465	0.206469919218979
2466	0.206360976762403
2467	0.206335501871105
2468	0.206669835292486
2469	0.206346432666615
2470	0.205760840206033
2471	0.205066757445821
2472	0.204059355838479
2473	0.203521729067327
2474	0.203256974652645
2475	0.202942829641092
2476	0.203242282875968
2477	0.203031819205296
2478	0.202490577772616
2479	0.202379641327462
2480	0.202680573883366
2481	0.202230211386192
2482	0.201726856891971
2483	0.201342959731635
2484	0.200666378814047
2485	0.200167707218595
2486	0.200204337363122
2487	0.19999156158835
2488	0.199230602762863
2489	0.19912184494748
2490	0.200117759389933
2491	0.199987726871208
2492	0.200099707141174
2493	0.199929458548058
2494	0.198798181340309
2495	0.198265812461137
2496	0.197984205634523
2497	0.197596184888987
2498	0.197510344449879
2499	0.196890078330297
2500	0.196295159593125
