350	0.221366138217786
351	0.203954660184228
352	0.165191018930685
353	0.201082509128219
354	0.213523969852351
355	0.192767673648259
356	0.172288895135151
357	0.19448095907878
358	0.190926701243517
359	0.183540192964017
360	0.19196474727068
361	0.191200324412003
362	0.186371731462787
363	0.183675007536931
364	0.178447930859268
365	0.177067159422894
366	0.172131348004549
367	0.171751430274842
368	0.184752245073961
369	0.179943245703271
370	0.176817224857433
371	0.170411582035
372	0.175894414870714
373	0.181915982664452
374	0.182003747676219
375	0.177506499573905
376	0.178149433701773
377	0.170604973735603
378	0.16913042567893
379	0.17108087675694
380	0.175269119414031
381	0.174810378762421
382	0.169214555474968
383	0.169996210582685
384	0.176145488485412
385	0.171470170348643
386	0.171495882872168
387	0.17345534149551
388	0.168155706853249
389	0.167795850226568
390	0.168526471694346
391	0.167333882928943
392	0.167602153415193
393	0.169227910747766
394	0.16893434104244
395	0.165573444170313
396	0.165818841103444
397	0.168004819140407
398	0.169008803202843
399	0.167226584874761
400	0.160418241674575
401	0.159940254811672
402	0.164661700717607
403	0.165527810482774
404	0.162138768736877
405	0.161398031572966
406	0.162286568531352
407	0.162099244078409
408	0.159747140330495
409	0.158006655574043
410	0.159859367829071
411	0.161771935127741
412	0.160476883301757
413	0.157829305414908
414	0.157235901558225
415	0.157828988352035
416	0.157494309985292
417	0.157668200712438
418	0.155112479120161
419	0.155086632585793
420	0.156824746171137
421	0.157109585144761
422	0.156926414909291
423	0.154110437019178
424	0.153575356544002
425	0.154707403836819
426	0.155545597173337
427	0.156208792727072
428	0.154700866310419
429	0.154214044723037
430	0.155609667261961
431	0.15576398210649
432	0.156414619472739
433	0.15610023760534
434	0.155129988285609
435	0.155250619680819
436	0.155897648163086
437	0.155719426279665
438	0.156318994018969
439	0.156239320719787
440	0.156864179471788
441	0.157070780104208
442	0.15695906512046
443	0.157260556297484
444	0.15747836933289
445	0.157920953754286
446	0.158172568667653
447	0.158548328385067
448	0.158939596003402
449	0.15868535805932
450	0.158533978396019
451	0.159254584633118
452	0.160135513933181
453	0.159806478622232
454	0.159879091858754
455	0.160512619187828
456	0.160590916095649
457	0.160698209583347
458	0.160969297702824
459	0.161378408956217
460	0.160945607581916
461	0.161101475131215
462	0.161917174682293
463	0.162331615587919
464	0.162502940241831
465	0.162586583881944
466	0.162133971343631
467	0.162841897804031
468	0.163060325659358
469	0.163291464574984
470	0.163687576559989
471	0.164152900401395
472	0.164300750709331
473	0.164057916925222
474	0.164462203123414
475	0.164838705785639
476	0.16495971930111
477	0.165059851874672
478	0.165066809009258
479	0.165566902274355
480	0.165853572943371
481	0.165499973301812
482	0.165804299934108
483	0.166140708423452
484	0.166139868757683
485	0.166411695560584
486	0.166868947338221
487	0.166728762717416
488	0.167120648932096
489	0.167682856507349
490	0.167825738044347
491	0.168116016941298
492	0.168113627099215
493	0.168759079020469
494	0.169188778536662
495	0.169276178950577
496	0.169835352330671
497	0.17016177412875
498	0.170589816335673
499	0.17045082456544
500	0.170925470958336
501	0.171484079903356
502	0.171880617764098
503	0.172463151586174
504	0.173184446972798
505	0.17356207334181
506	0.173554985237093
507	0.174097103883924
508	0.174825037567146
509	0.175329434695555
510	0.175807249172332
511	0.176180101559966
512	0.176634759445449
513	0.177197253206409
514	0.177469434495713
515	0.177868846242977
516	0.178462306888834
517	0.178988873807614
518	0.179456476099248
519	0.179730805837661
520	0.180120137420347
521	0.180490240078646
522	0.181354651218509
523	0.181887296569191
524	0.182266402738245
525	0.182418588448495
526	0.183029542452931
527	0.183599374486351
528	0.184059189568805
529	0.184565033325924
530	0.184878665042416
531	0.185160021754755
532	0.185594436901009
533	0.186036057525454
534	0.186586208098138
535	0.187139442785077
536	0.187478978051842
537	0.187892595533312
538	0.188145904293133
539	0.18865429316107
540	0.189047990072279
541	0.189462470615784
542	0.189787771323702
543	0.190095917337063
544	0.190572735243581
545	0.191086986582925
546	0.191417023388687
547	0.191801614116976
548	0.192223438964506
549	0.192571367985805
550	0.192935040880565
551	0.193383581927917
552	0.193693526810308
553	0.194137338554282
554	0.194565116744816
555	0.195059013699872
556	0.195466480481743
557	0.195854074010525
558	0.196379705692792
559	0.196768070453879
560	0.197214437135063
561	0.197719396429808
562	0.198191960776572
563	0.19853570961323
564	0.198908636355321
565	0.199391423990755
566	0.199918660195598
567	0.200397777293386
568	0.200801056110781
569	0.201345338126004
570	0.201747645362433
571	0.202204454263311
572	0.202670147927403
573	0.203053552474437
574	0.203376338419504
575	0.203675158585934
576	0.204048036591072
577	0.204545123007734
578	0.204876647114007
579	0.205324634212674
580	0.205708692258701
581	0.206013316198221
582	0.206340304578093
583	0.206793477338273
584	0.207132357158478
585	0.207416111805415
586	0.207721478151959
587	0.208032043740765
588	0.208409466654985
589	0.208705944498429
590	0.208995409646656
591	0.209343430253821
592	0.209511068206395
593	0.209655055777598
594	0.209922622406253
595	0.210219611813382
596	0.210438224343871
597	0.210655323611002
598	0.210956995883332
599	0.211166923259979
600	0.211333441329004
601	0.211540783709719
602	0.21169134336564
603	0.211942207495355
604	0.212108762926526
605	0.21229886634437
606	0.212427019448489
607	0.2126356704546
608	0.212789006664748
609	0.212901222150353
610	0.213066377117184
611	0.213203124962923
612	0.213304501095664
613	0.213434299912516
614	0.21361153001556
615	0.213664779539085
616	0.213804054675094
617	0.213940196122019
618	0.214036660375342
619	0.21421263919798
620	0.214341416525649
621	0.214467870589718
622	0.21461355503842
623	0.214802937318964
624	0.214937839247945
625	0.215094539697171
626	0.215189649485968
627	0.215260512053892
628	0.215408053725075
629	0.215611589657334
630	0.215750591190369
631	0.215840958878952
632	0.21595386028997
633	0.216125731060409
634	0.21632244353976
635	0.216463123666552
636	0.216575106732871
637	0.216695789472273
638	0.216901230685125
639	0.216930243429676
640	0.216974020749645
641	0.217106682921996
642	0.217307408786481
643	0.21738238267293
644	0.217424787022831
645	0.217507998071121
646	0.217600986564639
647	0.217844435009061
648	0.217997188745835
649	0.217991339527221
650	0.218018906761385
651	0.218178108408975
652	0.218289451391612
653	0.218321667956139
654	0.218447793075502
655	0.218459236572788
656	0.218497543101468
657	0.218628788737106
658	0.2186781164853
659	0.218673318794855
660	0.2187301490975
661	0.218778995572351
662	0.218853090695009
663	0.218968901255412
664	0.218956891283855
665	0.219021983618808
666	0.219139742595467
667	0.219183771590019
668	0.219230952726402
669	0.219339468977079
670	0.219497987795014
671	0.219627095402366
672	0.21978283050822
673	0.219913117562355
674	0.219996973590893
675	0.220110076850488
676	0.220241446510762
677	0.220293365902909
678	0.220504466009115
679	0.220728961436238
680	0.220921609524108
681	0.221040940629411
682	0.221139201092986
683	0.221314904215993
684	0.221471481779489
685	0.221610617956693
686	0.221754522413111
687	0.221870929068441
688	0.222028880203912
689	0.222153352629143
690	0.222255889663598
691	0.222475873741173
692	0.222595389688896
693	0.222747811428939
694	0.223115327143144
695	0.223554623499521
696	0.224260095067952
697	0.224707911455749
698	0.224592612067822
699	0.224121431523903
700	0.223980157817992
701	0.224039061637974
702	0.224166473298974
703	0.224288765996333
704	0.224425196637267
705	0.224642878186499
706	0.224787495810647
707	0.224943182397437
708	0.225117778008658
709	0.225272549451297
710	0.225361954117109
711	0.225488762729068
712	0.225644010778271
713	0.22579349891193
714	0.225984147335487
715	0.226147659852833
716	0.226313044514041
717	0.226437138143551
718	0.226507425290124
719	0.226631864823909
720	0.226779925280584
721	0.226851258128513
722	0.226976406173927
723	0.227104416522915
724	0.227188291166686
725	0.227313605077231
726	0.227492396127127
727	0.227603563985432
728	0.227658485819602
729	0.227737207539101
730	0.227844625980151
731	0.227944242855064
732	0.228017983425715
733	0.228151173910462
734	0.228212955767779
735	0.228296552893402
736	0.228374998567448
737	0.228494126622164
738	0.228590629176432
739	0.228650706540523
740	0.228808747798427
741	0.22887098643406
742	0.228937269497812
743	0.228977056060995
744	0.229068916728106
745	0.229119269217372
746	0.229220687639873
747	0.229245003870555
748	0.229281304210853
749	0.229343625134697
750	0.229422246381644
751	0.229518059986386
752	0.229564378210485
753	0.229576549161801
754	0.229670061283767
755	0.229719606326126
756	0.22979750088841
757	0.22986354176822
758	0.229853891911971
759	0.229937048188442
760	0.22999149588015
761	0.230024023304527
762	0.230063424054519
763	0.230122862163681
764	0.23017112601152
765	0.230196018233339
766	0.230248028212613
767	0.230304860285313
768	0.230408900350416
769	0.230479586236593
770	0.230562100448737
771	0.230633093287143
772	0.230688240201548
773	0.230720997396704
774	0.230726105223161
775	0.230777223255372
776	0.230865967613138
777	0.230896498341359
778	0.230932154148475
779	0.230946157880148
780	0.230974663219916
781	0.231009994392389
782	0.231075386976947
783	0.231166192005058
784	0.23116359799859
785	0.231197200171232
786	0.231244283066402
787	0.231267205705131
788	0.231284501001738
789	0.231287839431996
790	0.231330808593564
791	0.231375401565375
792	0.231423493666988
793	0.23145208326403
794	0.231461163353122
795	0.231479561500717
796	0.2314841880751
797	0.231472687905336
798	0.231501765965757
799	0.231519551133684
800	0.231557408599118
801	0.231595343548855
802	0.231580161930064
803	0.231565384082147
804	0.231549374958522
805	0.231570279797602
806	0.231593794599039
807	0.2316220177586
808	0.231632540228235
809	0.231638048510286
810	0.231652159093663
811	0.231631190540191
812	0.231585383024787
813	0.231559120497797
814	0.231590824534565
815	0.231620345121467
816	0.231568341460211
817	0.23153859244294
818	0.231574192521891
819	0.231556316628133
820	0.231486772406649
821	0.231467633050257
822	0.231474388408169
823	0.231453012461889
824	0.231410871693122
825	0.231424709568692
826	0.231369675005566
827	0.23135696051776
828	0.231363358260147
829	0.231286566616282
830	0.231271964110907
831	0.231270312433436
832	0.231302107318018
833	0.23123323036885
834	0.231151543290752
835	0.231162343667527
836	0.231070387141498
837	0.231002594286299
838	0.230939911242046
839	0.230857317211337
840	0.230843024325233
841	0.230774915227671
842	0.230762300972712
843	0.230744710052688
844	0.230696309328883
845	0.230625991089618
846	0.230606599872437
847	0.230565646694898
848	0.230506936555501
849	0.230416766602628
850	0.230391170563174
851	0.2303582150958
852	0.230312249998364
853	0.230237449752645
854	0.230126211864546
855	0.230059216299956
856	0.230059887474445
857	0.230055204418023
858	0.230023164607498
859	0.229955189408641
860	0.229887337922991
861	0.229825741384824
862	0.229753705115168
863	0.229665656563874
864	0.229610558149042
865	0.22957262882894
866	0.229553231098174
867	0.229444097450863
868	0.229365460729733
869	0.229288877821129
870	0.229206975122836
871	0.229189098950404
872	0.229161254829689
873	0.229099492152203
874	0.229058211068888
875	0.228966084782525
876	0.228898196135752
877	0.228752549102349
878	0.228678639710566
879	0.228668987694556
880	0.228583416924198
881	0.228525717812762
882	0.228482241134859
883	0.228368954498779
884	0.228246338575567
885	0.228228046312052
886	0.228189989139662
887	0.228143835137749
888	0.228172601858747
889	0.228070707794971
890	0.227989246237701
891	0.227935622601501
892	0.227853212543985
893	0.227769886857909
894	0.227670171062765
895	0.227646179122277
896	0.227607055062867
897	0.227529784292039
898	0.227411774676341
899	0.227322959794447
900	0.227303553821638
901	0.227166583248928
902	0.227096739430272
903	0.227131307374171
904	0.227022643342016
905	0.226893630566236
906	0.226840044967666
907	0.226870696701973
908	0.226820226859233
909	0.226694457074892
910	0.226561028625708
911	0.226573238977235
912	0.226543809582999
913	0.226535787829562
914	0.226436358594238
915	0.226399156029599
916	0.226386954464577
917	0.226311840957125
918	0.226354631759226
919	0.226231245162279
920	0.226192658007383
921	0.226140098835969
922	0.226016721521889
923	0.225899886132345
924	0.225914561113805
925	0.225933399541973
926	0.225851544889004
927	0.225754327575656
928	0.225671217189883
929	0.225748925295617
930	0.225797072840716
931	0.225804513444808
932	0.225637785265453
933	0.225628237217162
934	0.225571215871084
935	0.225557451723636
936	0.225542679992033
937	0.225562766001439
938	0.22545692655935
939	0.225352910990641
940	0.225316195583282
941	0.225208464911846
942	0.225176876537051
943	0.225046524794954
944	0.225044059407902
945	0.225038441681793
946	0.22507306059935
947	0.225182895946339
948	0.224948864873137
949	0.224861003362378
950	0.224930453277515
951	0.224992451311971
952	0.224933216392875
953	0.224924338561748
954	0.224875687039726
955	0.224821120154212
956	0.224701009463443
957	0.224740824529266
958	0.224662744688812
959	0.224650606851398
960	0.224723126709438
961	0.224764092693445
962	0.224702968725525
963	0.224578682734393
964	0.224581961736149
965	0.224867611090483
966	0.224688673032088
967	0.224469324366911
968	0.224489719899987
969	0.224414677944239
970	0.224636820595779
971	0.224727749734919
972	0.224632248566425
973	0.224692110051571
974	0.224692478442141
975	0.224712690555887
976	0.22468953331863
977	0.224697182683145
978	0.224630362731856
979	0.224696696780392
980	0.224729542755512
981	0.224733434859123
982	0.224695098035305
983	0.224615390506147
984	0.224572271741036
985	0.224348616801649
986	0.224627428039259
987	0.224606206148881
988	0.224615619387403
989	0.224598687194303
990	0.224646515199197
991	0.224682615337521
992	0.224864583625305
993	0.224717477254816
994	0.224648773134434
995	0.224614446578119
996	0.224659987599753
997	0.224677957496088
998	0.224642191422703
999	0.224386509252922
1000	0.224646840046539
1001	0.226673474695066
1002	0.226867915186935
1003	0.226862655782148
1004	0.226784911131322
1005	0.226713282530593
1006	0.226644262987795
1007	0.226546158317654
1008	0.226635946130228
1009	0.226567078330251
1010	0.226648010017237
1011	0.226579919504457
1012	0.22649592250574
1013	0.226549905035325
1014	0.226498245807444
1015	0.226470905691429
1016	0.226524061678853
1017	0.226548830271142
1018	0.226600892567071
1019	0.226541023367369
1020	0.226592512911201
1021	0.226506348098504
1022	0.226531610710663
1023	0.22638966242639
1024	0.226277198066081
1025	0.226253324253689
1026	0.226229106017993
1027	0.226341620697541
1028	0.226377321112181
1029	0.226412584818445
1030	0.226489358904983
1031	0.226499081184513
1032	0.226244372795062
1033	0.22625546448059
1034	0.226211194257552
1035	0.226198536104268
1036	0.226232987289002
1037	0.226220349958644
1038	0.226028893335936
1039	0.225994405481593
1040	0.226175563187961
1041	0.226163566130162
1042	0.226076599586263
1043	0.226071856397727
1044	0.226060667460915
1045	0.225966712120106
1046	0.225902189884238
1047	0.22594393786142
1048	0.225902282168866
1049	0.225756637910524
1050	0.225856576192424
1051	0.225892385907947
1052	0.225916625983741
1053	0.226026628646446
1054	0.226049972425704
1055	0.22580260245614
1056	0.225667977638694
1057	0.225857924580666
1058	0.225797614574008
1059	0.225709893138131
1060	0.225697679868424
1061	0.225659865151291
1062	0.225557750802298
1063	0.225550294235981
1064	0.22571882783442
1065	0.22578866683566
1066	0.22565568850663
1067	0.225645160481622
1068	0.22574698812573
1069	0.225685333564629
1070	0.225637778471435
1071	0.22563863948924
1072	0.225640727703161
1073	0.225591541313924
1074	0.225703951067968
1075	0.225750950222579
1076	0.225721977159015
1077	0.225628336711462
1078	0.225616744597108
1079	0.225671014281263
1080	0.225692904573999
1081	0.225699905143543
1082	0.22572876795098
1083	0.225692602763876
1084	0.22572667530002
1085	0.225670485504559
1086	0.225672536349929
1087	0.225569455291782
1088	0.225546291236935
1089	0.225520966057257
1090	0.225528487271341
1091	0.225513808992269
1092	0.225548033748282
1093	0.225607595257123
1094	0.225644813956132
1095	0.225648375988292
1096	0.225696937896491
1097	0.225700029986041
1098	0.225691436330387
1099	0.225736926889337
1100	0.225790774139421
1101	0.225773367060402
1102	0.2256860355695
1103	0.225656419676991
1104	0.22575403323672
1105	0.225767029037392
1106	0.225758395969758
1107	0.22579039403314
1108	0.22577738534789
1109	0.225777899238294
1110	0.225844947952107
1111	0.225897665143907
1112	0.225901064626309
1113	0.22593763922715
1114	0.225985323199295
1115	0.225927824987256
1116	0.225977357198258
1117	0.225995162672928
1118	0.225945691688277
1119	0.22599283711101
1120	0.225987148072929
1121	0.225996335394203
1122	0.226059980173624
1123	0.226099192528833
1124	0.226067609962942
1125	0.226122012420181
1126	0.226174464620679
1127	0.226161192119531
1128	0.22615196065873
1129	0.226230554762888
1130	0.226227772032789
1131	0.226297165135831
1132	0.226341707043799
1133	0.226332526296021
1134	0.226318618031775
1135	0.226353076821997
1136	0.226353582189559
1137	0.226439286054867
1138	0.226574953489551
1139	0.226625805589838
1140	0.226650480979975
1141	0.226650038570378
1142	0.226669548845745
1143	0.226689703045844
1144	0.226632523847998
1145	0.226669085522023
1146	0.226707498977069
1147	0.226740513049839
1148	0.226792453405052
1149	0.226886486236021
1150	0.226869706385416
1151	0.226986400188586
1152	0.22700150815556
1153	0.227022273877915
1154	0.227007713515305
1155	0.227017957755217
1156	0.2270602067894
1157	0.227105699487351
1158	0.227181444305002
1159	0.22725629023375
1160	0.227326063073238
1161	0.227381489883489
1162	0.227445683845656
1163	0.227566254303426
1164	0.227615544163381
1165	0.227640512756473
1166	0.227691969392469
1167	0.227753492257118
1168	0.227799332085668
1169	0.227856251775826
1170	0.227951083351338
1171	0.228008122940198
1172	0.228044479837364
1173	0.228157596967767
1174	0.228166052792747
1175	0.228259730669634
1176	0.228376545050578
1177	0.228471069772217
1178	0.2285649343631
1179	0.228632250136535
1180	0.228671555091984
1181	0.228693556845621
1182	0.228801498040457
1183	0.228838171079836
1184	0.228956275436812
1185	0.229064835463741
1186	0.229108159122307
1187	0.229228514374112
1188	0.229312543459966
1189	0.22933395598209
1190	0.229341244396141
1191	0.229432962535261
1192	0.229472494024589
1193	0.229574254866585
1194	0.229619275409338
1195	0.229656303516923
1196	0.229688671012642
1197	0.229769973145136
1198	0.229829402441857
1199	0.229949498789191
1200	0.230035775311058
1201	0.23011033384971
1202	0.230145388381026
1203	0.230220592292974
1204	0.230248774648594
1205	0.230274443098514
1206	0.230332064166501
1207	0.230374473743541
1208	0.230438819884553
1209	0.230514451075391
1210	0.230594433038265
1211	0.230648733885867
1212	0.230789201782983
1213	0.230870322456747
1214	0.230965415633878
1215	0.231055324965335
1216	0.231089260398222
1217	0.231158029089722
1218	0.231232077697359
1219	0.231318703251376
1220	0.231426715675824
1221	0.231510235173189
1222	0.231552901346598
1223	0.231641550059134
1224	0.231752434108094
1225	0.231878383953569
1226	0.231931861448
1227	0.231971880454237
1228	0.232043321433227
1229	0.232077021249785
1230	0.232166440615854
1231	0.232359611870867
1232	0.232467027048989
1233	0.23256077569868
1234	0.232677200537464
1235	0.232801188926147
1236	0.232887847744718
1237	0.232956185138173
1238	0.23301308373211
1239	0.233088548550022
1240	0.23319334469591
1241	0.233301075101638
1242	0.233418891875279
1243	0.233518646653293
1244	0.233623923521601
1245	0.233717277160988
1246	0.233762042497102
1247	0.233882746059016
1248	0.234014923004134
1249	0.234105994821746
1250	0.234230438461564
1251	0.23433992777006
1252	0.234430051306652
1253	0.234519039812334
1254	0.234677465140249
1255	0.234803354439854
1256	0.234889140978517
1257	0.234985444182129
1258	0.235060375673063
1259	0.235184599632665
1260	0.235283926319145
1261	0.23542704079298
1262	0.235579314260647
1263	0.235702191838956
1264	0.235850002302384
1265	0.23593697441063
1266	0.23604908912852
1267	0.236134406460051
1268	0.236235497680888
1269	0.236326675375383
1270	0.236465769701444
1271	0.236626138084879
1272	0.236743016781912
1273	0.236789224596198
1274	0.236912053167894
1275	0.237036817881481
1276	0.23711645494145
1277	0.237267247175481
1278	0.237384076625826
1279	0.23751901917338
1280	0.237642791891689
1281	0.23774630412173
1282	0.23787732622944
1283	0.238029610032273
1284	0.238148894210781
1285	0.238264994940492
1286	0.23840587510993
1287	0.238526084892614
1288	0.23858042060638
1289	0.23869037219997
1290	0.238849966593927
1291	0.238992329191614
1292	0.239139716084961
1293	0.239253951940684
1294	0.239366150080644
1295	0.239485943290136
1296	0.239656944235185
1297	0.239782355538813
1298	0.239922913157989
1299	0.240043183878428
1300	0.240097972404995
1301	0.240203641248612
1302	0.240411032346254
1303	0.240503535909004
1304	0.240645249121976
1305	0.240767977617026
1306	0.240806764785112
1307	0.24090431183305
1308	0.241050155738712
1309	0.241223791618484
1310	0.241332120843201
1311	0.241485899389883
1312	0.24164364876708
1313	0.241758160165433
1314	0.241899312284396
1315	0.242076510663621
1316	0.242200438520163
1317	0.242295345669009
1318	0.242390173685931
1319	0.242484651731331
1320	0.24260259544072
1321	0.242702817692375
1322	0.242832800791889
1323	0.242960182823938
1324	0.243080988409695
1325	0.243202642649842
1326	0.243324219043385
1327	0.243469813048
1328	0.24355953639752
1329	0.243701283619504
1330	0.243800547922089
1331	0.243886285103908
1332	0.243986127425076
1333	0.244095376378613
1334	0.244203251795844
1335	0.24429989116655
1336	0.24441492417509
1337	0.244511487592901
1338	0.244620606575527
1339	0.244725427657899
1340	0.244864489122634
1341	0.244986847464025
1342	0.245149278741782
1343	0.245277554000056
1344	0.245324690527875
1345	0.245440192236602
1346	0.245547051432508
1347	0.245650545321726
1348	0.245783036308883
1349	0.245910819907499
1350	0.245983400693546
1351	0.246099321620854
1352	0.246249511090647
1353	0.246369961531555
1354	0.24643578141992
1355	0.246544538541556
1356	0.246681411613795
1357	0.246787579356095
1358	0.246902470489461
1359	0.247010157319023
1360	0.247070097418597
1361	0.247103452204109
1362	0.247145448734957
1363	0.247182779347959
1364	0.247152519712457
1365	0.247113227810417
1366	0.247044241846385
1367	0.246910056103609
1368	0.246748483877535
1369	0.246529122803092
1370	0.246346564476765
1371	0.246157050560562
1372	0.245930144855206
1373	0.245706536192048
1374	0.245526969907007
1375	0.245327846287996
1376	0.245163782261776
1377	0.245061146010265
1378	0.24494135930906
1379	0.244888022374037
1380	0.244775487125856
1381	0.244671928537859
1382	0.244515784600906
1383	0.244326181613017
1384	0.244120032324398
1385	0.243814361856025
1386	0.243506836995724
1387	0.24318085818257
1388	0.242803898101264
1389	0.24242520246446
1390	0.24204489337134
1391	0.241684149383768
1392	0.241357217967071
1393	0.241086348470892
1394	0.240895736042329
1395	0.240761859692781
1396	0.240683149844248
1397	0.240698680540934
1398	0.240781998305739
1399	0.240860842229418
1400	0.241002048746137
1401	0.241122197926966
1402	0.241266952691255
1403	0.241392756357234
1404	0.241540504816345
1405	0.241658199986863
1406	0.241695682739969
1407	0.241798434712786
1408	0.241906879909469
1409	0.24199473121516
1410	0.24213316111518
1411	0.242248692671955
1412	0.242337661887043
1413	0.242473981965784
1414	0.242589807524765
1415	0.242753938308784
1416	0.242928113971913
1417	0.243120188826757
1418	0.243353684107243
1419	0.243566895258856
1420	0.243807159764905
1421	0.244045679604793
1422	0.24428734471832
1423	0.2445113603336
1424	0.244782704810013
1425	0.24503962236259
1426	0.245279229926647
1427	0.245529676879718
1428	0.245715913246505
1429	0.245896555055081
1430	0.246074313923759
1431	0.246299378349894
1432	0.246527823993622
1433	0.246738498322532
1434	0.246974709430455
1435	0.247181283443981
1436	0.247396368338409
1437	0.247610046922227
1438	0.24780396038886
1439	0.248014096504483
1440	0.248223060508948
1441	0.248410410238259
1442	0.248576335499457
1443	0.248756533851982
1444	0.248930341696039
1445	0.249105566574647
1446	0.249294590508121
1447	0.249472833427359
1448	0.249684535425016
1449	0.249870075402637
1450	0.250068002624506
1451	0.250209981521397
1452	0.250386706821597
1453	0.250575511821041
1454	0.250767867421783
1455	0.250924543888607
1456	0.251103096116432
1457	0.25123872100517
1458	0.251418159855463
1459	0.251576529267297
1460	0.251757366074434
1461	0.251919308450454
1462	0.252076364992031
1463	0.25221983641416
1464	0.252348157552352
1465	0.252468386779083
1466	0.252609104442071
1467	0.252755409164105
1468	0.252935223787764
1469	0.253104249816128
1470	0.253256136683975
1471	0.253395852671142
1472	0.253526589706821
1473	0.253689541954613
1474	0.253840392635822
1475	0.254011831767507
1476	0.254195599247299
1477	0.254352479416461
1478	0.254507044577905
1479	0.254672436969755
1480	0.254836805172875
1481	0.255010796986854
1482	0.255208794211897
1483	0.255391541554559
1484	0.255573949734433
1485	0.255757671138673
1486	0.255909238218097
1487	0.256055245801656
1488	0.256207443899239
1489	0.256385045812135
1490	0.256515873413519
1491	0.256686403620905
1492	0.256834786575752
1493	0.256982254274772
1494	0.257136990365235
1495	0.257285154234984
1496	0.257440484052213
1497	0.257605398863573
1498	0.257759156947089
1499	0.2579097912192
1500	0.258093615924024
1501	0.25825316955392
1502	0.258395843204024
1503	0.258516733224656
1504	0.258688645878701
1505	0.258826531599892
1506	0.258989253075352
1507	0.259151315441224
1508	0.259264363815763
1509	0.259427243060221
1510	0.259538033247673
1511	0.25966999778633
1512	0.259809458023571
1513	0.259928091302699
1514	0.260087474605356
1515	0.260192018060794
1516	0.260379223437158
1517	0.260528112849993
1518	0.260666950163668
1519	0.260811010753529
1520	0.260904227664755
1521	0.261020384348341
1522	0.261173300287159
1523	0.261333052576223
1524	0.261486875978354
1525	0.26163042835864
1526	0.261735758400693
1527	0.261846389357165
1528	0.261960824065523
1529	0.262076336033141
1530	0.262199979946939
1531	0.262287037717693
1532	0.262419938332986
1533	0.262555455592266
1534	0.262704721322205
1535	0.262822012906329
1536	0.262972094133578
1537	0.263108630792837
1538	0.26321096598213
1539	0.263289023846226
1540	0.263409372550943
1541	0.26347463091246
1542	0.263595658329205
1543	0.263736968274061
1544	0.263858805192974
1545	0.263988635911429
1546	0.264086682580406
1547	0.264252204969226
1548	0.264375671122983
1549	0.264433165444172
1550	0.264548420670487
1551	0.264609491332167
1552	0.264691656478592
1553	0.264790941576852
1554	0.264891590738011
1555	0.265012042813803
1556	0.265122407434068
1557	0.265230771008989
1558	0.265332848577148
1559	0.26540461984142
1560	0.265473145114177
1561	0.265652998236066
1562	0.265756472168088
1563	0.265852458531269
1564	0.265956624478189
1565	0.266057589124222
1566	0.266144068673839
1567	0.266247163876522
1568	0.266368865706923
1569	0.266434945287035
1570	0.266515631633802
1571	0.266648054642238
1572	0.266738706224047
1573	0.266809137584703
1574	0.26690040501231
1575	0.267012064555698
1576	0.267104018319685
1577	0.267197147715532
1578	0.267334446816708
1579	0.267409084590387
1580	0.26746704164525
1581	0.267549428943486
1582	0.267669363425957
1583	0.267773443972391
1584	0.267849016475416
1585	0.267983802469439
1586	0.268088770134828
1587	0.268149827996006
1588	0.268248501367901
1589	0.268352693020275
1590	0.268416115336981
1591	0.268512136234813
1592	0.268612317558782
1593	0.268687966913657
1594	0.268752565020315
1595	0.268855813702102
1596	0.26893787413795
1597	0.26906095483445
1598	0.26915078178009
1599	0.269224922014196
1600	0.269332323674034
1601	0.269410049139984
1602	0.269464280607847
1603	0.269603226607095
1604	0.269715013244831
1605	0.269787719234309
1606	0.269873162054157
1607	0.269975312284221
1608	0.270061461277194
1609	0.270152365995034
1610	0.270259460749759
1611	0.270366394254954
1612	0.27044694027075
1613	0.270521920748011
1614	0.270592910415569
1615	0.270659199420967
1616	0.270748159042378
1617	0.270833461710732
1618	0.270933448933335
1619	0.271025760785412
1620	0.271098682188003
1621	0.271216781413621
1622	0.271279997821266
1623	0.271370503300463
1624	0.27148334454242
1625	0.271519676222931
1626	0.271633313024395
1627	0.271771104124695
1628	0.271846871646236
1629	0.271935670834395
1630	0.272040559747408
1631	0.27211899705432
1632	0.272203344950843
1633	0.272239161892812
1634	0.272295436219915
1635	0.27234375242138
1636	0.27241126206226
1637	0.272536992265509
1638	0.27262687794319
1639	0.272706920054951
1640	0.272779443317584
1641	0.272849470453431
1642	0.272944564711191
1643	0.273007232106049
1644	0.273073883714395
1645	0.273059352261772
1646	0.273144837580358
1647	0.273188465608742
1648	0.273263539330973
1649	0.273433012331146
1650	0.273549899108106
1651	0.273639573522291
1652	0.273697846266383
1653	0.273777049816957
1654	0.273888540665996
1655	0.273980184748861
1656	0.274055251556663
1657	0.274135033222382
1658	0.274237876506043
1659	0.274329147324421
1660	0.274467788690284
1661	0.274571553797813
1662	0.274700217940003
1663	0.274743984063329
1664	0.274869734342853
1665	0.274942254691023
1666	0.275045795297962
1667	0.275170656719576
1668	0.27525927032139
1669	0.275343240038424
1670	0.275483520189926
1671	0.27561681956154
1672	0.275698605651305
1673	0.275798042581259
1674	0.275880642295458
1675	0.276003378116615
1676	0.27608686139906
1677	0.276270313491854
1678	0.276367011790723
1679	0.276484256839776
1680	0.276594187353271
1681	0.276729825539618
1682	0.276821063641113
1683	0.276958487671093
1684	0.27710795205044
1685	0.277264310181001
1686	0.277415374176301
1687	0.277557371436836
1688	0.277697457303599
1689	0.277812897280148
1690	0.277908940314901
1691	0.277988950406071
1692	0.278118961357777
1693	0.278245559530756
1694	0.278397287934165
1695	0.27860262664516
1696	0.278684131886993
1697	0.278787255816685
1698	0.278915995694935
1699	0.27901526720954
1700	0.279152783088685
1701	0.27931541997007
1702	0.279461848236342
1703	0.279504656516783
1704	0.279605105798154
1705	0.279705369177351
1706	0.279807030302136
1707	0.279895650643302
1708	0.280023267871018
1709	0.280121313749564
1710	0.280228041867107
1711	0.280315834656879
1712	0.280410423754549
1713	0.280413308992748
1714	0.280452311716677
1715	0.280502495178328
1716	0.280549125238992
1717	0.280655311304579
1718	0.280699724617908
1719	0.280700485105106
1720	0.280705335408608
1721	0.280632103303974
1722	0.280570538970272
1723	0.280571951194067
1724	0.280550598965031
1725	0.280545039931468
1726	0.280505656714928
1727	0.280433605487678
1728	0.280342279039559
1729	0.280288654070745
1730	0.280219112493488
1731	0.280188423436564
1732	0.280139866235134
1733	0.280063665848256
1734	0.280034373712206
1735	0.279963764825356
1736	0.279927349568573
1737	0.279919576838042
1738	0.279867400881627
1739	0.279775183241596
1740	0.279789555519356
1741	0.27975939834874
1742	0.279732635267686
1743	0.27967743397575
1744	0.27970235127006
1745	0.279761114670348
1746	0.279770993640668
1747	0.279779725779251
1748	0.27969088676672
1749	0.279625977242726
1750	0.279549499676125
1751	0.279556776194162
1752	0.279596885164483
1753	0.279633777868513
1754	0.279607365895622
1755	0.279543634531067
1756	0.279457428387769
1757	0.279371807378332
1758	0.279403367224242
1759	0.279337277203479
1760	0.279267407473929
1761	0.279219023121716
1762	0.279149222652633
1763	0.279136736157512
1764	0.279130650429653
1765	0.279115155636944
1766	0.279111225646906
1767	0.279060243847168
1768	0.279032505094858
1769	0.278976944197903
1770	0.278918610605117
1771	0.278863000400797
1772	0.27880825845782
1773	0.278814557679599
1774	0.278810631319661
1775	0.278775834545359
1776	0.278754599931217
1777	0.278648635202976
1778	0.278603281874439
1779	0.278614093653165
1780	0.278577089928323
1781	0.278625804044736
1782	0.278666046384518
1783	0.278691326079407
1784	0.278731265740972
1785	0.278772849193606
1786	0.278750964100298
1787	0.278755429084918
1788	0.278748377670193
1789	0.278760958982473
1790	0.278862085863418
1791	0.278926602026515
1792	0.278920515961663
1793	0.278954408404988
1794	0.278848031292748
1795	0.278822209057851
1796	0.278822568079086
1797	0.278869796187498
1798	0.278991527561577
1799	0.27909970423004
1800	0.27912485160095
1801	0.279101173945024
1802	0.279204452590024
1803	0.279222600698104
1804	0.279275692452296
1805	0.279355991676784
1806	0.279359352990408
1807	0.279366276382769
1808	0.279346589934701
1809	0.279398096505863
1810	0.279457004600196
1811	0.279427681181384
1812	0.279506214839828
1813	0.279562216699269
1814	0.279563817819735
1815	0.279723802821835
1816	0.279849376600651
1817	0.279857883981074
1818	0.279824507839014
1819	0.279859559481803
1820	0.279883456743709
1821	0.279945425577854
1822	0.280043103511326
1823	0.280083506093945
1824	0.280131066904615
1825	0.280130589029761
1826	0.280184966052616
1827	0.28017130970674
1828	0.280181454036097
1829	0.280217745545253
1830	0.28026375719756
1831	0.280826527790391
1832	0.281062590760829
1833	0.281257751726791
1834	0.281254181921326
1835	0.281184674300807
1836	0.281168315707622
1837	0.280910656372932
1838	0.280846170765801
1839	0.280969393817281
1840	0.281035688283077
1841	0.281069750090518
1842	0.281042378063038
1843	0.280977211780665
1844	0.281133652976607
1845	0.281162932242683
1846	0.281275557888886
1847	0.281289194183931
1848	0.281303227425223
1849	0.281274578150896
1850	0.281326580336217
1851	0.281395771368804
1852	0.281469569723594
1853	0.281527904866169
1854	0.281551659608593
1855	0.281482580561349
1856	0.281430702455043
1857	0.281400938868311
1858	0.281317529684241
1859	0.281185720705585
1860	0.281110539659969
1861	0.281052817788803
1862	0.280925268420933
1863	0.28075234009216
1864	0.280544609551956
1865	0.280363069413486
1866	0.280047299986149
1867	0.279812660206028
1868	0.27960460286489
1869	0.279489337535638
1870	0.279413665284876
1871	0.279257137422269
1872	0.27904848121258
1873	0.278821688630424
1874	0.278522793337901
1875	0.277988934574265
1876	0.277680220177425
1877	0.277461460009761
1878	0.277195965002701
1879	0.276811065738319
1880	0.276429723692357
1881	0.27594398455861
1882	0.275182594386695
1883	0.274508502180116
1884	0.273940407442184
1885	0.273253292139976
1886	0.272461408440492
1887	0.271663725465997
1888	0.270891548145245
1889	0.269945130630492
1890	0.268949424188241
1891	0.267891029202248
1892	0.266815950402114
1893	0.265619901102936
1894	0.264504287104823
1895	0.263359051191349
1896	0.262293684895741
1897	0.261364707788685
1898	0.260342545514634
1899	0.259335775165933
1900	0.258393874130305
1901	0.257343218927811
1902	0.256079162365433
1903	0.255092367029921
1904	0.254185700694325
1905	0.253323024404905
1906	0.252591924714036
1907	0.251982408827024
1908	0.251319998584816
1909	0.250628717528544
1910	0.250126937031054
1911	0.249680955548923
1912	0.249330860225353
1913	0.249129580799969
1914	0.248914916077002
1915	0.248778447265586
1916	0.248638846683633
1917	0.248577458321151
1918	0.248457914780019
1919	0.248444853771523
1920	0.248572850871805
1921	0.248685117308478
1922	0.248894552356779
1923	0.248991443816049
1924	0.24895583617614
1925	0.249045037999757
1926	0.249264213724394
1927	0.249426314625892
1928	0.249646788767997
1929	0.250027702112091
1930	0.250210665194221
1931	0.250138181700196
1932	0.250276871171975
1933	0.250501186946667
1934	0.25063936024539
1935	0.250770678965037
1936	0.250988462944956
1937	0.251241359244046
1938	0.251450997438668
1939	0.251681992088534
1940	0.252015345165337
1941	0.25221667121595
1942	0.25232598748232
1943	0.2525124056922
1944	0.252785218662575
1945	0.252956730079773
1946	0.253160351905735
1947	0.253302878249057
1948	0.253397858528519
1949	0.25357028164491
1950	0.253727430477728
1951	0.253898939137253
1952	0.254106143069601
1953	0.254364500748181
1954	0.254556655258866
1955	0.254779038177688
1956	0.254984894022283
1957	0.255084884254458
1958	0.25525426421007
1959	0.255528852999138
1960	0.255648323839997
1961	0.255831765615267
1962	0.256050037481427
1963	0.256233109605068
1964	0.256347505788349
1965	0.256502327153371
1966	0.256637694138951
1967	0.256858375741804
1968	0.257131690844724
1969	0.257304138902167
1970	0.257464907342242
1971	0.257651230118448
1972	0.257804353402134
1973	0.257892492374374
1974	0.258068946557899
1975	0.258319856389326
1976	0.258569035428066
1977	0.25886127867008
1978	0.25908875148686
1979	0.259181882605911
1980	0.259402310419353
1981	0.259642844378629
1982	0.259800584275657
1983	0.26002802710637
1984	0.260293037976393
1985	0.260534656546161
1986	0.260656638893649
1987	0.260957477369895
1988	0.261440963754356
1989	0.261743933678236
1990	0.262011044654334
1991	0.262293407917909
1992	0.26253744630022
1993	0.262801244165008
1994	0.26307090383747
1995	0.263513418612643
1996	0.263843623283859
1997	0.264124660731327
1998	0.264420812453189
1999	0.264807928297232
2000	0.265120709452187
2001	0.265443517864884
2002	0.265720601429358
2003	0.265940424883276
2004	0.266241620670228
2005	0.266636221011
2006	0.266952091668591
2007	0.267274842008557
2008	0.267706416003202
2009	0.268022526796172
2010	0.268312674246117
2011	0.268613974931142
2012	0.269106730712838
2013	0.269374077045348
2014	0.269653704589048
2015	0.269692323373388
2016	0.269928875197242
2017	0.270159081420492
2018	0.270351897193314
2019	0.270654095844495
2020	0.270883764966711
2021	0.270980793718585
2022	0.271211327044298
2023	0.27161704935198
2024	0.271902843176662
2025	0.27208462946649
2026	0.272409596593087
2027	0.272802187726092
2028	0.273079235413699
2029	0.273340571845591
2030	0.273570871483369
2031	0.273741234361538
2032	0.273691007347679
2033	0.273807033892902
2034	0.273976692486959
2035	0.274145382075719
2036	0.274260786459807
2037	0.274465716172459
2038	0.27469375971354
2039	0.274913103662414
2040	0.275176259280825
2041	0.27531368332903
2042	0.275463650155304
2043	0.275603580935694
2044	0.275758655177317
2045	0.275873834995769
2046	0.275943249569666
2047	0.275955541891693
2048	0.276064142779152
2049	0.276247015855852
2050	0.276386697043605
2051	0.276509447065845
2052	0.276574007512846
2053	0.276561009161904
2054	0.276618044756429
2055	0.276827386185184
2056	0.277139717843215
2057	0.277416089431667
2058	0.277639757358797
2059	0.27779072653132
2060	0.277747779410921
2061	0.277850963569925
2062	0.277874488159205
2063	0.278040031189672
2064	0.278305300331671
2065	0.278620626778911
2066	0.278661128742757
2067	0.278626935293563
2068	0.278646604103381
2069	0.278673596955024
2070	0.278836402852418
2071	0.279119982825527
2072	0.279296818315322
2073	0.27942082516047
2074	0.279575728688243
2075	0.279718752384253
2076	0.279774982768495
2077	0.279652305044397
2078	0.279735010036222
2079	0.279921365376294
2080	0.280089983271961
2081	0.280304859374573
2082	0.280431125366061
2083	0.280503327953042
2084	0.280487660584982
2085	0.280517480590818
2086	0.280484189622054
2087	0.280559897149058
2088	0.280511352457024
2089	0.280601257518788
2090	0.280891849245329
2091	0.280996389986389
2092	0.280997592346572
2093	0.281080463336818
2094	0.281137621841397
2095	0.281087711703702
2096	0.281198004476924
2097	0.281358317164822
2098	0.281380203458217
2099	0.281462441746484
2100	0.281549487090688
2101	0.281530246568189
2102	0.281566055618294
2103	0.28163831472088
2104	0.28166934118951
2105	0.281639591234918
2106	0.281707422067216
2107	0.281816568056766
2108	0.281790785647067
2109	0.281913958226464
2110	0.282019508286378
2111	0.281998459945452
2112	0.282081735948962
2113	0.282213076897648
2114	0.282265583143478
2115	0.282321122704353
2116	0.282473657192918
2117	0.28262003198383
2118	0.282799346364152
2119	0.282780105800375
2120	0.282617957555542
2121	0.282512549414944
2122	0.282257645018374
2123	0.282124706509485
2124	0.282298739747264
2125	0.282283699820973
2126	0.282201247777177
2127	0.282090043978187
2128	0.281841438272986
2129	0.281754676432411
2130	0.281808511251837
2131	0.28161194560644
2132	0.281440137485044
2133	0.281359838751476
2134	0.281124146004592
2135	0.280824657361704
2136	0.280568316191105
2137	0.280320996542573
2138	0.279935216143509
2139	0.279664958102297
2140	0.279511772731373
2141	0.279366066360824
2142	0.279242438841546
2143	0.279088488555811
2144	0.278882124415992
2145	0.278626253655066
2146	0.278433860287786
2147	0.27825127291949
2148	0.278149663305827
2149	0.27798178870631
2150	0.27779063568757
2151	0.277567674365515
2152	0.277258382248649
2153	0.276964414688367
2154	0.276609979894161
2155	0.276458293904877
2156	0.276309869222969
2157	0.276196491656629
2158	0.276038188855953
2159	0.275766557115853
2160	0.275494371485858
2161	0.275208790769471
2162	0.274922356106644
2163	0.274611313391835
2164	0.274317600480784
2165	0.273880403239236
2166	0.273620373182754
2167	0.27356472204524
2168	0.273225860710844
2169	0.272774058794051
2170	0.272407033318064
2171	0.271883793832522
2172	0.271568020163616
2173	0.271390567813653
2174	0.271173740937095
2175	0.270924632016567
2176	0.270608208566949
2177	0.270118327532368
2178	0.26978709883373
2179	0.269507839380246
2180	0.269091805145249
2181	0.268816844702912
2182	0.268700196261279
2183	0.268470345628949
2184	0.26818474465201
2185	0.267947957151197
2186	0.267717192705934
2187	0.267428692285378
2188	0.267125425839324
2189	0.266790919738918
2190	0.266452568356362
2191	0.266186899800349
2192	0.265788580085579
2193	0.265296108312299
2194	0.264834872504945
2195	0.264305262564312
2196	0.263812235377569
2197	0.26339053396157
2198	0.262959537800674
2199	0.262619994447833
2200	0.262370498883361
2201	0.2621656691321
2202	0.261912919097639
2203	0.261667239414767
2204	0.26142997518599
2205	0.261115420588942
2206	0.260921247589968
2207	0.260857572221179
2208	0.260746517432068
2209	0.26061152105881
2210	0.260544201768091
2211	0.260519807756585
2212	0.260517304661389
2213	0.260595344412648
2214	0.260649605930933
2215	0.260699822520874
2216	0.260729179699977
2217	0.260727142906023
2218	0.260863582541402
2219	0.261118641045111
2220	0.261255607794238
2221	0.261283856328935
2222	0.261421382263254
2223	0.261640720205206
2224	0.261876859454825
2225	0.262067623863029
2226	0.262396773237054
2227	0.262497681115891
2228	0.26236086289476
2229	0.26244442205822
2230	0.262660327618396
2231	0.262683454005265
2232	0.262786572208263
2233	0.262971365669442
2234	0.263141872571109
2235	0.263372775673923
2236	0.263722336930476
2237	0.264093155914314
2238	0.264284944775279
2239	0.26437068993102
2240	0.264548011160795
2241	0.264825739400566
2242	0.264992723282248
2243	0.265112785858141
2244	0.265372675143641
2245	0.265599484379024
2246	0.265877423990774
2247	0.266386967927197
2248	0.266767599961621
2249	0.26711405333206
2250	0.267419483533102
2251	0.267728372356253
2252	0.268050050728515
2253	0.268569758865158
2254	0.268854924487523
2255	0.268984876275588
2256	0.269338259658142
2257	0.269625093815468
2258	0.269925658940297
2259	0.270358423524762
2260	0.270726264039459
2261	0.270858762069054
2262	0.27101787691844
2263	0.271159798629914
2264	0.271240710932982
2265	0.271186640944126
2266	0.271154092418247
2267	0.271261483893179
2268	0.271275264165117
2269	0.271187951954295
2270	0.271121225198058
2271	0.270993660922431
2272	0.270637876602391
2273	0.27046872242277
2274	0.270444334594186
2275	0.270159069855518
2276	0.269851210927708
2277	0.269464739809722
2278	0.268982768615134
2279	0.268605107193225
2280	0.268180760977914
2281	0.267942130011529
2282	0.267642451239649
2283	0.267204535768026
2284	0.266814161928736
2285	0.266357360419023
2286	0.266052260497129
2287	0.265664167073668
2288	0.265129222763629
2289	0.26459542244981
2290	0.263925687291429
2291	0.263250085811794
2292	0.262958725918234
2293	0.262533956440073
2294	0.262247933306111
2295	0.262068667291217
2296	0.26184444275245
2297	0.261619702919105
2298	0.261313961209217
2299	0.260949409550394
2300	0.260568913969084
2301	0.260029977618252
2302	0.259721974519398
2303	0.259492431551593
2304	0.259245759575665
2305	0.259183578756992
2306	0.258837220825927
2307	0.258301809920983
2308	0.25780867951566
2309	0.257203439985303
2310	0.256688148052575
2311	0.2560911787378
2312	0.255757608222688
2313	0.255573304544086
2314	0.255076530083103
2315	0.254508396781819
2316	0.253783997623432
2317	0.252946044611603
2318	0.252056684015999
2319	0.251371838475265
2320	0.251063769223394
2321	0.250756708746552
2322	0.25056504687303
2323	0.250374242368724
2324	0.250017428485116
2325	0.249703692148245
2326	0.249246121072928
2327	0.248954379865851
2328	0.248706803568289
2329	0.248541440295288
2330	0.248309914244209
2331	0.248391081824293
2332	0.248637699395092
2333	0.248809848034088
2334	0.249051538557182
2335	0.249390748991383
2336	0.249663420500145
2337	0.250053350468225
2338	0.250712175233782
2339	0.251126311613791
2340	0.251461084029123
2341	0.25185190161758
2342	0.252013032917382
2343	0.25237876825181
2344	0.252957012435895
2345	0.253346615683891
2346	0.253547857602749
2347	0.253909690821427
2348	0.254065555750395
2349	0.254048359798895
2350	0.254447085355417
2351	0.254710154113075
2352	0.25450514254145
2353	0.254553417388894
2354	0.254429545239922
2355	0.25407002134861
2356	0.254001649356368
2357	0.253908473327069
2358	0.253637010683509
2359	0.253119534502824
2360	0.252942104506801
2361	0.252790294214976
2362	0.252362365328666
2363	0.252171383758763
2364	0.251685331308886
2365	0.251051450857789
2366	0.250833808276838
2367	0.250896700649424
2368	0.250624488703459
2369	0.250291116433557
2370	0.249839083629641
2371	0.249047822595021
2372	0.248514779829129
2373	0.2480524400883
2374	0.247544865152618
2375	0.247189159719631
2376	0.24658291592671
2377	0.245926615569644
2378	0.245380966904798
2379	0.244735658569622
2380	0.244178755050826
2381	0.243669791032769
2382	0.243176101941917
2383	0.24269794975132
2384	0.242248829263744
2385	0.242074162117744
2386	0.241635105853139
2387	0.240962791902467
2388	0.24057084288263
2389	0.240221920411369
2390	0.239862041220384
2391	0.239709195539144
2392	0.239498710703249
2393	0.239221542906002
2394	0.238848565640036
2395	0.238561591951619
2396	0.238260706703403
2397	0.237806772629747
2398	0.23760204047932
2399	0.237611862732717
2400	0.237670650524502
2401	0.237336915578053
2402	0.237056524220824
2403	0.23643752303455
2404	0.236002441821206
2405	0.23588390492702
2406	0.23583567789116
2407	0.236276128298283
2408	0.236449015855228
2409	0.236148897742949
2410	0.235950357659003
2411	0.23545652347904
2412	0.235000085798016
2413	0.234822195202459
2414	0.234710957762222
2415	0.234782671857749
2416	0.234629494069996
2417	0.234140985063946
2418	0.234059596226872
2419	0.234242406264306
2420	0.234177092276963
2421	0.234125288490521
2422	0.234124191086237
2423	0.233722947742248
2424	0.233054505886205
2425	0.232764684626885
2426	0.23285058237625
2427	0.232746163052589
2428	0.232562677358997
2429	0.232573902638978
2430	0.232612439836439
2431	0.232406444871804
2432	0.232212261181739
2433	0.232001136929638
2434	0.231810188649884
2435	0.231493839660305
2436	0.231299477274657
2437	0.231100353311025
2438	0.230710228268873
2439	0.230536129601412
2440	0.230541743521917
2441	0.230308276034761
2442	0.229713979511194
2443	0.229730956127803
2444	0.230115172667766
2445	0.22992140124622
2446	0.229545652907718
2447	0.229595673051371
2448	0.229261000073524
2449	0.228854394027099
2450	0.228815817724163
2451	0.228537818681532
2452	0.227283033116582
2453	0.227042308463652
2454	0.227446476821871
2455	0.227239796880878
2456	0.227100305461806
2457	0.226862341023254
2458	0.22632294494536
2459	0.226050105768356
2460	0.225770506731533
2461	0.22563602641428
2462	0.225781082199756
2463	0.225442906868235
2464	0.22488780815923
2465	0.224676459938101
2466	0.224697904512348
2467	0.224069922336746
2468	0.223433037635609
2469	0.222868904365178
2470	0.221849791642535
2471	0.221291696984053
2472	0.221719976629175
2473	0.221599642917979
2474	0.221416108777527
2475	0.221009992122608
2476	0.220911129624009
2477	0.220340700636892
2478	0.219137605599465
2479	0.218379931395631
2480	0.217581436809709
2481	0.216881164369436
2482	0.216230640341563
2483	0.216183720159603
2484	0.217075993091537
2485	0.216817803718883
2486	0.216793398550415
2487	0.216689972755985
2488	0.215493057334725
2489	0.215183477684532
2490	0.215291164528184
2491	0.215286827864524
2492	0.215308095066227
2493	0.215293184752945
2494	0.215432944416102
2495	0.215278641397496
2496	0.214958841885882
2497	0.214219221296732
2498	0.211921187661824
2499	0.211477076190775
2500	0.211313813335034
