350	0.221886471804125
351	0.207922359756722
352	0.187265701084612
353	0.196392743948791
354	0.196867084697597
355	0.179844927040709
356	0.169880131076614
357	0.183616394778699
358	0.179650690495532
359	0.171887362864465
360	0.180357277581712
361	0.169876554913051
362	0.169341356576265
363	0.184456964124209
364	0.181955330122714
365	0.173754314825033
366	0.165923459135135
367	0.171887646926439
368	0.183713605429423
369	0.175356499080866
370	0.172500389714284
371	0.170130175399101
372	0.168804161656497
373	0.16972041217902
374	0.165358436345053
375	0.16577770664175
376	0.167679388080598
377	0.169830025263591
378	0.167855796813166
379	0.165840714229728
380	0.168035327024118
381	0.166058998607844
382	0.15814397273489
383	0.154406275456602
384	0.16325278635295
385	0.163904918319136
386	0.15842239618083
387	0.159467659549524
388	0.158741531216845
389	0.163091819699499
390	0.159885969514488
391	0.155767202807073
392	0.161003061908949
393	0.162501900241542
394	0.161987429947115
395	0.157670678717888
396	0.158991128587048
397	0.158197092093654
398	0.157184907641365
399	0.156504272986748
400	0.154498892802951
401	0.153521666382505
402	0.154267751974562
403	0.154850732792557
404	0.154650951823505
405	0.156610145789679
406	0.155688866250326
407	0.154555966114888
408	0.153417247611033
409	0.150358450202044
410	0.152952510690376
411	0.155903404349797
412	0.153335356982112
413	0.151583547473031
414	0.152471493317892
415	0.151682834253375
416	0.149338475093715
417	0.149615053602341
418	0.149223739309181
419	0.148461385375076
420	0.149879276516306
421	0.150013879618393
422	0.148872167715861
423	0.148126494776274
424	0.147332205454287
425	0.147794631451769
426	0.14797889325504
427	0.148981845312111
428	0.147656920869002
429	0.146971582134919
430	0.148485329134944
431	0.149058153531531
432	0.14958686564071
433	0.148680630202686
434	0.14753273954127
435	0.148458510893765
436	0.148814370026678
437	0.148832917218672
438	0.149235454945431
439	0.149123528013243
440	0.149492145224561
441	0.149495313171973
442	0.149455636691633
443	0.150033079279563
444	0.150384861453458
445	0.150094261456881
446	0.150617819359456
447	0.151351814543572
448	0.151257391380552
449	0.151025481118375
450	0.151882996940833
451	0.15223527000483
452	0.152736292647546
453	0.152724288278626
454	0.152951555644369
455	0.152795572924412
456	0.153224692917682
457	0.153498608740891
458	0.153996427715653
459	0.154650332567121
460	0.153993926994308
461	0.153778150812409
462	0.154451706423885
463	0.154836808193405
464	0.154835447875784
465	0.154828731485512
466	0.154955919251516
467	0.15527413761744
468	0.155343960592481
469	0.155153839259345
470	0.155434650017534
471	0.15612765488103
472	0.156609367630209
473	0.156436814251309
474	0.157034006629766
475	0.156893461758395
476	0.156760170474046
477	0.157027108512948
478	0.157021954992722
479	0.157663442408435
480	0.158232218478273
481	0.158139051043196
482	0.158154913288305
483	0.158261809898342
484	0.158408298323866
485	0.158681269650043
486	0.159354655244838
487	0.15945018134935
488	0.159182522886107
489	0.159386663044515
490	0.159630105770461
491	0.16006255740863
492	0.159901834045142
493	0.160587570411282
494	0.160895418417565
495	0.160916574916249
496	0.161706232274563
497	0.161829857022153
498	0.162254533949737
499	0.162336390083665
500	0.162928192343307
501	0.163228815955627
502	0.163683365096681
503	0.16415865229603
504	0.164554775203943
505	0.164893195929906
506	0.165160411409894
507	0.165478561055459
508	0.16606188205606
509	0.166613976391708
510	0.167263231508982
511	0.16753995083376
512	0.167641866819536
513	0.168216809005447
514	0.168632256246494
515	0.169061942585686
516	0.169613407948662
517	0.17004616551697
518	0.17047108778054
519	0.170820328105059
520	0.171354220717633
521	0.171865518463021
522	0.172334045808418
523	0.172766499785531
524	0.173110065026325
525	0.173438470202023
526	0.174075731125496
527	0.174437565869729
528	0.174807429945029
529	0.175329165107864
530	0.175680522982657
531	0.176064616156789
532	0.176267592818615
533	0.176695462138833
534	0.177239967212739
535	0.177732369983905
536	0.178128255513113
537	0.178418021118167
538	0.178847988762537
539	0.17929107724323
540	0.179561210637271
541	0.179845992592853
542	0.18008095350218
543	0.180650980438817
544	0.180937533298017
545	0.181336269787147
546	0.181724649667937
547	0.182023239934521
548	0.182356318911398
549	0.182857641336358
550	0.183259283307708
551	0.183627117660634
552	0.183872186292269
553	0.184270211985142
554	0.184710851138027
555	0.185178587584554
556	0.185525556734887
557	0.185900384071088
558	0.186375860083004
559	0.186696631174945
560	0.187062434375839
561	0.187553203361463
562	0.187956164517285
563	0.188221411054245
564	0.188616398347363
565	0.189076554728936
566	0.189647545378934
567	0.18999214140027
568	0.190393842795809
569	0.190853528830445
570	0.191194254993527
571	0.191588622909512
572	0.191923967580918
573	0.192400234722122
574	0.192729682985677
575	0.193001405905131
576	0.193371282604022
577	0.193848914835335
578	0.194221110502225
579	0.19457169513732
580	0.194890195954871
581	0.195137601390724
582	0.195477310087951
583	0.195935978177881
584	0.19624778682202
585	0.19646855173142
586	0.196692754388455
587	0.196973089005884
588	0.197329237304336
589	0.197591775647032
590	0.19781014820081
591	0.198122238024918
592	0.198346419299877
593	0.198492601615126
594	0.198632836541618
595	0.198955310137727
596	0.199221405535789
597	0.199367999508708
598	0.199528026100265
599	0.199729897124778
600	0.199918093098765
601	0.200127249814974
602	0.200215521531998
603	0.200399620546472
604	0.200554772767677
605	0.200677725045276
606	0.200812472887128
607	0.200962007517735
608	0.201184069929309
609	0.201302616064051
610	0.201450017538548
611	0.201640474948584
612	0.201772630577313
613	0.201888953004485
614	0.202022733256794
615	0.202156621016531
616	0.202210768175761
617	0.202259335513922
618	0.202421077173945
619	0.202636870556741
620	0.202794602921007
621	0.20286724488816
622	0.20287282736325
623	0.203041114896002
624	0.203162986458765
625	0.203370892770725
626	0.203553521232247
627	0.203666727173716
628	0.203722523014357
629	0.203863860698059
630	0.203967214293004
631	0.204093151978301
632	0.204278409268706
633	0.204388855025141
634	0.204555337426706
635	0.204658142522114
636	0.20479074156833
637	0.204902253930909
638	0.205045861302143
639	0.205160893532758
640	0.205254242136925
641	0.205350727113371
642	0.205460291053527
643	0.205556460638111
644	0.205664941287742
645	0.205688030377287
646	0.205812231297528
647	0.205980431510569
648	0.206064935653445
649	0.206062581066539
650	0.206109672862458
651	0.206269131152875
652	0.206317032275697
653	0.206319106527134
654	0.206428027378495
655	0.206454538995751
656	0.206391624240173
657	0.206476865127205
658	0.206571681240913
659	0.206530651980281
660	0.206626716775081
661	0.206690429228018
662	0.206677326352041
663	0.206688923537753
664	0.206755556576389
665	0.206817775618618
666	0.206905368865907
667	0.206985703435173
668	0.207004208759989
669	0.207077006768555
670	0.207222937945155
671	0.207323152801199
672	0.207449852952987
673	0.207661997472277
674	0.207793726923074
675	0.207846124062845
676	0.207967606681862
677	0.208088540240422
678	0.208236639936477
679	0.208407732293335
680	0.208610523705153
681	0.208790401796601
682	0.208914699957706
683	0.209062645969947
684	0.209236766814915
685	0.209426357175891
686	0.209562226798416
687	0.209648194545705
688	0.209773732503096
689	0.209954547490514
690	0.210075123780107
691	0.210225916837401
692	0.210390860796783
693	0.210528910727891
694	0.210873160159609
695	0.211430315567145
696	0.212147330631282
697	0.21252686086158
698	0.21245246655925
699	0.212023951761925
700	0.211861817887048
701	0.211861515928004
702	0.21204067883502
703	0.212176010258014
704	0.212328697783115
705	0.212526185596808
706	0.212640761127081
707	0.212786311064055
708	0.212967086777342
709	0.213148260946466
710	0.213343808376478
711	0.213457779160118
712	0.213594616672023
713	0.213760753939825
714	0.213938377087016
715	0.214050587442129
716	0.214253028066347
717	0.214423650700173
718	0.214545646000678
719	0.214628383020419
720	0.214712299694366
721	0.214799875616257
722	0.214892422795171
723	0.214976004131294
724	0.215118725072783
725	0.215233991171608
726	0.215405686096237
727	0.215482816450148
728	0.215539913684323
729	0.215656109963967
730	0.215774038208618
731	0.215864237484933
732	0.215948445900987
733	0.216062449006316
734	0.216143429913002
735	0.216264140330401
736	0.216368023517933
737	0.216431664124105
738	0.216519780518598
739	0.216587074325655
740	0.216615045262133
741	0.216733207222659
742	0.216873554940404
743	0.216920317540197
744	0.21700499507976
745	0.217101797233649
746	0.217186411573075
747	0.217232081243429
748	0.217260451357908
749	0.217298829556121
750	0.217417316405539
751	0.217463523164777
752	0.217554927008118
753	0.217592390762959
754	0.217619902238975
755	0.217635698853425
756	0.217712230260033
757	0.217820359676274
758	0.21787344528547
759	0.217873184925957
760	0.217944181810759
761	0.217996627272362
762	0.218014365608966
763	0.217998747966029
764	0.218032435588827
765	0.218113047303464
766	0.218174776767853
767	0.218252914467194
768	0.218310921400316
769	0.21837034711066
770	0.218536969296628
771	0.218609993563482
772	0.218598462184613
773	0.218651480253929
774	0.218680956629743
775	0.218718097908251
776	0.218788299307377
777	0.218871228657343
778	0.218861989565946
779	0.218856910047794
780	0.218896623811392
781	0.218984839125108
782	0.21903023664085
783	0.219052695048664
784	0.219121813998869
785	0.219130613447511
786	0.21913952015618
787	0.219150665121842
788	0.219182489728889
789	0.219204177820624
790	0.219222251338331
791	0.219253116094979
792	0.219257683751808
793	0.219316243430962
794	0.219341251494587
795	0.219343639668516
796	0.219378274193947
797	0.219365124699293
798	0.219359625029899
799	0.21939800496618
800	0.219470068151586
801	0.219444831612092
802	0.219391561164756
803	0.219419330957235
804	0.21944831515653
805	0.219417667256043
806	0.219400305348595
807	0.219433189955394
808	0.219460962808622
809	0.219435606044933
810	0.219425083807247
811	0.219410831987586
812	0.219385235293462
813	0.219403082564336
814	0.219383360693769
815	0.219335967238588
816	0.219334494705321
817	0.21935775217974
818	0.219365095436483
819	0.219295255645236
820	0.219250233063832
821	0.219253583771551
822	0.219266317335826
823	0.21928310253022
824	0.219261896667195
825	0.219231260357512
826	0.219204882919586
827	0.219150878618793
828	0.219099731753515
829	0.219086649830598
830	0.219095091925342
831	0.21906753943671
832	0.219052866771948
833	0.219041997349946
834	0.219015052158738
835	0.218976037696497
836	0.21891846714043
837	0.218849172457814
838	0.218805383975239
839	0.218776076806567
840	0.218780266995828
841	0.218682537320933
842	0.218642267027431
843	0.218559347753238
844	0.21847381140937
845	0.218429768954976
846	0.218384162774791
847	0.218331590416455
848	0.218360864195116
849	0.218265582688004
850	0.218134932128204
851	0.218088131832614
852	0.218079549235565
853	0.218053007348385
854	0.217935444218283
855	0.217834498949192
856	0.217851457176628
857	0.217830036898035
858	0.217791148217919
859	0.217720452410721
860	0.217649159620889
861	0.217631364066902
862	0.217648960514007
863	0.217533600715686
864	0.217444244109283
865	0.217441950748967
866	0.217403845348146
867	0.217285546014309
868	0.217269879678023
869	0.217222416902935
870	0.217160560700199
871	0.217100074062167
872	0.217015627410835
873	0.216936396801498
874	0.216903004994859
875	0.216844664390348
876	0.216767909600021
877	0.216591877752665
878	0.216478139084913
879	0.216479278292717
880	0.216409250299806
881	0.216359662037868
882	0.21633056325879
883	0.216188757332006
884	0.216179311937349
885	0.216140528529806
886	0.216086481502223
887	0.215992262069724
888	0.215974073107001
889	0.2158880382844
890	0.215831302985582
891	0.215807010105781
892	0.215661593231462
893	0.215590800253951
894	0.215544347032644
895	0.215503966198187
896	0.215409588072672
897	0.215329263562921
898	0.215339767402897
899	0.215278464169681
900	0.215132359479296
901	0.214995506379091
902	0.214946487102604
903	0.21495931516981
904	0.214895231884996
905	0.214849389031737
906	0.214739749017759
907	0.214704788459701
908	0.214690585928262
909	0.214635396343684
910	0.214445505354343
911	0.214357048025873
912	0.21441685603359
913	0.214383733740807
914	0.214251964477603
915	0.214155326888989
916	0.214119618973967
917	0.214069809909286
918	0.214069491830515
919	0.214046464829537
920	0.214003510116258
921	0.213962436803273
922	0.213925830459352
923	0.213838042328651
924	0.213725488219401
925	0.213772146491358
926	0.213682838879154
927	0.213633659413425
928	0.213676592590374
929	0.213579563369139
930	0.213562557198231
931	0.213681872928994
932	0.213490335393782
933	0.213389519575444
934	0.213315744789374
935	0.213357601601583
936	0.213409900256772
937	0.213398754196755
938	0.213319423069432
939	0.213267096183124
940	0.213281704377653
941	0.213161728896684
942	0.212955565790162
943	0.212903937903397
944	0.212946931749037
945	0.213015308807552
946	0.212925823843556
947	0.212844995197001
948	0.212951966530351
949	0.212877934020904
950	0.212892964016563
951	0.21288401858105
952	0.212884660803253
953	0.212925067331046
954	0.212826525359203
955	0.212706023565824
956	0.212638550612629
957	0.212772584655768
958	0.212887095413709
959	0.212891087831043
960	0.212719243543816
961	0.212728379988164
962	0.212674335006255
963	0.212484346276892
964	0.212487151441396
965	0.212769112153998
966	0.212799519991284
967	0.21275341734028
968	0.212697071828779
969	0.212661775615691
970	0.212660512497216
971	0.21260800830045
972	0.212639865630473
973	0.21269738153739
974	0.212816943179206
975	0.212913997187006
976	0.212735487787785
977	0.212703227513991
978	0.212777497815614
979	0.212627523397838
980	0.212705626255645
981	0.212722068591777
982	0.212657237408044
983	0.212512009720544
984	0.212472635218228
985	0.212635732803867
986	0.212786446137228
987	0.212518872227088
988	0.212676997485459
989	0.212706132381748
990	0.212555254290734
991	0.212690836551339
992	0.212747489629173
993	0.212629712808762
994	0.212647237083141
995	0.212728478886101
996	0.212573564022921
997	0.212475601967082
998	0.212374104933673
999	0.212547586286205
1000	0.212742338654723
1001	0.215718046138135
1002	0.21569253953177
1003	0.215729054317501
1004	0.215775583452575
1005	0.215775007068752
1006	0.215671583707008
1007	0.215644741133421
1008	0.215458848321654
1009	0.215460278715348
1010	0.215542587979363
1011	0.215543480510435
1012	0.215669810560182
1013	0.215669911576996
1014	0.215540060311245
1015	0.215419977739839
1016	0.215421582061239
1017	0.215280314982662
1018	0.215282731734008
1019	0.215459555395216
1020	0.215460889056595
1021	0.215387407430794
1022	0.215364597882699
1023	0.215319759935264
1024	0.215273368017056
1025	0.215319713138631
1026	0.215249925955833
1027	0.215225237735406
1028	0.215109564329001
1029	0.215104525420948
1030	0.214977621130877
1031	0.214950244876971
1032	0.21506462581116
1033	0.215037055740668
1034	0.215044242295738
1035	0.215099763131053
1036	0.215002350104222
1037	0.214953456117858
1038	0.215131160192821
1039	0.215059993294283
1040	0.21497751994864
1041	0.214929941271254
1042	0.214999315036766
1043	0.214881073807196
1044	0.214934630367631
1045	0.214933711528675
1046	0.215028769550955
1047	0.21499507680623
1048	0.215012178567665
1049	0.215020337206139
1050	0.214982088668869
1051	0.214858473264024
1052	0.21484197133744
1053	0.214826975852218
1054	0.214810789305204
1055	0.21483566335326
1056	0.214953963362987
1057	0.214933840115998
1058	0.21497643374389
1059	0.214945374231322
1060	0.214796906108143
1061	0.214813936689322
1062	0.214806750629669
1063	0.2147652080874
1064	0.214761993483043
1065	0.214714520860635
1066	0.214694863108822
1067	0.214660821446398
1068	0.214595869920577
1069	0.214606351940358
1070	0.214566778858225
1071	0.214562572058275
1072	0.214524554506264
1073	0.21453228885852
1074	0.214554451305675
1075	0.214555211557633
1076	0.214535226900165
1077	0.21438400247683
1078	0.214388966870622
1079	0.214387988120639
1080	0.214352753664829
1081	0.214397816365643
1082	0.214374332282681
1083	0.214253201801246
1084	0.21418489884022
1085	0.214181138726568
1086	0.214177540754077
1087	0.214168551526396
1088	0.214274657868718
1089	0.214254058393322
1090	0.214190126459199
1091	0.214206377105385
1092	0.214197073095755
1093	0.214136768702819
1094	0.214074109120282
1095	0.214030778669638
1096	0.214061615038948
1097	0.214088013002658
1098	0.214081854604764
1099	0.214088185528071
1100	0.214030546721953
1101	0.213979867229063
1102	0.213997116617454
1103	0.214047968875199
1104	0.214081233265977
1105	0.214098904966043
1106	0.214130487527437
1107	0.214160013990305
1108	0.214164433040055
1109	0.214133908242782
1110	0.214152863630827
1111	0.214150453556035
1112	0.214169050963938
1113	0.214186627169057
1114	0.214262664122962
1115	0.214247173514266
1116	0.21424061541212
1117	0.214257475682756
1118	0.214256464362011
1119	0.214286466058278
1120	0.214324929119066
1121	0.214231646973035
1122	0.214302515200656
1123	0.214308115118459
1124	0.214304348468393
1125	0.214329054865823
1126	0.214303765269551
1127	0.21431167373871
1128	0.214265156748805
1129	0.214274018309617
1130	0.21432386448551
1131	0.21435056809602
1132	0.214479348615872
1133	0.214527483537736
1134	0.214543835565226
1135	0.214550722635261
1136	0.21452989527252
1137	0.21449770303242
1138	0.214550920107882
1139	0.214579136748568
1140	0.214654515904132
1141	0.214688876438848
1142	0.214722985993066
1143	0.214774045784533
1144	0.214779638109867
1145	0.214841057779119
1146	0.214854526568849
1147	0.214880884522797
1148	0.214921646945622
1149	0.214908861893061
1150	0.214978156508716
1151	0.215021416948723
1152	0.215057487019695
1153	0.215118710129272
1154	0.215191782251697
1155	0.215259296618452
1156	0.215276398745302
1157	0.215296486797803
1158	0.215355327765707
1159	0.215402906012117
1160	0.215409037761403
1161	0.215443692991508
1162	0.215487917281669
1163	0.215504069122417
1164	0.215472747825621
1165	0.215521993905734
1166	0.21554147819597
1167	0.215645357629339
1168	0.21573770301148
1169	0.215777908476895
1170	0.215880765334828
1171	0.215871849694014
1172	0.215910612144167
1173	0.215961474647919
1174	0.215968054088233
1175	0.216024460724584
1176	0.216124285515086
1177	0.216219005067761
1178	0.216252181386072
1179	0.216358164756976
1180	0.216425307003071
1181	0.216483525828366
1182	0.216579643873822
1183	0.21661295233449
1184	0.216626460546749
1185	0.216696231001684
1186	0.216689533163151
1187	0.216712430908164
1188	0.21676808212543
1189	0.216797628794069
1190	0.216837405894384
1191	0.216940066871067
1192	0.217003610704052
1193	0.217066363418561
1194	0.217132844271121
1195	0.217237050874132
1196	0.217289177812639
1197	0.217341133415048
1198	0.217418800533629
1199	0.217419209238449
1200	0.217482787973335
1201	0.217586138557493
1202	0.217640577608594
1203	0.217668248851498
1204	0.217758567041786
1205	0.217809748812799
1206	0.217799671560015
1207	0.217819138191636
1208	0.217909511880861
1209	0.217995942867729
1210	0.218067320156538
1211	0.21817054035422
1212	0.218237808723873
1213	0.21832726473126
1214	0.218348927369758
1215	0.218407698393631
1216	0.218476782798934
1217	0.218552432242776
1218	0.218582508220573
1219	0.218636113935961
1220	0.21871248586647
1221	0.218786556699909
1222	0.218843041474563
1223	0.218893726862578
1224	0.218969538326107
1225	0.21905133467951
1226	0.219108299630538
1227	0.219183374001168
1228	0.219218473810375
1229	0.219317809361436
1230	0.219369900068888
1231	0.219465638294219
1232	0.219534742797982
1233	0.219599265098524
1234	0.219638073378119
1235	0.219754746839641
1236	0.219840899303565
1237	0.220005291091523
1238	0.220099998779467
1239	0.220160239309627
1240	0.22022470572472
1241	0.220311575080213
1242	0.220391594942862
1243	0.220505639184889
1244	0.220603378167863
1245	0.220693695225013
1246	0.220749293214518
1247	0.220826554160179
1248	0.220923046227
1249	0.221009023066058
1250	0.221038652392498
1251	0.221141975296901
1252	0.22124169695224
1253	0.22132348545
1254	0.221462633051941
1255	0.221579234788903
1256	0.221630396667228
1257	0.221755951183119
1258	0.221912712819193
1259	0.222025606635315
1260	0.222100266874054
1261	0.222191720637609
1262	0.222281691867552
1263	0.222390975005739
1264	0.222472187464374
1265	0.222579390520843
1266	0.222676224718485
1267	0.222767583879649
1268	0.222891305702851
1269	0.22300189144277
1270	0.223082311066474
1271	0.223173532140323
1272	0.223267936066998
1273	0.223317557240383
1274	0.223412953068908
1275	0.22356623781688
1276	0.223654108103852
1277	0.223807012280647
1278	0.223887471552069
1279	0.223984199425584
1280	0.224066248196793
1281	0.224193273400208
1282	0.224318088010385
1283	0.224487363615305
1284	0.224596529414748
1285	0.224663668373825
1286	0.224751524235525
1287	0.224858791935764
1288	0.22490784350913
1289	0.225044928290587
1290	0.225199047093301
1291	0.225324797368827
1292	0.225412352102492
1293	0.225511255516443
1294	0.225673933046665
1295	0.225740079885816
1296	0.225814180307909
1297	0.225889759369222
1298	0.225928809394329
1299	0.226003860570844
1300	0.226119087250711
1301	0.226187918006496
1302	0.226333446635264
1303	0.226443978470716
1304	0.226492049193997
1305	0.226599757608754
1306	0.226611252753764
1307	0.22670565844725
1308	0.226802001773327
1309	0.226942269323786
1310	0.226976746233024
1311	0.22703336314804
1312	0.227083818413007
1313	0.227162348023595
1314	0.227252294504517
1315	0.227358626286394
1316	0.22744350744646
1317	0.227539311095708
1318	0.22764832139121
1319	0.227700016841329
1320	0.227752740347678
1321	0.227836996119745
1322	0.227909638005945
1323	0.228077544138407
1324	0.228149801353058
1325	0.228271145163236
1326	0.228352424624416
1327	0.228359688651993
1328	0.22845601641561
1329	0.228518635864352
1330	0.228629163072681
1331	0.228763674271582
1332	0.228881551835367
1333	0.228942915069897
1334	0.229082391085132
1335	0.229192090848138
1336	0.229275754417247
1337	0.229360500616848
1338	0.229487050166863
1339	0.229584223382264
1340	0.229689509941897
1341	0.229772697688801
1342	0.229886738766596
1343	0.229978759880218
1344	0.230044700870382
1345	0.230159457258957
1346	0.230270101079833
1347	0.230409414702391
1348	0.230557940711843
1349	0.230687864126399
1350	0.230756684967188
1351	0.230875259314201
1352	0.230950866146073
1353	0.23107179416533
1354	0.231148503596697
1355	0.231256092944953
1356	0.231388454970882
1357	0.231461936036181
1358	0.231563989278418
1359	0.231647436597974
1360	0.231687678577759
1361	0.231726157032113
1362	0.231721886767979
1363	0.231733336801193
1364	0.231704971692208
1365	0.231717275670625
1366	0.231618602700979
1367	0.231503636413417
1368	0.231402894679433
1369	0.231215680890584
1370	0.231053698500805
1371	0.230855774745214
1372	0.230671395625545
1373	0.230411623728104
1374	0.230205029041556
1375	0.229990973962964
1376	0.229852259228599
1377	0.229767302916221
1378	0.229634326430604
1379	0.229588029918314
1380	0.229458289029755
1381	0.229332825568842
1382	0.229188421266517
1383	0.229019483919084
1384	0.228824471928837
1385	0.228574687732034
1386	0.228275382757828
1387	0.227953487324351
1388	0.227581895951752
1389	0.227197955407265
1390	0.226820035629624
1391	0.22645603735615
1392	0.226176713586187
1393	0.225950975693984
1394	0.225797565066153
1395	0.225681129289349
1396	0.225577333059567
1397	0.225519890966451
1398	0.225523297216844
1399	0.225556001099884
1400	0.225662292353243
1401	0.225733771875555
1402	0.225840388000523
1403	0.225915404911429
1404	0.226010531976613
1405	0.226104879296009
1406	0.226190152037725
1407	0.226239995994141
1408	0.226306281656472
1409	0.226369045379585
1410	0.226480483497576
1411	0.226540494426015
1412	0.226630919479454
1413	0.226681731368889
1414	0.226770323794635
1415	0.226875784102235
1416	0.227024382057668
1417	0.227155934137722
1418	0.227324523438617
1419	0.227475772394961
1420	0.227641145392026
1421	0.227837330107211
1422	0.227997784694765
1423	0.228134850588076
1424	0.228341464800232
1425	0.228538823018242
1426	0.22870549529297
1427	0.22890911284796
1428	0.229089172691215
1429	0.229222930677785
1430	0.229390591668942
1431	0.22957755409145
1432	0.229736658422637
1433	0.229940566774419
1434	0.230077881697355
1435	0.230222636188275
1436	0.230367029508523
1437	0.230536066580066
1438	0.230687603515159
1439	0.230861274266673
1440	0.231026732769228
1441	0.231208706163956
1442	0.23135911056598
1443	0.231505798953673
1444	0.231663509037404
1445	0.231814061146763
1446	0.231956690602027
1447	0.23209738663391
1448	0.232260986333319
1449	0.232378429047602
1450	0.232526993574454
1451	0.232695015137949
1452	0.232821720658365
1453	0.232969560477254
1454	0.233110630954435
1455	0.233211504138437
1456	0.233337461103702
1457	0.233462879472663
1458	0.233589500679457
1459	0.233749596876374
1460	0.233862939084708
1461	0.233990345147216
1462	0.234126115603662
1463	0.234257152103982
1464	0.234395278057921
1465	0.23449797039536
1466	0.23461504678979
1467	0.23472677499634
1468	0.234891165615797
1469	0.235007353707828
1470	0.235143676167883
1471	0.235290602101396
1472	0.235389278653471
1473	0.235499561768257
1474	0.235611884976597
1475	0.235760139782878
1476	0.235912821833259
1477	0.236047501515484
1478	0.236213985198004
1479	0.236356552996189
1480	0.236456023114546
1481	0.236606462938091
1482	0.23673309682649
1483	0.236860950784507
1484	0.236973506100343
1485	0.237132694660126
1486	0.237263042503041
1487	0.237415718561481
1488	0.237539092603579
1489	0.237692521731884
1490	0.237794432296421
1491	0.237910328211859
1492	0.238038605963134
1493	0.238163944318541
1494	0.238287524566104
1495	0.238413445258682
1496	0.238551444362567
1497	0.238692838553027
1498	0.238846188105487
1499	0.23897202784882
1500	0.239056586162656
1501	0.23919052019335
1502	0.23928204391226
1503	0.239377743827868
1504	0.239499660416743
1505	0.239610980402761
1506	0.239719312863909
1507	0.239823681029328
1508	0.23996401853314
1509	0.240100641707205
1510	0.240210924765671
1511	0.240316526894043
1512	0.24044468852329
1513	0.240552602571375
1514	0.240677016712542
1515	0.240803719530557
1516	0.240927928214088
1517	0.241031793899949
1518	0.241163482957794
1519	0.241256040427459
1520	0.241347669132601
1521	0.241433344814128
1522	0.241525640519775
1523	0.241619592476558
1524	0.241712432309337
1525	0.24180444935228
1526	0.241882150881644
1527	0.24196022361201
1528	0.242078720903537
1529	0.242186835026713
1530	0.24228130625003
1531	0.242361263904499
1532	0.242464199283721
1533	0.242534945248304
1534	0.242622539813973
1535	0.242748807567438
1536	0.242836963797856
1537	0.242894412743001
1538	0.242999061309023
1539	0.243060518882576
1540	0.243148745859803
1541	0.243237243006498
1542	0.243359219762973
1543	0.243457672182847
1544	0.24354710006177
1545	0.243634435916001
1546	0.243732570903848
1547	0.243807353493867
1548	0.243897931378462
1549	0.243932065169114
1550	0.243981309335372
1551	0.244056040161327
1552	0.244105630805235
1553	0.244262500573145
1554	0.24432911590319
1555	0.244382662717338
1556	0.244424054791719
1557	0.244521919132315
1558	0.244589426969881
1559	0.244671096570032
1560	0.2447390769209
1561	0.244840090710481
1562	0.244908587452082
1563	0.244965650772531
1564	0.245034594685791
1565	0.245104950024968
1566	0.245157428461548
1567	0.245216438274005
1568	0.245269265976254
1569	0.24533392373217
1570	0.245412696920508
1571	0.245510384618811
1572	0.245598314921521
1573	0.245657915148191
1574	0.245746427247752
1575	0.245782679104598
1576	0.245871727761443
1577	0.245910659973981
1578	0.245973676481778
1579	0.246059196817154
1580	0.246149395819074
1581	0.246219628514699
1582	0.246301691787663
1583	0.246394505571842
1584	0.246468383118223
1585	0.246506987419528
1586	0.246607778262135
1587	0.246707645560563
1588	0.246763976392709
1589	0.246858195126897
1590	0.246915049640617
1591	0.246985878829885
1592	0.2470794031256
1593	0.247150241526083
1594	0.247244468267341
1595	0.247272654217365
1596	0.247312982950714
1597	0.247323328241574
1598	0.247373355215752
1599	0.24747064208175
1600	0.247539673158328
1601	0.247677000320592
1602	0.24776491563479
1603	0.247796535355284
1604	0.247866339618816
1605	0.247917342446437
1606	0.247996870521947
1607	0.248110525261866
1608	0.248190747363329
1609	0.248267741703917
1610	0.248329739214735
1611	0.248473372550196
1612	0.248507784801163
1613	0.248556578478052
1614	0.248657491490109
1615	0.24868908974974
1616	0.248733875065102
1617	0.248799297014025
1618	0.248853962723463
1619	0.248957271367392
1620	0.249022016077911
1621	0.249121007905445
1622	0.249176804018173
1623	0.24916914236818
1624	0.249234882819148
1625	0.249340481940609
1626	0.24940686576286
1627	0.24951980286648
1628	0.249586862206777
1629	0.249645002239987
1630	0.24974193240678
1631	0.249776636802074
1632	0.249854637476324
1633	0.249921174680363
1634	0.249970246569201
1635	0.249957306613608
1636	0.250016553675437
1637	0.250110754358564
1638	0.25015073681178
1639	0.250229226523716
1640	0.250289627744642
1641	0.250370672829895
1642	0.250411672615595
1643	0.250469996966039
1644	0.250521541225278
1645	0.250536453970004
1646	0.250608619265524
1647	0.250676436048457
1648	0.250739070354125
1649	0.250811905240428
1650	0.250916035794564
1651	0.251010310704311
1652	0.251094969523485
1653	0.251201005317362
1654	0.251255638529639
1655	0.251297377112661
1656	0.251352755667437
1657	0.251420329488314
1658	0.25145584823222
1659	0.251567084858595
1660	0.251676976264746
1661	0.251747099142552
1662	0.251847602333841
1663	0.251908428236167
1664	0.252009700878775
1665	0.252033860035182
1666	0.252114527042801
1667	0.252243360264295
1668	0.252313847928286
1669	0.252418829942569
1670	0.252500644806155
1671	0.252540216086231
1672	0.252611313246563
1673	0.252743191003869
1674	0.252815102507782
1675	0.252867413963059
1676	0.25298380763679
1677	0.253058671188716
1678	0.25314318166662
1679	0.253258065865575
1680	0.253354685517877
1681	0.25340845266266
1682	0.253483998572201
1683	0.253537875116039
1684	0.253625513675062
1685	0.253769867432896
1686	0.253858583707633
1687	0.254023881215916
1688	0.254147466801059
1689	0.25419851437422
1690	0.254232307238488
1691	0.254292556909574
1692	0.254406543894718
1693	0.25456395169617
1694	0.254655857443411
1695	0.254807844055544
1696	0.254923451439317
1697	0.25494660554977
1698	0.255063121603603
1699	0.255173243929454
1700	0.255301807223378
1701	0.255454555158555
1702	0.255548482549033
1703	0.255629546612029
1704	0.255724254432692
1705	0.255713145177177
1706	0.255748579565761
1707	0.255783547887373
1708	0.255846550660901
1709	0.25591504154688
1710	0.255983080133998
1711	0.256036081576013
1712	0.256087549955385
1713	0.256073224020852
1714	0.256068658975289
1715	0.256167538885801
1716	0.256222247246956
1717	0.256265446590429
1718	0.256297824700992
1719	0.256295387810216
1720	0.256275407952487
1721	0.256278013965
1722	0.256273951492206
1723	0.256234944534736
1724	0.256143519562908
1725	0.256108138682539
1726	0.255980108591347
1727	0.255906048101784
1728	0.255787364220345
1729	0.255696131101386
1730	0.255583879102156
1731	0.255514974998989
1732	0.255510200996734
1733	0.255427806263377
1734	0.255300743356919
1735	0.255231919052047
1736	0.255122566528964
1737	0.255053244095124
1738	0.255059746389291
1739	0.255087641098546
1740	0.255092646368358
1741	0.255045547324067
1742	0.255015784000538
1743	0.255013091437457
1744	0.255010928585839
1745	0.255038922758001
1746	0.254995306301393
1747	0.254960875077586
1748	0.25490275890365
1749	0.254879502305486
1750	0.254841352291384
1751	0.254840175248634
1752	0.254901865192049
1753	0.254875005801036
1754	0.254808043038131
1755	0.254717707233854
1756	0.254640139403601
1757	0.25461646216938
1758	0.254614130214365
1759	0.254558734449387
1760	0.254482363169787
1761	0.254473305890858
1762	0.254403486615227
1763	0.254343243865757
1764	0.254321074850063
1765	0.254336035491532
1766	0.254324018997188
1767	0.254275138927005
1768	0.254259950212148
1769	0.254161176052741
1770	0.253985694094123
1771	0.253992017961045
1772	0.253949591549233
1773	0.253948776508158
1774	0.253925395680516
1775	0.253900273493273
1776	0.253856255824335
1777	0.25384706282748
1778	0.253862390993091
1779	0.253902638648023
1780	0.253869513297904
1781	0.253845762324037
1782	0.253792271535569
1783	0.253775586389822
1784	0.253726720856863
1785	0.253746718066604
1786	0.253810080342538
1787	0.253808771139983
1788	0.253806790638282
1789	0.253880579700358
1790	0.253868144102412
1791	0.253877777267192
1792	0.253872220220509
1793	0.253871861730574
1794	0.253863825298263
1795	0.253923126940431
1796	0.253942501800279
1797	0.253979388622404
1798	0.253987579638079
1799	0.254003952834512
1800	0.254021664775196
1801	0.254054721551833
1802	0.254101468708995
1803	0.25412855065826
1804	0.254209260645248
1805	0.254225723064799
1806	0.254140278255161
1807	0.25417877700223
1808	0.254172217637476
1809	0.254223357542688
1810	0.254379209358068
1811	0.254387501114814
1812	0.254395150721414
1813	0.254418247165811
1814	0.254345036307343
1815	0.254360279062955
1816	0.25444063052168
1817	0.254525722295715
1818	0.254498443528362
1819	0.254554016617607
1820	0.254627035851143
1821	0.254702278522414
1822	0.254767695956815
1823	0.254735822853237
1824	0.254805004367818
1825	0.254812404802894
1826	0.254869431134386
1827	0.254904806602706
1828	0.254896434081981
1829	0.255006763451539
1830	0.255005013586556
1831	0.255843563029535
1832	0.256011386199921
1833	0.2560911950769
1834	0.256029985515834
1835	0.256100301852453
1836	0.256154386080673
1837	0.256180612929632
1838	0.256188831555721
1839	0.256147500473531
1840	0.256180201715879
1841	0.25625532964356
1842	0.256116324596959
1843	0.256037611241876
1844	0.25610619356518
1845	0.25613985409212
1846	0.256166154284244
1847	0.25618278289335
1848	0.256313906214671
1849	0.256299753711573
1850	0.256196597497587
1851	0.256146778375353
1852	0.256224827476564
1853	0.256308783245608
1854	0.256320111716136
1855	0.256336476262408
1856	0.25629979279308
1857	0.256244739547599
1858	0.256114958494938
1859	0.255948064467807
1860	0.255866332741533
1861	0.255842799423914
1862	0.25577179902902
1863	0.255718857328263
1864	0.255824670537206
1865	0.25572494876223
1866	0.255507547797813
1867	0.25535326131439
1868	0.25509447095464
1869	0.254842740624251
1870	0.254762724494635
1871	0.254769848841299
1872	0.254529151736533
1873	0.254291592770882
1874	0.254029012847088
1875	0.2534702344588
1876	0.253133743324787
1877	0.252986083913719
1878	0.252709082449956
1879	0.252349454353316
1880	0.25205587856807
1881	0.251612968874871
1882	0.250984994682114
1883	0.250438055124685
1884	0.249940449171232
1885	0.249311958539951
1886	0.248580595522624
1887	0.247848158142185
1888	0.247063029837012
1889	0.246189756345883
1890	0.245400286773752
1891	0.244703039955118
1892	0.243802108052876
1893	0.242774762591193
1894	0.241800868985592
1895	0.24065361082048
1896	0.239637189321325
1897	0.238875566008548
1898	0.237863395611969
1899	0.23690324196924
1900	0.235951836082394
1901	0.234982001856501
1902	0.233879781743106
1903	0.233006272043431
1904	0.232292733241246
1905	0.231515301950638
1906	0.230706609249468
1907	0.230085703594131
1908	0.229482178642581
1909	0.228919099513193
1910	0.228445239259655
1911	0.228055412111625
1912	0.227733055819483
1913	0.227453704684262
1914	0.227235728510852
1915	0.227113431936821
1916	0.226969227903974
1917	0.2269665827815
1918	0.226826196182076
1919	0.226778278417467
1920	0.226705617532346
1921	0.226782725841077
1922	0.226952819257265
1923	0.226983950336247
1924	0.227095025059242
1925	0.227145985185138
1926	0.227124116620346
1927	0.227129584781594
1928	0.227193701818688
1929	0.227369950030884
1930	0.227485643430059
1931	0.227654265387466
1932	0.227753563995766
1933	0.227894273338817
1934	0.228022397611748
1935	0.228245500794992
1936	0.2283955849755
1937	0.228594281700578
1938	0.228737118962713
1939	0.228902094582728
1940	0.228932022921625
1941	0.229065105337612
1942	0.22925210338708
1943	0.229455888748742
1944	0.229679378658435
1945	0.229866920328125
1946	0.23004208010114
1947	0.230197955040483
1948	0.230378900001916
1949	0.230505484723341
1950	0.230700779006275
1951	0.230940659109032
1952	0.231071348421211
1953	0.231113805157104
1954	0.23123098559307
1955	0.231343826201918
1956	0.231447469184322
1957	0.231479691889955
1958	0.231576478934035
1959	0.231782549607821
1960	0.231978050101597
1961	0.232145037010391
1962	0.232373485629433
1963	0.232511475845672
1964	0.232562388274909
1965	0.232669513821427
1966	0.232800326862668
1967	0.232938624379289
1968	0.23315382929169
1969	0.233323533769609
1970	0.233576231642942
1971	0.233826172796674
1972	0.234027678544074
1973	0.234194543020659
1974	0.234357415832738
1975	0.234557696332075
1976	0.234677084505697
1977	0.234668859064738
1978	0.234796945485558
1979	0.234930258469625
1980	0.235109376474341
1981	0.235412638910524
1982	0.235762638520315
1983	0.236037298822371
1984	0.236260588385164
1985	0.236435563735136
1986	0.236614046794422
1987	0.236787736088188
1988	0.23694436796352
1989	0.237116956368603
1990	0.237358072534195
1991	0.237537997354447
1992	0.237727548722011
1993	0.237983371021252
1994	0.238264746592544
1995	0.238645710885062
1996	0.238897668054581
1997	0.239092520682853
1998	0.239337045846916
1999	0.239648431195051
2000	0.239878776280537
2001	0.24010064052669
2002	0.240383240782647
2003	0.240599299505537
2004	0.240881423391579
2005	0.241237777637062
2006	0.241656599327054
2007	0.24195710118026
2008	0.242232255414107
2009	0.242438563543898
2010	0.24261442128191
2011	0.242836492694435
2012	0.243030666493403
2013	0.243216031528073
2014	0.243483517559574
2015	0.243729470468375
2016	0.243986026641159
2017	0.244113435244206
2018	0.244248723750043
2019	0.244464580793464
2020	0.244666286346402
2021	0.24483427097859
2022	0.245007098213591
2023	0.245272974079441
2024	0.245379200776819
2025	0.245277069795824
2026	0.245361005950108
2027	0.245533462645152
2028	0.245684698214858
2029	0.245964287403911
2030	0.246175245431962
2031	0.246313501724369
2032	0.246418167909689
2033	0.246564856132618
2034	0.24665427942729
2035	0.24673374411521
2036	0.24687971409358
2037	0.246937178310398
2038	0.246845205457103
2039	0.246918070249302
2040	0.247044124398473
2041	0.247037372658948
2042	0.247176914988513
2043	0.247330047847481
2044	0.247487160561582
2045	0.247586740820701
2046	0.247691267652612
2047	0.247797849706212
2048	0.247940886131595
2049	0.248090455319494
2050	0.248111598961289
2051	0.24803015946814
2052	0.24806015596875
2053	0.248095550620177
2054	0.248075009559735
2055	0.24828834839844
2056	0.248533935288351
2057	0.248497295224788
2058	0.248443508606031
2059	0.248503785110817
2060	0.248624833173735
2061	0.248762892003352
2062	0.248940330727107
2063	0.249047923068706
2064	0.249150901786119
2065	0.249165488743195
2066	0.249268121470359
2067	0.249330337148618
2068	0.249437825718578
2069	0.249561719309188
2070	0.249592062612054
2071	0.249676467864733
2072	0.249762183072934
2073	0.249871477905913
2074	0.249934044350238
2075	0.250002068267536
2076	0.249994217821564
2077	0.249846984712844
2078	0.249925514695758
2079	0.250114768888557
2080	0.25030946163018
2081	0.250530702465668
2082	0.250752456946458
2083	0.250701216861629
2084	0.250739889141918
2085	0.250796379479233
2086	0.250841450643456
2087	0.25091407686771
2088	0.251040782723134
2089	0.251097778719142
2090	0.25096097453033
2091	0.25096998233557
2092	0.250983788333549
2093	0.251048587479111
2094	0.251153445989404
2095	0.251239256095741
2096	0.251177071437599
2097	0.251127081517145
2098	0.25132548626753
2099	0.251490208407757
2100	0.251572766949072
2101	0.251623320948301
2102	0.25164986855508
2103	0.251476393568401
2104	0.251559789460851
2105	0.251920410282161
2106	0.252070148494032
2107	0.252048116744774
2108	0.25205960448877
2109	0.25210485162903
2110	0.252125184420008
2111	0.2523528914354
2112	0.252536876558561
2113	0.252474003047673
2114	0.252455163127751
2115	0.252426286854472
2116	0.252393547854278
2117	0.252356077469464
2118	0.252402601778995
2119	0.252431685374576
2120	0.252583593980137
2121	0.252529299822763
2122	0.25236571036284
2123	0.252255732694603
2124	0.25229796447576
2125	0.251977852496321
2126	0.251736427896239
2127	0.251712082211343
2128	0.251542281143378
2129	0.251417475183391
2130	0.25153162347813
2131	0.2515337936579
2132	0.251417023137823
2133	0.251176358812732
2134	0.250930492892929
2135	0.250496362125932
2136	0.250197442546376
2137	0.249925711367651
2138	0.249607745085117
2139	0.249448942479423
2140	0.249243522443361
2141	0.249010594230784
2142	0.248835439089613
2143	0.248662646533008
2144	0.248474174174763
2145	0.248206424115939
2146	0.247965839952319
2147	0.247780946074714
2148	0.247533512324779
2149	0.247400099008871
2150	0.247460789787066
2151	0.247309715575474
2152	0.247123918669641
2153	0.246867228954789
2154	0.246350436458405
2155	0.246097019157353
2156	0.246096101910339
2157	0.246107518795187
2158	0.24614665585113
2159	0.246057171316782
2160	0.245743786651744
2161	0.245345498621617
2162	0.244902259065839
2163	0.244599973064044
2164	0.244300221535706
2165	0.244016312460582
2166	0.243679371246176
2167	0.24339911776762
2168	0.243122006635031
2169	0.242876533077569
2170	0.24257077215755
2171	0.242286981473039
2172	0.241969342087801
2173	0.241644012669823
2174	0.24123706891796
2175	0.241072035202324
2176	0.240898282694848
2177	0.240505733240326
2178	0.2403374341437
2179	0.240206373565171
2180	0.239918879403858
2181	0.239721971244045
2182	0.23944712342032
2183	0.239219814847494
2184	0.238961192850795
2185	0.238645753381393
2186	0.238308543607871
2187	0.238003691823628
2188	0.237766597712513
2189	0.237445447847438
2190	0.237227929436847
2191	0.236905744564971
2192	0.236578777702949
2193	0.236251935840728
2194	0.235876927118174
2195	0.235616409171655
2196	0.235375848835499
2197	0.234934243448359
2198	0.234581723289895
2199	0.234332332242457
2200	0.234047010140963
2201	0.233920286834991
2202	0.233689894997313
2203	0.233458110324097
2204	0.233245693343171
2205	0.232963727690341
2206	0.23272322719262
2207	0.232541918926366
2208	0.232396198594917
2209	0.232174628999047
2210	0.231994470185876
2211	0.232019421074938
2212	0.232051138837658
2213	0.231923797982223
2214	0.232050440335407
2215	0.232276507716375
2216	0.232088160396111
2217	0.232084301306229
2218	0.232397640157318
2219	0.232388540663197
2220	0.232573752708639
2221	0.232940726969632
2222	0.233227652576442
2223	0.233511244198589
2224	0.233898050164529
2225	0.234111334089169
2226	0.234150306754171
2227	0.234269739731446
2228	0.234398558186683
2229	0.234452692510377
2230	0.234543343284747
2231	0.234620851005585
2232	0.234765320299987
2233	0.234857678781315
2234	0.235153559103122
2235	0.235322948481664
2236	0.235329611757583
2237	0.235583008294752
2238	0.23577444564546
2239	0.235963445265195
2240	0.236070895365486
2241	0.236025752657177
2242	0.236114625460462
2243	0.236357679101883
2244	0.236561967091654
2245	0.237087684278146
2246	0.237436316489766
2247	0.237613463884361
2248	0.237757540463385
2249	0.237786473628862
2250	0.23798968029765
2251	0.23818151556596
2252	0.238398186197504
2253	0.238769294434318
2254	0.239033000483459
2255	0.239194841338447
2256	0.239362396591219
2257	0.239638548053275
2258	0.239848880350839
2259	0.240114032071227
2260	0.240312264732966
2261	0.240437029773933
2262	0.240650965578496
2263	0.240810696120357
2264	0.240856818786191
2265	0.240933639963146
2266	0.240803263975188
2267	0.240740051084826
2268	0.240834681367263
2269	0.24088903976165
2270	0.241046614787941
2271	0.241019012904984
2272	0.24091352950662
2273	0.240850333328128
2274	0.240693757208132
2275	0.240473484154629
2276	0.240286731893675
2277	0.239966126103712
2278	0.239603954317592
2279	0.239094564580519
2280	0.238481381972734
2281	0.237901813771192
2282	0.237432985548825
2283	0.237152618767065
2284	0.23701191974416
2285	0.23675665453448
2286	0.236449956591937
2287	0.236097597821018
2288	0.235843281252396
2289	0.235577174616308
2290	0.235120894645785
2291	0.234697580042431
2292	0.234367002408515
2293	0.234102856525876
2294	0.233828864026813
2295	0.233675929113116
2296	0.233439021807256
2297	0.233154014197375
2298	0.232884815313096
2299	0.232639901793266
2300	0.232410613874394
2301	0.23233101634491
2302	0.232127340112572
2303	0.231733605383471
2304	0.231542408454686
2305	0.231408435055364
2306	0.231122449358542
2307	0.230954076439515
2308	0.230647613996645
2309	0.230044330756611
2310	0.22955987241159
2311	0.229083466018162
2312	0.228387673139722
2313	0.227916110739681
2314	0.227509931627312
2315	0.226801472217561
2316	0.226540262835219
2317	0.226196179541393
2318	0.225650610919757
2319	0.225262723770927
2320	0.22488247428413
2321	0.224344959381988
2322	0.223904734717652
2323	0.223605986853265
2324	0.223677624863924
2325	0.223573351658696
2326	0.223390730654452
2327	0.223350104265724
2328	0.223333346929231
2329	0.223298984036154
2330	0.223329908007549
2331	0.223308354097732
2332	0.223051707700493
2333	0.22312083779297
2334	0.223340481259651
2335	0.223570724473278
2336	0.22412869291936
2337	0.224519122290096
2338	0.224944358907459
2339	0.225234632902631
2340	0.225326769972925
2341	0.225471128930263
2342	0.225540777991571
2343	0.225659501944887
2344	0.225834270063806
2345	0.226032266136644
2346	0.226182846426914
2347	0.226531644907398
2348	0.226927688409735
2349	0.227341455522923
2350	0.227722266154082
2351	0.227923666624581
2352	0.227833564534308
2353	0.227669603674783
2354	0.227042719239056
2355	0.226643953334411
2356	0.22668772369732
2357	0.226469250899259
2358	0.226261035252894
2359	0.225957062801386
2360	0.225543251878094
2361	0.22548767472148
2362	0.225419104767559
2363	0.2253731648455
2364	0.224926919496405
2365	0.224376811667495
2366	0.223968383268245
2367	0.223551747342073
2368	0.223289247834451
2369	0.223189762898072
2370	0.222884433432672
2371	0.222672323641465
2372	0.222150109535762
2373	0.221352413488696
2374	0.220857961127871
2375	0.220380044374633
2376	0.219932129795312
2377	0.219751926570739
2378	0.219441736710828
2379	0.218995208287924
2380	0.218458477253455
2381	0.218080696426135
2382	0.217386216355106
2383	0.216150384571332
2384	0.215562419639797
2385	0.215310647414451
2386	0.214879128673702
2387	0.214817635785478
2388	0.214667750088669
2389	0.214378420946999
2390	0.214114406642393
2391	0.21380250295291
2392	0.213610600403889
2393	0.213570028299598
2394	0.213374810434043
2395	0.213237887943519
2396	0.213038788544008
2397	0.212530112866732
2398	0.212112562290576
2399	0.211834851495352
2400	0.211619994865551
2401	0.211382038509557
2402	0.21141402472458
2403	0.211705095117458
2404	0.2119101631957
2405	0.211988615645437
2406	0.211934402612575
2407	0.211512834433717
2408	0.211095655343274
2409	0.210663824199622
2410	0.210012336889583
2411	0.20951849148969
2412	0.209419025106878
2413	0.209587491638945
2414	0.209502825381277
2415	0.209342806504902
2416	0.209295514456348
2417	0.208896224061959
2418	0.208740735371528
2419	0.208733404821844
2420	0.208402157891539
2421	0.208448713104996
2422	0.208365725950792
2423	0.208055400006383
2424	0.207951097113493
2425	0.207886158436312
2426	0.207677965741704
2427	0.20751541291792
2428	0.207440335512806
2429	0.207198025539124
2430	0.206884302961865
2431	0.206712763852626
2432	0.206482692412715
2433	0.206701367188743
2434	0.207287081284939
2435	0.20701377545491
2436	0.206427170709768
2437	0.206266878041213
2438	0.205626671533172
2439	0.205292926457615
2440	0.205627428341789
2441	0.205540101960557
2442	0.205043171920686
2443	0.204783221681886
2444	0.204842253422999
2445	0.204470147508394
2446	0.20375595839612
2447	0.203304585683827
2448	0.202865938318819
2449	0.202620650577278
2450	0.202418922403516
2451	0.202412552152034
2452	0.202476260732165
2453	0.202515828772538
2454	0.202821966886834
2455	0.20290926058433
2456	0.203071781614915
2457	0.202906803066139
2458	0.202513816750994
2459	0.201967270805253
2460	0.200887742587864
2461	0.200227944733155
2462	0.199712249787378
2463	0.199324968837206
2464	0.19919415478202
2465	0.198919836631012
2466	0.198358727180297
2467	0.198023997086569
2468	0.197960264260464
2469	0.197817546213722
2470	0.197848192346146
2471	0.19759948834174
2472	0.197048108313426
2473	0.196709060396105
2474	0.196198500539926
2475	0.195684060822699
2476	0.194874028345685
2477	0.194712877307183
2478	0.194785265812121
2479	0.194727469861457
2480	0.195146008538153
2481	0.195032212718827
2482	0.194532086519809
2483	0.194343602046328
2484	0.19420236039148
2485	0.19390803966559
2486	0.193105927919461
2487	0.193088940858789
2488	0.193653880824849
2489	0.193609404676998
2490	0.193443565333486
2491	0.193350870988423
2492	0.192984902196359
2493	0.192316537509028
2494	0.191247932754097
2495	0.190724342567654
2496	0.189665368909397
2497	0.188890426248259
2498	0.189700497251237
2499	0.189274062258887
2500	0.18760980995504
