350	0.145718262833818
351	0.16500658736907
352	0.110907826024105
353	0.128465604061759
354	0.132533456031444
355	0.138051182571066
356	0.136115072852239
357	0.118869409709515
358	0.129816163985057
359	0.142793702297986
360	0.114863948816024
361	0.102244286259825
362	0.106385228629718
363	0.128504528343193
364	0.130118564310758
365	0.11761966179421
366	0.106462088765473
367	0.131896010163756
368	0.12244174304501
369	0.11129153065848
370	0.103687867450561
371	0.105084422625502
372	0.107518266466197
373	0.105945628758174
374	0.11065428391445
375	0.114240335384471
376	0.107502168873466
377	0.102065644017391
378	9.97371235980038E-02
379	9.68692773075732E-02
380	0.103103578862826
381	0.103481349341861
382	9.74923593245256E-02
383	0.106896753436677
384	0.113168948254947
385	0.10671212187541
386	0.101050229388819
387	0.100081366114046
388	0.102578914249988
389	0.10098258890475
390	9.01762855539048E-02
391	8.95534243323886E-02
392	9.95743128957412E-02
393	0.105099094027252
394	0.10338018938471
395	0.101412871046109
396	0.100847022872635
397	9.97272860399127E-02
398	9.47540174591919E-02
399	9.79411260835377E-02
400	9.45069228125797E-02
401	9.52930178509914E-02
402	9.71192851362443E-02
403	9.30652809490456E-02
404	9.37454844289732E-02
405	9.54935567135496E-02
406	9.45204952491908E-02
407	8.96064932302962E-02
408	8.99515095416955E-02
409	9.36696930848978E-02
410	9.44420704409734E-02
411	9.30144262144462E-02
412	9.28541322628121E-02
413	9.35880422280101E-02
414	9.14721516794767E-02
415	9.13380218321594E-02
416	0.092394118143239
417	9.31460397992966E-02
418	9.17336766160722E-02
419	8.95225188390162E-02
420	9.09828117357315E-02
421	9.29212969295699E-02
422	9.10737864688129E-02
423	9.01203073314262E-02
424	8.92545442631274E-02
425	9.01894844003079E-02
426	9.07273748376771E-02
427	9.01060600961735E-02
428	8.95630795516933E-02
429	8.98068020575322E-02
430	9.05157840706831E-02
431	9.20080571508181E-02
432	9.21792936538629E-02
433	9.15114594230661E-02
434	9.08551045257683E-02
435	9.20704647225589E-02
436	9.22928086465112E-02
437	9.22469675473919E-02
438	9.24039507845163E-02
439	0.093444072299226
440	9.30481538213274E-02
441	9.25548971008034E-02
442	9.31053322263585E-02
443	9.48532923612522E-02
444	9.50275926404069E-02
445	9.41285927081777E-02
446	9.47150991068191E-02
447	9.53678352070361E-02
448	9.59148405236717E-02
449	0.095017265369704
450	9.51162598775617E-02
451	9.56243291494906E-02
452	9.61885043077315E-02
453	9.67160089709719E-02
454	9.74954128080307E-02
455	9.71838762552514E-02
456	9.77021695768122E-02
457	9.80509454512115E-02
458	9.80162161624169E-02
459	9.84900633247753E-02
460	9.91864142835356E-02
461	0.099485773609699
462	9.96861001830989E-02
463	9.93640245186303E-02
464	9.94892651886394E-02
465	0.100569073314088
466	0.100732328635323
467	0.100660471983658
468	0.100907910165232
469	0.10137901519315
470	0.101163349649785
471	0.101309980112257
472	0.101639221678807
473	0.101718161210613
474	0.102213246023372
475	0.102223935697624
476	0.102286017635864
477	0.102689605929711
478	0.103044534361602
479	0.103116051281215
480	0.103086828429769
481	0.10302552810897
482	0.103289884636672
483	0.103553315062098
484	0.103933311656903
485	0.10419258818689
486	0.104740620015532
487	0.104761819560023
488	0.104721363719937
489	0.105111739838625
490	0.105471561073566
491	0.105677037647678
492	0.105676037763497
493	0.106220521209263
494	0.106435002381477
495	0.106103008261949
496	0.106196005317149
497	0.106679881743394
498	0.107017808246891
499	0.107111238418876
500	0.107372630142595
501	0.107428666098559
502	0.107726148976875
503	0.107976262194978
504	0.108252536863475
505	0.108468138502812
506	0.108679099655504
507	0.109113784890395
508	0.108936316766253
509	0.109039877431397
510	0.109390923287603
511	0.109728440532716
512	0.110104432944638
513	0.110014499408937
514	0.110123178444076
515	0.110484317616847
516	0.111077065993754
517	0.111267740648949
518	0.111410444511165
519	0.111260536093478
520	0.111600644297494
521	0.11216958027874
522	0.112563978862644
523	0.112592607933415
524	0.112681604228352
525	0.112856856688487
526	0.113104777855803
527	0.113323009290739
528	0.11360019681243
529	0.113861724862446
530	0.113533824682487
531	0.113488767802512
532	0.113784773518934
533	0.114090422628282
534	0.114264046235674
535	0.114187323728367
536	0.114219240836983
537	0.114426297986266
538	0.114572881360482
539	0.114486112393374
540	0.114446544608196
541	0.114675672187819
542	0.114783610406852
543	0.114709920920498
544	0.114715022100814
545	0.114685466104725
546	0.114693403813765
547	0.11465902513254
548	0.114865152239587
549	0.114942268156723
550	0.114995471213058
551	0.115073456599138
552	0.115078760488299
553	0.115099329149468
554	0.115139144254169
555	0.115077433432312
556	0.115070970776202
557	0.115046793216277
558	0.114966045542194
559	0.115172833073296
560	0.115161647020305
561	0.115117791655251
562	0.115120195067155
563	0.11502859074694
564	0.114977421133097
565	0.114942600467113
566	0.114889430039536
567	0.114982093549992
568	0.114916551507639
569	0.114789998521225
570	0.114750217204372
571	0.114708064825066
572	0.114617277368394
573	0.114545674425798
574	0.114502927798393
575	0.114405552493461
576	0.114330223120265
577	0.114264737208838
578	0.114234097830267
579	0.114116597116631
580	0.114029324938382
581	0.113979912860892
582	0.113942492585559
583	0.11376004486068
584	0.113709357628687
585	0.113647696931488
586	0.113470873381038
587	0.113151374486862
588	0.113174788220097
589	0.11308669906009
590	0.112920548774971
591	0.112729543092419
592	0.112525830300164
593	0.11242909368407
594	0.112436441756968
595	0.112235816415664
596	0.112001735880626
597	0.11189768104569
598	0.111772356247811
599	0.111736228508764
600	0.111557951322288
601	0.111374697067644
602	0.111264578706019
603	0.111069107720137
604	0.110842707976799
605	0.110752367426536
606	0.11064198970395
607	0.110556311613083
608	0.110402236965739
609	0.11026131162092
610	0.110123974595457
611	0.110116245688982
612	0.110054433521049
613	0.109768135096775
614	0.109635410787901
615	0.109673376053363
616	0.109580942144609
617	0.109428013635064
618	0.109408003052426
619	0.109322732272371
620	0.109299640802316
621	0.109282382921705
622	0.109280225021906
623	0.10928851236885
624	0.109235184772146
625	0.109193695907365
626	0.109070286179127
627	0.109123240662177
628	0.10933037828835
629	0.109430790012404
630	0.109373863068963
631	0.109451997975688
632	0.109480717633167
633	0.109574589697038
634	0.109644391687272
635	0.109745603558548
636	0.109904668977037
637	0.11006418349652
638	0.110226158617041
639	0.110292595828271
640	0.110486346631512
641	0.110739610588395
642	0.110822054483278
643	0.110937058066633
644	0.111096000458931
645	0.111328663396977
646	0.111569327980012
647	0.111720106392019
648	0.111726044693945
649	0.111927782759464
650	0.112111155479011
651	0.112269647094945
652	0.112333889844576
653	0.112352356122858
654	0.112426107926749
655	0.112663571263379
656	0.112739306077398
657	0.112790658626982
658	0.112877697601436
659	0.112968259366506
660	0.112988039000069
661	0.113103061719125
662	0.113280066299844
663	0.11352573166976
664	0.113742230689854
665	0.113921355029356
666	0.114169014129427
667	0.114510711182719
668	0.114901256909531
669	0.11521616214722
670	0.115618788518561
671	0.116104075801514
672	0.116617323661279
673	0.117161817048398
674	0.117658159333678
675	0.118252852147314
676	0.118931480974488
677	0.119604634248565
678	0.120224079784643
679	0.120809739606854
680	0.121477059054986
681	0.122185004983571
682	0.122846499012237
683	0.123505347513357
684	0.124166045579572
685	0.124834630644337
686	0.125482523752665
687	0.126125981064651
688	0.126808677186903
689	0.127510054061017
690	0.12818474688154
691	0.128895098420637
692	0.129706670208748
693	0.130472516241242
694	0.131504822123312
695	0.132763582888257
696	0.134141005982162
697	0.135212292716592
698	0.135764320742264
699	0.135887955231708
700	0.136412533010769
701	0.137074320115603
702	0.137908449233217
703	0.138777407752672
704	0.139570825209254
705	0.140399846614059
706	0.141304137924196
707	0.142181373762231
708	0.143044630910286
709	0.143915900172726
710	0.144798142567097
711	0.145652666111518
712	0.146489254715268
713	0.147302386100829
714	0.148136130970967
715	0.149028652876968
716	0.14981736000697
717	0.150578159526411
718	0.151406983548051
719	0.152201130207728
720	0.152929965640925
721	0.153586469595771
722	0.154300081699433
723	0.155064442154773
724	0.155782613154292
725	0.156423540816769
726	0.15703471818536
727	0.157708068738309
728	0.15840313840544
729	0.159029699821815
730	0.159613165343565
731	0.160191532403835
732	0.160804932933063
733	0.161333921987366
734	0.161869617459926
735	0.162427181322978
736	0.163024144928577
737	0.163471633717704
738	0.163922830965317
739	0.164425636966944
740	0.16489458591504
741	0.165391471408407
742	0.165870010268288
743	0.166202047650193
744	0.166630757712263
745	0.167066950302774
746	0.167417887865775
747	0.167753269999198
748	0.168092697344075
749	0.168477987249784
750	0.168832682475115
751	0.169151628254524
752	0.169473377227468
753	0.169711159568464
754	0.170002578857859
755	0.170244366280382
756	0.17051948873712
757	0.170810553316918
758	0.171032430815047
759	0.171219884118196
760	0.171452479963553
761	0.17167302042589
762	0.171871868027098
763	0.171991604736009
764	0.172200818672822
765	0.172387125286863
766	0.17260179031328
767	0.172813576160448
768	0.173008422929216
769	0.173180467913633
770	0.173395933712227
771	0.173581571471768
772	0.173733420114253
773	0.173862632632253
774	0.174034146681267
775	0.17419074948152
776	0.174300075390823
777	0.174395118816361
778	0.174572557798815
779	0.174760619260987
780	0.174839852981412
781	0.174852731217693
782	0.174966586846246
783	0.175159748291532
784	0.175236597895188
785	0.1753647354858
786	0.175470173754505
787	0.175570175609159
788	0.17567455422395
789	0.175754661697242
790	0.17580965045319
791	0.175915614459428
792	0.176029851149062
793	0.176106381459291
794	0.176212114298573
795	0.176307728342335
796	0.176374056910778
797	0.176420926293337
798	0.176465378418067
799	0.17655394788857
800	0.176629521157853
801	0.176712663486945
802	0.176787915019671
803	0.176824674968096
804	0.176903413181351
805	0.176979033036214
806	0.177004792927576
807	0.177014947247989
808	0.177082888583313
809	0.177108172555821
810	0.17720607521547
811	0.17725004382635
812	0.177271841245999
813	0.177323263198735
814	0.17736993224397
815	0.177382854709865
816	0.17743774778913
817	0.177465573727815
818	0.177493011961402
819	0.177487519001058
820	0.17755004039232
821	0.17762401198384
822	0.177614985199995
823	0.177654347175973
824	0.17768815494165
825	0.177729649705022
826	0.17778157015165
827	0.177781912209827
828	0.177757699512527
829	0.17780344553148
830	0.177879367102562
831	0.177850932744135
832	0.177863831523984
833	0.177847531078717
834	0.17787726389825
835	0.177937433899991
836	0.177936090871934
837	0.177919195846533
838	0.177918378990823
839	0.177885985632233
840	0.177906774756953
841	0.177912255838256
842	0.177908240607776
843	0.177946883980621
844	0.17788513610272
845	0.177862196304316
846	0.177884987914069
847	0.17791923854529
848	0.177917340302648
849	0.177796926300811
850	0.177754255761598
851	0.177807419510071
852	0.177901812206423
853	0.177886698891008
854	0.177839335660132
855	0.177807334067104
856	0.177778593229834
857	0.17780414551896
858	0.177803827357147
859	0.177794011588342
860	0.177828777767948
861	0.177772450279401
862	0.177708303063257
863	0.177620062211153
864	0.177642478860491
865	0.177598721098442
866	0.177529448443078
867	0.17751266354632
868	0.177600662206267
869	0.177543048444042
870	0.177460579225261
871	0.177439590384158
872	0.177373231629042
873	0.177426793957118
874	0.177411192365798
875	0.177253704861861
876	0.177260301466289
877	0.177294418998441
878	0.177264666761049
879	0.177160858358292
880	0.177134456353154
881	0.177158282513104
882	0.177095252760395
883	0.17700111689443
884	0.176946444426469
885	0.17694367998953
886	0.176997636103214
887	0.176911658189768
888	0.176869500256648
889	0.176833414763939
890	0.176824785542179
891	0.176799652174227
892	0.176674260556594
893	0.176607969333592
894	0.176636348145937
895	0.176614062915999
896	0.17649725403032
897	0.176452797161122
898	0.176491308806527
899	0.176458819591626
900	0.176366150971273
901	0.17630656268749
902	0.17626689340578
903	0.176194296798865
904	0.176185403214987
905	0.17616894203947
906	0.176107741652574
907	0.176199057046234
908	0.17617896431264
909	0.176014883766725
910	0.175933778659416
911	0.175958837242571
912	0.175998350012093
913	0.17589748867772
914	0.175890205239686
915	0.17586148904871
916	0.175894072106774
917	0.175849020585756
918	0.175844321068823
919	0.175925876475559
920	0.175773881207857
921	0.175572443476129
922	0.175642943333149
923	0.175704660865399
924	0.17552806145514
925	0.175526255692451
926	0.175530435122412
927	0.175497516825813
928	0.175520643687669
929	0.175450169657522
930	0.175461424285833
931	0.175384971570369
932	0.175352432981659
933	0.175328926731103
934	0.175220106766679
935	0.175189283065414
936	0.175200317679349
937	0.175228125507597
938	0.175254194753193
939	0.175241761929884
940	0.175265073887015
941	0.175090705892798
942	0.175052251014907
943	0.175190839902517
944	0.175136273049902
945	0.175028801671699
946	0.174833578442607
947	0.174807244090088
948	0.174883155824627
949	0.174900472552285
950	0.174771167353587
951	0.174747556354742
952	0.174811224240947
953	0.174706830510777
954	0.17451266769511
955	0.174460265139937
956	0.174627643407808
957	0.174593081806896
958	0.174372324758773
959	0.174479150430126
960	0.174526331480479
961	0.174458868326809
962	0.174246667446074
963	0.174197687858477
964	0.174278002179632
965	0.174223277689191
966	0.174112298862954
967	0.174152548620283
968	0.17422385911008
969	0.174071756275923
970	0.173888772872615
971	0.17400043054255
972	0.17417178308017
973	0.174079616136623
974	0.173795351353341
975	0.173756714559648
976	0.17378894304508
977	0.173851711685467
978	0.17387362442424
979	0.173821308486334
980	0.173681633590794
981	0.173504581841598
982	0.17357959195008
983	0.173414442543579
984	0.173513691158692
985	0.173689947390668
986	0.173740991904712
987	0.173673735548835
988	0.173451460399226
989	0.173395370560964
990	0.173095788235208
991	0.173046677034126
992	0.173288791258025
993	0.173513828899455
994	0.173468077724839
995	0.173402483702333
996	0.173227397431648
997	0.172975905954376
998	0.173003238100041
999	0.172901310380631
1000	0.173066850741793
1001	0.175196581460878
1002	0.175175550737166
1003	0.175221389023827
1004	0.175065160190075
1005	0.175052092886164
1006	0.175005977671099
1007	0.175015296846547
1008	0.174923577759403
1009	0.174933297274121
1010	0.174982515664172
1011	0.174991748698504
1012	0.175046289550971
1013	0.17507605583288
1014	0.174812965079193
1015	0.174677478634807
1016	0.17466765795624
1017	0.174587218649794
1018	0.174598416458305
1019	0.174637497971609
1020	0.174743332678687
1021	0.174741607340671
1022	0.174731753561668
1023	0.174529232750652
1024	0.174481484971427
1025	0.174226382604922
1026	0.174181029525684
1027	0.174374425008116
1028	0.174400222784042
1029	0.174425705354401
1030	0.174414310444316
1031	0.174401809213191
1032	0.174328312953834
1033	0.174316497678346
1034	0.174321425723791
1035	0.174309795388932
1036	0.174250862868447
1037	0.174325539194482
1038	0.174265529599057
1039	0.174236633152911
1040	0.174150764253914
1041	0.174140551136279
1042	0.174109488273782
1043	0.173993989834097
1044	0.173919908227732
1045	0.173928509032191
1046	0.173855609158783
1047	0.173744889684539
1048	0.173788157402413
1049	0.173811912331342
1050	0.173871132074228
1051	0.17403266565908
1052	0.174027920815379
1053	0.173851598170551
1054	0.17384779002235
1055	0.173874175136172
1056	0.173899952288916
1057	0.173749678627983
1058	0.17379947197538
1059	0.173810196255414
1060	0.173659044557535
1061	0.173700039592386
1062	0.173766210158819
1063	0.173743409750999
1064	0.173751937987219
1065	0.173772272556654
1066	0.173702999758402
1067	0.173734991930835
1068	0.173612822214611
1069	0.173538861297861
1070	0.173435734935719
1071	0.173436244366649
1072	0.173472410580681
1073	0.173486401637081
1074	0.173479749296962
1075	0.173421512451017
1076	0.173393192330965
1077	0.173307468393247
1078	0.173263217241395
1079	0.173279613669399
1080	0.173219388200108
1081	0.17330127020505
1082	0.173344432653565
1083	0.173356350414659
1084	0.173342544758748
1085	0.173286748811551
1086	0.173257369884267
1087	0.173263776787884
1088	0.173241217629547
1089	0.173182847816723
1090	0.173162058189015
1091	0.173071921490364
1092	0.173090602887077
1093	0.173156085968012
1094	0.17325002828963
1095	0.173185442739108
1096	0.173084073790361
1097	0.17309063322916
1098	0.173073674231186
1099	0.173051984788942
1100	0.173086705460439
1101	0.173128812901631
1102	0.173104861532216
1103	0.173081117261054
1104	0.173025975327045
1105	0.173032381157041
1106	0.173047225537567
1107	0.173008884110493
1108	0.172982891379984
1109	0.173069567966553
1110	0.173121457883984
1111	0.173160780524567
1112	0.173138815237695
1113	0.173194327733993
1114	0.173200114385967
1115	0.173142736791531
1116	0.173139344845993
1117	0.173178014477292
1118	0.173118540303117
1119	0.173029017477581
1120	0.173135736882823
1121	0.173159541533304
1122	0.173139683082583
1123	0.173080777598302
1124	0.173041439991369
1125	0.173014375224157
1126	0.173039609420408
1127	0.173091607839238
1128	0.173122908193956
1129	0.173053625705719
1130	0.172961348226139
1131	0.172908427080428
1132	0.172873965601705
1133	0.172949724906411
1134	0.172937140566508
1135	0.172944395699798
1136	0.172867892782566
1137	0.172886633282592
1138	0.172913981117134
1139	0.172881453372984
1140	0.172917617057463
1141	0.172883163312233
1142	0.17285593434767
1143	0.172839049345154
1144	0.172798269776021
1145	0.172728702865921
1146	0.172687664387329
1147	0.172698411331516
1148	0.172719469772928
1149	0.172667032932715
1150	0.172680347871078
1151	0.172644108587754
1152	0.172594126877564
1153	0.172553269479458
1154	0.17249205974667
1155	0.172474686755028
1156	0.172426052095144
1157	0.172377368576949
1158	0.172333628431382
1159	0.17233448614963
1160	0.17228532520762
1161	0.172291442881999
1162	0.172318220530556
1163	0.172267697801498
1164	0.172199559268312
1165	0.17218951788344
1166	0.172113279121145
1167	0.172100891903258
1168	0.172070962205077
1169	0.172037290364103
1170	0.172047987120692
1171	0.17202216429511
1172	0.171966734827903
1173	0.171948547025066
1174	0.171862438526465
1175	0.17187750019359
1176	0.171838991727516
1177	0.171828096592606
1178	0.171852476115521
1179	0.17184288687146
1180	0.171822124001123
1181	0.17180691596645
1182	0.17176179654753
1183	0.171727236447943
1184	0.17171360102096
1185	0.171687365866926
1186	0.17171440550166
1187	0.171721693177165
1188	0.17168317112049
1189	0.171724130676744
1190	0.171714086470644
1191	0.171712430097959
1192	0.171702755847922
1193	0.171719023760573
1194	0.171696908727794
1195	0.17167973235639
1196	0.171685001773415
1197	0.17170386182641
1198	0.171683104367003
1199	0.171653219849577
1200	0.171659680515012
1201	0.171633884643749
1202	0.171692433316819
1203	0.171753036726585
1204	0.171775740324121
1205	0.171795568358657
1206	0.171821973755983
1207	0.171866439253083
1208	0.171907242780654
1209	0.171915764077314
1210	0.171932400879957
1211	0.17194759454892
1212	0.171930452300214
1213	0.171920063032843
1214	0.171972933121791
1215	0.172021502521598
1216	0.172099179184595
1217	0.172122130498356
1218	0.172185889408541
1219	0.17222214176084
1220	0.172239438589364
1221	0.172311716775341
1222	0.172352560939635
1223	0.172378254617482
1224	0.172415482962555
1225	0.17245681206952
1226	0.172494198680306
1227	0.17254058959276
1228	0.17258462290242
1229	0.17264093344579
1230	0.172659593505013
1231	0.172692084086133
1232	0.172762803592071
1233	0.172785665062956
1234	0.17281767709425
1235	0.172881469306989
1236	0.172881469306989
1237	0.172978107456681
1238	0.172984802171522
1239	0.172984131695309
1240	0.173010918667439
1241	0.17306270166189
1242	0.173121403919724
1243	0.173166193212015
1244	0.173242349946994
1245	0.173282632842791
1246	0.1733364017638
1247	0.17339017421484
1248	0.173406781365039
1249	0.173435267326428
1250	0.17349114015213
1251	0.173572001585474
1252	0.173635496517078
1253	0.173691132347756
1254	0.173716021496054
1255	0.173753126284205
1256	0.173821296838823
1257	0.1738398706708
1258	0.173860868686442
1259	0.173899878200535
1260	0.173881499035348
1261	0.173888274325716
1262	0.173899392790329
1263	0.173991420857089
1264	0.174035393157707
1265	0.174053228203857
1266	0.174094425946738
1267	0.174079943750915
1268	0.174102439567949
1269	0.174161226413909
1270	0.174211429575276
1271	0.174224866072896
1272	0.174277114952466
1273	0.17425345509875
1274	0.174328572458239
1275	0.174411971652354
1276	0.174463575685092
1277	0.17446435223845
1278	0.174532261794408
1279	0.174595124764433
1280	0.174598951620349
1281	0.174636497597569
1282	0.174670860836636
1283	0.174729332211113
1284	0.174773433055343
1285	0.174863426437772
1286	0.174930075257975
1287	0.174997249702899
1288	0.175014777127229
1289	0.175028436571633
1290	0.175052029121372
1291	0.175088122844733
1292	0.175139202222168
1293	0.17515362456696
1294	0.175220737580184
1295	0.175268820990071
1296	0.175272565032843
1297	0.17530381779891
1298	0.175345740306387
1299	0.175352310069759
1300	0.175440856649424
1301	0.175515373309408
1302	0.175509910035313
1303	0.175489989390201
1304	0.17550030464824
1305	0.17550964942208
1306	0.175475342774126
1307	0.175514051645449
1308	0.175491483705946
1309	0.175467026440687
1310	0.175457725172659
1311	0.175534834460019
1312	0.175497703946883
1313	0.175462881881991
1314	0.175455154704852
1315	0.175464699863937
1316	0.175450138289763
1317	0.175544029254064
1318	0.175552692450158
1319	0.175507682018131
1320	0.175526877018285
1321	0.175558724867487
1322	0.175573011799422
1323	0.175519809595767
1324	0.175529681629062
1325	0.175517579338778
1326	0.175481510696636
1327	0.175452460610956
1328	0.175441602724025
1329	0.175389539438838
1330	0.175410426077784
1331	0.175412445820623
1332	0.175395792030821
1333	0.175403616303492
1334	0.175394616714065
1335	0.175400966986894
1336	0.175419443025471
1337	0.175404004558559
1338	0.175348076022536
1339	0.175324679186241
1340	0.175255564679988
1341	0.175211496122837
1342	0.175169103015563
1343	0.175137376763238
1344	0.175132656744714
1345	0.175077992470987
1346	0.174974431371286
1347	0.174951272490908
1348	0.174901198087867
1349	0.174889514960982
1350	0.174893558089822
1351	0.174882096999473
1352	0.174805449478441
1353	0.174715590149809
1354	0.174612045832577
1355	0.174576406553656
1356	0.174560532056966
1357	0.174496447698344
1358	0.174427876595969
1359	0.174415504441063
1360	0.174357422834411
1361	0.174276638292996
1362	0.174222463251006
1363	0.17416975123851
1364	0.174116629613759
1365	0.174049910227127
1366	0.173987220889329
1367	0.17393223998635
1368	0.173857510642778
1369	0.173758454484414
1370	0.173689531636998
1371	0.17357108659984
1372	0.173477075660176
1373	0.173346353588128
1374	0.173192046309811
1375	0.17302459291471
1376	0.172851375836137
1377	0.172656266458187
1378	0.172458798164679
1379	0.172315230171838
1380	0.172081921747139
1381	0.171826156196457
1382	0.171541379440116
1383	0.171227261822977
1384	0.170916266304557
1385	0.170589779969879
1386	0.170248562072051
1387	0.1699314757267
1388	0.169574179915787
1389	0.169205451629029
1390	0.16886333828039
1391	0.168506670521384
1392	0.168165329636841
1393	0.167849251812084
1394	0.167534298105511
1395	0.167197612410413
1396	0.166856090252277
1397	0.166501705573365
1398	0.166145920203808
1399	0.165787910047221
1400	0.165451944074761
1401	0.165094710567075
1402	0.164729543417252
1403	0.164368067268961
1404	0.164045399512628
1405	0.163674652592355
1406	0.163312752689982
1407	0.162923220935743
1408	0.162528508307019
1409	0.16212012853584
1410	0.161708918643104
1411	0.161290767757688
1412	0.160878131748364
1413	0.160473903817613
1414	0.160069627427861
1415	0.15965966309239
1416	0.159205364532558
1417	0.158813319942181
1418	0.158409658548126
1419	0.158002198991175
1420	0.157651447134207
1421	0.157269590378178
1422	0.156901177431947
1423	0.156523950138936
1424	0.156149765847203
1425	0.155780569898146
1426	0.15549805698075
1427	0.155222169468679
1428	0.154916208174705
1429	0.154646787217916
1430	0.15439976948311
1431	0.154128951209526
1432	0.153861386906312
1433	0.153620714860025
1434	0.153385651990435
1435	0.153159461632716
1436	0.153014685131521
1437	0.152887289122206
1438	0.152775401100907
1439	0.152669457483922
1440	0.152566058576535
1441	0.152485413270489
1442	0.152390515070098
1443	0.152309354367758
1444	0.152276642099709
1445	0.152252488157203
1446	0.152228522827475
1447	0.15219548139856
1448	0.152184725577563
1449	0.152177093238017
1450	0.152170741728376
1451	0.152194274926792
1452	0.152192387435063
1453	0.15222947366395
1454	0.152236562729059
1455	0.152248201128996
1456	0.152298217739437
1457	0.1523192991839
1458	0.152344521184244
1459	0.152396532261529
1460	0.152431540956571
1461	0.152488439525167
1462	0.152492100252616
1463	0.152517149207154
1464	0.152521953445936
1465	0.1525251882985
1466	0.152569186561441
1467	0.152647524898468
1468	0.152694621094806
1469	0.152766869027557
1470	0.152832963929566
1471	0.152905561499257
1472	0.152950325504831
1473	0.153023254037371
1474	0.153134043366972
1475	0.153177229288218
1476	0.15327319190524
1477	0.153312025251713
1478	0.153324424490908
1479	0.15335876768003
1480	0.153420030255106
1481	0.153463900615703
1482	0.153559881993978
1483	0.153639193765575
1484	0.153707257347879
1485	0.153756435618397
1486	0.153801324299149
1487	0.153876660771207
1488	0.153932777557787
1489	0.154008476271328
1490	0.154119595281823
1491	0.154186236858683
1492	0.154271958775609
1493	0.154360285025333
1494	0.154388736908909
1495	0.154508322057598
1496	0.154610501426405
1497	0.154714016362855
1498	0.154837528156255
1499	0.154982320364908
1500	0.155099123748121
1501	0.155213491073758
1502	0.155301419869542
1503	0.155416357646739
1504	0.155524625928589
1505	0.155640175993156
1506	0.155758605930653
1507	0.155874802054357
1508	0.15601196188348
1509	0.156118972895494
1510	0.156200081093242
1511	0.156344130599947
1512	0.156462183062687
1513	0.156571318735318
1514	0.156699528982084
1515	0.156801477488803
1516	0.156953205324792
1517	0.157040956307045
1518	0.157103819772989
1519	0.157137365241695
1520	0.157263340891752
1521	0.157333123124779
1522	0.157464053165883
1523	0.157578767556425
1524	0.157705355924456
1525	0.157820871707964
1526	0.157905691891939
1527	0.15802015110902
1528	0.158115701384573
1529	0.158183804640835
1530	0.158257684845355
1531	0.15834279674944
1532	0.158411986749464
1533	0.158509744632749
1534	0.158574205173779
1535	0.158668612673699
1536	0.158738684974114
1537	0.158769278869865
1538	0.158850136636513
1539	0.158902174035239
1540	0.15895578196999
1541	0.158970672950545
1542	0.159057607708869
1543	0.15912928459879
1544	0.159216739894555
1545	0.159341790303449
1546	0.159401911515112
1547	0.159431615275413
1548	0.159525457081277
1549	0.159602396694436
1550	0.159652656846042
1551	0.159762589594037
1552	0.159846839526366
1553	0.159904614958722
1554	0.159961058650415
1555	0.159963320055027
1556	0.159991651582499
1557	0.160061805176999
1558	0.16009039699068
1559	0.160097607622612
1560	0.160131803677085
1561	0.160219961426558
1562	0.160259954820797
1563	0.160333474732631
1564	0.160368313133292
1565	0.16040676731212
1566	0.160459681680532
1567	0.160548421436105
1568	0.160601732814507
1569	0.160638871570094
1570	0.160703623302562
1571	0.16078007834867
1572	0.160821743429158
1573	0.160919971751802
1574	0.160962035601184
1575	0.160918406539963
1576	0.160954984747104
1577	0.160924608119507
1578	0.160972625428369
1579	0.16108660859551
1580	0.161170329992812
1581	0.161271695666144
1582	0.161344658113416
1583	0.161433543091299
1584	0.161542524400587
1585	0.161637397679913
1586	0.161717281688706
1587	0.161858408972782
1588	0.161992112247952
1589	0.162109468315123
1590	0.162208292206433
1591	0.162290638749188
1592	0.162396049985649
1593	0.1624299602057
1594	0.162541952161554
1595	0.162630402925242
1596	0.162701034907732
1597	0.162803253066231
1598	0.162923679885937
1599	0.163021156764797
1600	0.163130489083489
1601	0.16328194783293
1602	0.163392137587309
1603	0.163494787000055
1604	0.163623865942252
1605	0.163745137346671
1606	0.163881260397301
1607	0.164062570715268
1608	0.164168795328155
1609	0.164285594320849
1610	0.164361529949256
1611	0.16444639135837
1612	0.164529145478583
1613	0.164570738031382
1614	0.164647909956387
1615	0.164708954207979
1616	0.164774281921802
1617	0.164826237221303
1618	0.164898310247898
1619	0.165004711635093
1620	0.165115525347484
1621	0.165247113773285
1622	0.165326979572342
1623	0.165371492116066
1624	0.165445595584107
1625	0.16558479158386
1626	0.165666041614906
1627	0.165802409729495
1628	0.165890905415954
1629	0.165972321880928
1630	0.166055115013318
1631	0.166117894826267
1632	0.166188361071168
1633	0.166282647930078
1634	0.16634721966611
1635	0.166421975929892
1636	0.166500218482471
1637	0.16657436674403
1638	0.166620313297785
1639	0.166675054155434
1640	0.166734668650183
1641	0.166798683821119
1642	0.16683891832301
1643	0.166937473612738
1644	0.167038468697041
1645	0.167140299900499
1646	0.167222089434931
1647	0.167253373677137
1648	0.167322269423616
1649	0.167298454550249
1650	0.167374587213058
1651	0.167512484673798
1652	0.167596356762956
1653	0.167624238591392
1654	0.167640379497538
1655	0.167697057398826
1656	0.16769293859871
1657	0.167641834007276
1658	0.167630819866744
1659	0.167582826221556
1660	0.167557785453168
1661	0.16753525709482
1662	0.167551987389974
1663	0.16751050275492
1664	0.167498894097303
1665	0.167475723123921
1666	0.167442551806174
1667	0.167458016495249
1668	0.167403094989302
1669	0.16730193263671
1670	0.167246137220207
1671	0.167146816625988
1672	0.167061472611256
1673	0.166983826378035
1674	0.16689045900728
1675	0.16677198612402
1676	0.166648597791353
1677	0.166507531401093
1678	0.166382912324961
1679	0.166209771877365
1680	0.166054413801299
1681	0.165868428782978
1682	0.165681817139928
1683	0.165451911292324
1684	0.165270540351851
1685	0.165132147351179
1686	0.164986326763039
1687	0.164877776249486
1688	0.164813104956108
1689	0.164626023996548
1690	0.164560357838378
1691	0.164562219578941
1692	0.164534027298222
1693	0.164514771468142
1694	0.164471272085288
1695	0.164429619695154
1696	0.164424070784329
1697	0.164453916523682
1698	0.164448400331703
1699	0.164401523586309
1700	0.164326576855953
1701	0.164287340607935
1702	0.164188810644583
1703	0.164075832496136
1704	0.163961059585967
1705	0.16384389167938
1706	0.163764258237478
1707	0.163700553677901
1708	0.163568489556125
1709	0.163457536084694
1710	0.163362647998229
1711	0.163358796847338
1712	0.163317227754489
1713	0.163262022335206
1714	0.163124637058674
1715	0.16295770342017
1716	0.162844763861722
1717	0.162720472018574
1718	0.162599364720347
1719	0.162523919156593
1720	0.162371710474098
1721	0.162250100921446
1722	0.162083730185524
1723	0.161896680311199
1724	0.161744430873722
1725	0.161575001012006
1726	0.161398566425329
1727	0.161248871641446
1728	0.161086491981675
1729	0.160941064283764
1730	0.160861323312198
1731	0.160733773185949
1732	0.160662814424914
1733	0.160545078161969
1734	0.160505340118355
1735	0.160524897301441
1736	0.16046403397185
1737	0.160466579950924
1738	0.160482223801902
1739	0.160496253954347
1740	0.160547826421519
1741	0.160658301197731
1742	0.160693841702367
1743	0.160727775679617
1744	0.160745222197527
1745	0.160707291004346
1746	0.160678909412055
1747	0.160716734629129
1748	0.160727688654337
1749	0.16070872216107
1750	0.160682974574999
1751	0.160667993660665
1752	0.160588930537333
1753	0.160529632389207
1754	0.16054927745322
1755	0.160487019374349
1756	0.160414268312911
1757	0.160432893927544
1758	0.160426868435199
1759	0.160362674599556
1760	0.160329002855385
1761	0.160336140095567
1762	0.160320874433742
1763	0.16032548670927
1764	0.160325302895349
1765	0.160360657529231
1766	0.160432497598242
1767	0.160495646970121
1768	0.160517372777775
1769	0.1605743637308
1770	0.160498564048574
1771	0.160475547145356
1772	0.160496368874566
1773	0.160432069769881
1774	0.160336510939795
1775	0.160384899901929
1776	0.1603973141931
1777	0.16046544312088
1778	0.160473363141845
1779	0.160428695065205
1780	0.160414428741902
1781	0.16033376716731
1782	0.160289706582701
1783	0.160268567815616
1784	0.160284467619699
1785	0.160375623628694
1786	0.160443376683648
1787	0.160479715666599
1788	0.16048741078138
1789	0.160523196062041
1790	0.160611299305701
1791	0.160659878924318
1792	0.160723198728397
1793	0.160730600915401
1794	0.160765404742168
1795	0.16078257094421
1796	0.160853464950124
1797	0.160870636626161
1798	0.160891913306987
1799	0.16093664301347
1800	0.160901014970183
1801	0.160937657598834
1802	0.161006845244236
1803	0.161040390927776
1804	0.161060447144314
1805	0.161046316123739
1806	0.161070959646545
1807	0.161086486880763
1808	0.161060539398172
1809	0.161182675891063
1810	0.161270523483741
1811	0.161338428506062
1812	0.16152110138219
1813	0.161583287235319
1814	0.161693291608553
1815	0.161826880446945
1816	0.161969084684556
1817	0.16198591171005
1818	0.16200282574953
1819	0.162107538370543
1820	0.162139277993775
1821	0.162254774700643
1822	0.162394564301005
1823	0.162457642304205
1824	0.162495122953906
1825	0.162599639945958
1826	0.162659773714766
1827	0.16254402166171
1828	0.162612807756544
1829	0.162721608724526
1830	0.16283719883228
1831	0.163071032611339
1832	0.163129355575217
1833	0.163134614687056
1834	0.163177070755498
1835	0.163295115447723
1836	0.163380393786139
1837	0.163405023798819
1838	0.163512807924377
1839	0.163688499213285
1840	0.163739660595282
1841	0.163931983444551
1842	0.164016488339191
1843	0.164066319829828
1844	0.164166627470787
1845	0.164120350275457
1846	0.163899481457121
1847	0.1639334530638
1848	0.163996789831677
1849	0.163968397854708
1850	0.164140862462161
1851	0.164199509273182
1852	0.164092283191121
1853	0.16393472619892
1854	0.163845655312583
1855	0.163894824187099
1856	0.163833303046204
1857	0.163825375564468
1858	0.163778043140115
1859	0.163742366083386
1860	0.16365660439962
1861	0.163608813000429
1862	0.163619789773599
1863	0.16353519285634
1864	0.163458443018043
1865	0.163309888470662
1866	0.163138050799921
1867	0.162911339912577
1868	0.16271340462138
1869	0.162345708888409
1870	0.161988061025657
1871	0.161771793670141
1872	0.161385403436051
1873	0.160943033272681
1874	0.160499292635212
1875	0.160094492377202
1876	0.159619587793606
1877	0.159154566972462
1878	0.158602129552422
1879	0.158185300111961
1880	0.157553565581682
1881	0.156883159301322
1882	0.156235182180855
1883	0.155442876741229
1884	0.154421646210475
1885	0.153537861572116
1886	0.152700851072042
1887	0.151774605778985
1888	0.150944208443794
1889	0.149975560482872
1890	0.148906610527781
1891	0.147785426135363
1892	0.146654750601056
1893	0.145417265441621
1894	0.144168969300823
1895	0.142766252098049
1896	0.141461695706063
1897	0.140152223914665
1898	0.138975652844781
1899	0.137755782994401
1900	0.136669358462112
1901	0.135441587498165
1902	0.134142578139271
1903	0.132877964912529
1904	0.131593058820431
1905	0.130386452851603
1906	0.129313956104621
1907	0.128212969743124
1908	0.12709308399413
1909	0.126050614359031
1910	0.125059583070238
1911	0.124023125369366
1912	0.123126466781211
1913	0.122370377993446
1914	0.121633788267149
1915	0.120924929174855
1916	0.120284245556936
1917	0.119731279480176
1918	0.119164272578424
1919	0.118638903603622
1920	0.118071794688395
1921	0.117637493187132
1922	0.117210734314383
1923	0.116844231869704
1924	0.116617856242976
1925	0.116383919280439
1926	0.116196133405953
1927	0.116025107702257
1928	0.115854412554691
1929	0.115656494144977
1930	0.11556183061029
1931	0.115461174737133
1932	0.1154027347357
1933	0.115477327735845
1934	0.115509771576407
1935	0.115438084074933
1936	0.115427965053517
1937	0.115448954289773
1938	0.115522641148447
1939	0.11562522463157
1940	0.115829688659609
1941	0.115925101283299
1942	0.11599210537206
1943	0.116103984858923
1944	0.116237600055271
1945	0.116406868301197
1946	0.116708848959399
1947	0.11695202616906
1948	0.117216675714862
1949	0.117495271464625
1950	0.117779857892444
1951	0.118203341384619
1952	0.118475582443569
1953	0.11867548708469
1954	0.118997998874465
1955	0.11939107079078
1956	0.119741745090115
1957	0.120236220834428
1958	0.12057578729127
1959	0.120781354281555
1960	0.121010913774419
1961	0.121213314243208
1962	0.121313022032653
1963	0.121543711685939
1964	0.121821429210008
1965	0.122062116667903
1966	0.122465950418798
1967	0.122695190861599
1968	0.122721891608591
1969	0.12285775727061
1970	0.123084139034391
1971	0.123272288513667
1972	0.123475534173049
1973	0.123845112080432
1974	0.124041315523424
1975	0.124082716237975
1976	0.124297026913379
1977	0.124609039273988
1978	0.124831075252096
1979	0.125089150029438
1980	0.125361992660654
1981	0.12578188660694
1982	0.126112365292496
1983	0.126411444341333
1984	0.126804672822593
1985	0.127133236050525
1986	0.127361391820534
1987	0.127600438392914
1988	0.127881482504693
1989	0.128153619111758
1990	0.128468678192875
1991	0.128741408319106
1992	0.129013191604579
1993	0.129351287721762
1994	0.129643742155096
1995	0.129906068381503
1996	0.130116149096032
1997	0.130350424156333
1998	0.130514449051246
1999	0.130609851601737
2000	0.130781960157082
2001	0.131048238084376
2002	0.131261656309676
2003	0.131427339860228
2004	0.131602154238613
2005	0.131728055271208
2006	0.131757306600279
2007	0.131859222255756
2008	0.131953467869887
2009	0.132081254741528
2010	0.132232893508511
2011	0.132345630340575
2012	0.132479589001012
2013	0.132592722489228
2014	0.132635285149112
2015	0.132604224342504
2016	0.132534226041195
2017	0.132525197470294
2018	0.132571988027579
2019	0.132565344633973
2020	0.132546820046198
2021	0.132536617898408
2022	0.132492274063466
2023	0.132284529267072
2024	0.132154541892737
2025	0.132073311802715
2026	0.131891091545967
2027	0.131604698669257
2028	0.131420022181919
2029	0.131238992780059
2030	0.130986847525576
2031	0.130735835698034
2032	0.130548330214912
2033	0.130288253799528
2034	0.129887504099165
2035	0.129519909894421
2036	0.129103316057412
2037	0.12874483315671
2038	0.128410801622669
2039	0.128103744954106
2040	0.127819511294961
2041	0.127626132636631
2042	0.127349846845869
2043	0.127007379579171
2044	0.126766154568818
2045	0.126627158907271
2046	0.126385082994927
2047	0.126143288416432
2048	0.12596128312353
2049	0.125698916949805
2050	0.125477899308553
2051	0.1252100592227
2052	0.125158051521521
2053	0.125022925080388
2054	0.124754582568765
2055	0.124528456408898
2056	0.124289842309988
2057	0.124079994577829
2058	0.124042993585607
2059	0.123972427470654
2060	0.124064271063002
2061	0.124074856832556
2062	0.124031771238951
2063	0.124030810883359
2064	0.124022381270683
2065	0.124034692044845
2066	0.123850401301376
2067	0.123647427713176
2068	0.123588567680292
2069	0.123421251586169
2070	0.123328245153071
2071	0.123284523642459
2072	0.123243845879469
2073	0.12317806913015
2074	0.123082290272753
2075	0.123049305546498
2076	0.123023685401813
2077	0.122887736302037
2078	0.122854161513452
2079	0.122865093228681
2080	0.122989869170197
2081	0.123074619061418
2082	0.123109760005092
2083	0.123268396844977
2084	0.123349588432466
2085	0.123390930056375
2086	0.123377182322837
2087	0.123343326203021
2088	0.123122030361578
2089	0.123072077650456
2090	0.123157947066343
2091	0.123195860633202
2092	0.123237534606796
2093	0.123203025125621
2094	0.123146840658421
2095	0.12321660275056
2096	0.123226418327326
2097	0.123183928606979
2098	0.123155032498813
2099	0.122994005644079
2100	0.12294724624588
2101	0.122970077886647
2102	0.122947036004059
2103	0.122908312725372
2104	0.122889105497851
2105	0.122807271953713
2106	0.122795854143641
2107	0.122785744629734
2108	0.122848770775783
2109	0.122945832993059
2110	0.122994806850467
2111	0.122905694718604
2112	0.122863814547696
2113	0.123018213899947
2114	0.123066338145921
2115	0.123149728916493
2116	0.1234927678275
2117	0.123544026201065
2118	0.123364740059096
2119	0.123374445981052
2120	0.12334296885405
2121	0.123419475301387
2122	0.123689172723357
2123	0.123756959342315
2124	0.12372367562013
2125	0.123847879919082
2126	0.123845979827716
2127	0.123757896003745
2128	0.123781310803341
2129	0.123739285708386
2130	0.12366076181934
2131	0.123646056179086
2132	0.123601451050032
2133	0.123615597335756
2134	0.123524083753285
2135	0.123275282765701
2136	0.123144585542548
2137	0.123038483182604
2138	0.122930370814582
2139	0.122971150277453
2140	0.122950343092426
2141	0.122890492820192
2142	0.122801415248
2143	0.122506628558311
2144	0.122254910950654
2145	0.122245798917399
2146	0.122061106559071
2147	0.121948718268394
2148	0.122092576247104
2149	0.122006209717777
2150	0.121789724410865
2151	0.121646679562012
2152	0.121454857326488
2153	0.121346067002725
2154	0.121322650504502
2155	0.121373359374621
2156	0.121433401525332
2157	0.121320370217144
2158	0.121178924910302
2159	0.121001642607986
2160	0.120824517253197
2161	0.120793547377238
2162	0.120749267537405
2163	0.120695808275515
2164	0.120655551976572
2165	0.120695911922646
2166	0.120632944944419
2167	0.120433503818493
2168	0.120351617482223
2169	0.120205380251824
2170	0.120045930576937
2171	0.119819911477655
2172	0.119755795032138
2173	0.119624960118347
2174	0.119383803574171
2175	0.119302197933893
2176	0.119315706115632
2177	0.119312285054232
2178	0.119347835698029
2179	0.119342694017321
2180	0.119197212243786
2181	0.119060053614528
2182	0.11877279102835
2183	0.118661283599042
2184	0.118659174268509
2185	0.118646726968606
2186	0.118644284899762
2187	0.118671295521863
2188	0.118653605370887
2189	0.118674500552273
2190	0.118632312579091
2191	0.118812573667587
2192	0.118867306131018
2193	0.118920133775352
2194	0.118985641936268
2195	0.11895434972352
2196	0.1189313434454
2197	0.118855230366701
2198	0.118817419551174
2199	0.118697561282584
2200	0.118897066991819
2201	0.119128317857209
2202	0.119186300192008
2203	0.119219450648492
2204	0.119190047320762
2205	0.118948521197642
2206	0.118840690609404
2207	0.118723032554592
2208	0.118721217631568
2209	0.118795272728379
2210	0.11893246888386
2211	0.118937007100054
2212	0.11904893483757
2213	0.118897894527884
2214	0.118911757458678
2215	0.119077736958676
2216	0.119094547497437
2217	0.119282411221152
2218	0.119353336144632
2219	0.11952499661933
2220	0.119802439370381
2221	0.119917335662986
2222	0.12011427389374
2223	0.120160515600915
2224	0.120155757366476
2225	0.120129695114714
2226	0.120025610713123
2227	0.120009094807664
2228	0.120140288925001
2229	0.120200612972788
2230	0.120192437460435
2231	0.120382632009237
2232	0.120474775865909
2233	0.120369476952295
2234	0.120401384829712
2235	0.120294746103414
2236	0.120296127515372
2237	0.120488136590242
2238	0.120414852188735
2239	0.120536968914114
2240	0.12054980236399
2241	0.120177095006462
2242	0.120227406861015
2243	0.120084073554031
2244	0.119886950438474
2245	0.11967508779554
2246	0.119496162794804
2247	0.119015559771052
2248	0.118827566818322
2249	0.11891732534075
2250	0.118761640012646
2251	0.11854529888254
2252	0.118342268155651
2253	0.11802433798675
2254	0.117697970862095
2255	0.117430977102444
2256	0.117199359208436
2257	0.116721135446973
2258	0.116354865088058
2259	0.116114477065102
2260	0.11586283102784
2261	0.115747142998912
2262	0.115378692638546
2263	0.115102046378307
2264	0.114957968954276
2265	0.114631985252086
2266	0.114455770757036
2267	0.114232885528496
2268	0.113829401470393
2269	0.113572713651711
2270	0.113303909471086
2271	0.113140052658456
2272	0.11307235710019
2273	0.113035412906388
2274	0.113334542882745
2275	0.113324811337715
2276	0.112938436277581
2277	0.112764099962887
2278	0.112278098696835
2279	0.112068273576859
2280	0.112028366813871
2281	0.112169762442026
2282	0.112365273611599
2283	0.112234205826883
2284	0.112078545585687
2285	0.111937087818386
2286	0.111423421459928
2287	0.111062546816664
2288	0.111060741366442
2289	0.110979850079155
2290	0.110807710915609
2291	0.110743609709416
2292	0.110765316438464
2293	0.110602683186217
2294	0.110408182697282
2295	0.110201541784463
2296	0.11007624836041
2297	0.109735945509031
2298	0.109572394327502
2299	0.109640290544277
2300	0.109563523524821
2301	0.109299633236418
2302	0.109144029687568
2303	0.109035533984265
2304	0.108956022892265
2305	0.108912296310027
2306	0.10886826415373
2307	0.108643896680008
2308	0.108508425348545
2309	0.108439857943176
2310	0.108279021403381
2311	0.107977692607916
2312	0.107929903925649
2313	0.107718157674399
2314	0.10772439926795
2315	0.107667938127672
2316	0.107797659565626
2317	0.107962591128861
2318	0.10781533289979
2319	0.107689812769805
2320	0.107705216076819
2321	0.107418527573692
2322	0.107336167549226
2323	0.107409132830605
2324	0.107350662866469
2325	0.107349808168122
2326	0.107330613181473
2327	0.10731068357561
2328	0.10725761808573
2329	0.107222775543671
2330	0.107223132361939
2331	0.107265355120939
2332	0.107228187487205
2333	0.10724542272924
2334	0.10734529527067
2335	0.107263127674466
2336	0.106979705280994
2337	0.10686730732649
2338	0.106708951292413
2339	0.106687294969909
2340	0.106855529989628
2341	0.106943951279983
2342	0.106908214164783
2343	0.106854054349432
2344	0.106571214220517
2345	0.106271615179199
2346	0.10580305529199
2347	0.105830930851418
2348	0.105722743586836
2349	0.105671017335327
2350	0.106025104968182
2351	0.106166733660141
2352	0.106143230277434
2353	0.106077877786394
2354	0.105641682158877
2355	0.105451321603396
2356	0.105385291584136
2357	0.105317799817562
2358	0.105551320646664
2359	0.105764440981664
2360	0.105864511683209
2361	0.106059460308032
2362	0.105897022929697
2363	0.105852956650649
2364	0.105777344742974
2365	0.105214290565691
2366	0.105059389319601
2367	0.105184473402047
2368	0.105180484791053
2369	0.105470616905714
2370	0.105467907547383
2371	0.105277532032383
2372	0.105225822080488
2373	0.105267640523516
2374	0.105058533190427
2375	0.104615503070147
2376	0.104552024627652
2377	0.104419160996425
2378	0.104304393377869
2379	0.104467150467523
2380	0.104285884277725
2381	0.103469269092375
2382	0.103191597006676
2383	0.10310433266051
2384	0.103030519937558
2385	0.103098523806949
2386	0.102888597748245
2387	0.102471800584877
2388	0.102179974085162
2389	0.101803890076351
2390	0.101720877096955
2391	0.101869007194958
2392	0.101707621304917
2393	0.101368003720146
2394	0.101131407224346
2395	0.10093998817728
2396	0.100674338380366
2397	0.100387172028051
2398	0.100252531672786
2399	9.97761000618509E-02
2400	0.099412707319057
2401	9.99400526930451E-02
2402	9.99877142705003E-02
2403	9.99988225337364E-02
2404	0.099960808429951
2405	9.91349213740591E-02
2406	9.84985996197891E-02
2407	9.80299673395005E-02
2408	9.74803044137608E-02
2409	9.74785811507459E-02
2410	9.77502874409079E-02
2411	9.78761114204248E-02
2412	9.78867446344809E-02
2413	9.75681124054273E-02
2414	9.70067833512768E-02
2415	9.67512752245081E-02
2416	0.096467735087078
2417	9.58607107739557E-02
2418	0.095614512763932
2419	9.55284330088692E-02
2420	9.49934147989917E-02
2421	9.49169687112001E-02
2422	9.50325197643107E-02
2423	9.48574128494231E-02
2424	9.44530287537434E-02
2425	9.41758539911115E-02
2426	9.37666512161818E-02
2427	9.36034759607338E-02
2428	9.37019527342876E-02
2429	9.34489109222928E-02
2430	9.33105239637501E-02
2431	9.29086586758632E-02
2432	9.21190196609242E-02
2433	9.17048128259774E-02
2434	9.13713202947119E-02
2435	9.10654339573587E-02
2436	9.09293292699827E-02
2437	9.06163240116039E-02
2438	9.02855200218914E-02
2439	9.00390026075227E-02
2440	8.99582619166049E-02
2441	8.94894741957351E-02
2442	0.088802126124324
2443	8.85490647959778E-02
2444	8.82685926901926E-02
2445	0.087892323895024
2446	0.087833479708832
2447	8.76654331219942E-02
2448	0.087380532747801
2449	8.71977364793642E-02
2450	8.71091425542743E-02
2451	8.67095292896397E-02
2452	8.60386242607491E-02
2453	8.54844595292685E-02
2454	8.47144164262724E-02
2455	8.44765728750505E-02
2456	8.46496838270941E-02
2457	8.46392498101849E-02
2458	8.47419201759521E-02
2459	8.45274687562559E-02
2460	8.40916176242543E-02
2461	8.37405792355991E-02
2462	8.31955080410946E-02
2463	8.26823164947022E-02
2464	8.19237399413603E-02
2465	8.16291605955973E-02
2466	8.18133494601012E-02
2467	8.16883890309697E-02
2468	8.13775736082386E-02
2469	8.12676541474908E-02
2470	8.06356239700044E-02
2471	8.04002276645412E-02
2472	8.05587149676582E-02
2473	8.04594491261439E-02
2474	8.01766860038401E-02
2475	7.98817639256094E-02
2476	7.95388418708357E-02
2477	7.88797793215903E-02
2478	7.78801926956817E-02
2479	7.73700522055587E-02
2480	7.68214998511246E-02
2481	7.65046430295426E-02
2482	7.66316852326155E-02
2483	0.076650101725257
2484	7.67622554867185E-02
2485	7.66908947876981E-02
2486	7.66015594554619E-02
2487	7.65727949806135E-02
2488	7.64159007779118E-02
2489	7.61374154314967E-02
2490	7.61056228606994E-02
2491	7.60520683296735E-02
2492	7.59721289754687E-02
2493	7.56479072422913E-02
2494	7.58606824285893E-02
2495	7.57403367103663E-02
2496	7.50223805106958E-02
2497	7.47311762735927E-02
2498	7.49846506079338E-02
2499	0.074583684424236
2500	0.073982417381379
