350	0.123882319722196
351	0.145618231595078
352	9.40487161417394E-02
353	0.108976653210704
354	0.140554325108401
355	0.127131985376408
356	0.152061578596564
357	0.120871798766805
358	0.101958824320947
359	0.120924049808452
360	0.108111148610642
361	9.74886741705152E-02
362	9.54727988796125E-02
363	0.117636980596894
364	0.111277449713969
365	0.102149165233591
366	9.65334143429875E-02
367	0.114922296639578
368	0.104479021329407
369	0.108998270808097
370	0.108726934070275
371	0.097781810196762
372	9.93148426578038E-02
373	0.102718243179676
374	0.107071868482695
375	9.64729437737799E-02
376	9.86062321334604E-02
377	0.101170258174219
378	9.38017296426698E-02
379	9.14423939678558E-02
380	9.49907103589029E-02
381	9.53016146192263E-02
382	9.02675687177206E-02
383	9.27113190991518E-02
384	0.098043022312396
385	0.100434487589196
386	9.59042771300314E-02
387	9.12764649038039E-02
388	9.42034117097194E-02
389	9.49012953243503E-02
390	8.64751458455092E-02
391	8.54538879248235E-02
392	9.27753559593949E-02
393	9.54407712062608E-02
394	0.100092423771394
395	9.80007743997177E-02
396	9.53802073323941E-02
397	9.21722583123322E-02
398	9.47258598626057E-02
399	9.63670261912732E-02
400	9.17764580030817E-02
401	9.12418802342464E-02
402	8.94175585270352E-02
403	8.88764205680228E-02
404	9.05219241937086E-02
405	0.093479797549774
406	9.45292879556408E-02
407	8.95492149965023E-02
408	8.64240493895448E-02
409	8.93403149738432E-02
410	8.98501288748456E-02
411	8.78075495882825E-02
412	8.71317204115334E-02
413	0.088852430027632
414	8.87657413158434E-02
415	8.93223191705131E-02
416	8.91120787194992E-02
417	8.75906445475256E-02
418	8.83016261865414E-02
419	8.70907388887076E-02
420	8.60608460387064E-02
421	8.70347550777074E-02
422	8.75636070889623E-02
423	8.80589248990272E-02
424	0.087062968273616
425	8.71462688116115E-02
426	8.75378339379742E-02
427	8.71369049297344E-02
428	8.70449464162408E-02
429	8.79322044266733E-02
430	8.85544671208572E-02
431	8.95154486772651E-02
432	8.90385210141113E-02
433	0.088200674460343
434	8.85296957110107E-02
435	0.089683573258
436	0.088937507249332
437	8.89708012713165E-02
438	0.090647396537824
439	0.091401858265789
440	9.01370755014233E-02
441	8.97463059962421E-02
442	9.05207691689654E-02
443	9.15462018315853E-02
444	9.17824962373672E-02
445	9.18420106397325E-02
446	9.20141816561494E-02
447	9.28666574021721E-02
448	0.093384525969758
449	9.30636416756786E-02
450	9.31654223999034E-02
451	9.38068439659459E-02
452	9.42591963041283E-02
453	9.45739974023886E-02
454	9.54348686905325E-02
455	9.55211447097352E-02
456	9.61433008586557E-02
457	9.65654283537356E-02
458	0.096324617541222
459	9.64589131100655E-02
460	9.72663066500575E-02
461	9.74357979679894E-02
462	9.74034633277888E-02
463	9.71969068146762E-02
464	9.75964110960815E-02
465	9.87658632536526E-02
466	0.098863517080298
467	9.84134406650455E-02
468	9.89479773884801E-02
469	9.92743447095854E-02
470	9.94012175982236E-02
471	9.97242609073477E-02
472	0.100025631432492
473	0.100295856159136
474	0.1005420125195
475	0.100563667546183
476	0.100487018751584
477	0.100722966484391
478	0.10127952256526
479	0.101915284521437
480	0.10193790004075
481	0.101454862327243
482	0.101920717973097
483	0.102188246586113
484	0.102679935242588
485	0.102724332025122
486	0.103181214532755
487	0.103403062553233
488	0.103282418554156
489	0.103584389328194
490	0.103950212849116
491	0.104016752782133
492	0.10403827967235
493	0.104466925316405
494	0.105045518033986
495	0.104727051548482
496	0.104541345294191
497	0.105367785291787
498	0.105828132603557
499	0.105860109701981
500	0.106001052278669
501	0.106235454557218
502	0.106714729721723
503	0.106839404631142
504	0.107302879427314
505	0.107244346895681
506	0.107334140567265
507	0.107777283491937
508	0.107961676123682
509	0.108145187437151
510	0.108376875680314
511	0.108763459111158
512	0.109061114484244
513	0.108910469239978
514	0.109183116938521
515	0.109527057071291
516	0.109865389443426
517	0.110259464554682
518	0.110632524493522
519	0.110407051731958
520	0.110604416771595
521	0.111194755498268
522	0.11165528096305
523	0.111651383846455
524	0.111849051928119
525	0.112247499908132
526	0.112459778204244
527	0.112509711375423
528	0.112728030457951
529	0.113038340654072
530	0.112799129868215
531	0.112898775150602
532	0.112991193123824
533	0.113390529188317
534	0.113519540774709
535	0.113501603168974
536	0.113721674561361
537	0.113824608242388
538	0.113897827261902
539	0.114009282607424
540	0.11391602532226
541	0.1140563726232
542	0.11416283977997
543	0.114275349314922
544	0.114272254522301
545	0.114233638280692
546	0.114322750755373
547	0.114403791204548
548	0.114365371225679
549	0.114497296891648
550	0.114601814490428
551	0.114623804738788
552	0.114720397257432
553	0.114860069562778
554	0.114715972458235
555	0.114911500349532
556	0.114843902448128
557	0.114765599635732
558	0.11490077511589
559	0.114973855864751
560	0.114956445654155
561	0.114967517197606
562	0.114995019405663
563	0.114962475129534
564	0.114918575499296
565	0.114942283777979
566	0.114865967222019
567	0.114895408323726
568	0.114951835898099
569	0.114962903680889
570	0.114883870443508
571	0.114822205818295
572	0.114625577156896
573	0.114634577017677
574	0.114592660631353
575	0.114408054423665
576	0.114361604507936
577	0.114329641084374
578	0.114215630390876
579	0.114120084628888
580	0.114051080470304
581	0.114002865145338
582	0.113961435831541
583	0.113761954126702
584	0.113732231906274
585	0.113750513001273
586	0.113639169287328
587	0.113378556744947
588	0.113325934623582
589	0.113230086819893
590	0.113063668509375
591	0.112880429509812
592	0.112784612464083
593	0.112609640862201
594	0.112506488151672
595	0.112402097455488
596	0.11229094314208
597	0.112165020776438
598	0.112007180656172
599	0.111922197769487
600	0.111768550837546
601	0.111577708473109
602	0.111495213459436
603	0.111355515072205
604	0.111105365215514
605	0.110997052645114
606	0.110876069288324
607	0.110784123858541
608	0.110724844544434
609	0.110554052452909
610	0.110472012561637
611	0.110425124580503
612	0.110373917155083
613	0.110193480047288
614	0.11006088797188
615	0.110042607016284
616	0.109947724161959
617	0.10993381135201
618	0.10990186314708
619	0.109819781440751
620	0.109827090596466
621	0.109751838941303
622	0.109705310586952
623	0.109713472942574
624	0.109731538411628
625	0.10968215227986
626	0.10956614907707
627	0.109680310888922
628	0.109908873873775
629	0.109958788028779
630	0.109847657547673
631	0.109810890256684
632	0.109910366617334
633	0.110058542866381
634	0.110121632987581
635	0.110165913065229
636	0.110276893919647
637	0.110412707388179
638	0.110595562778301
639	0.110706248220514
640	0.110927814068711
641	0.111098700679653
642	0.111172933599482
643	0.111322418231737
644	0.111546071480226
645	0.11172142648211
646	0.111890267054551
647	0.112016637325819
648	0.112060650691233
649	0.112247798832623
650	0.112452289336425
651	0.112572840787979
652	0.11254151688373
653	0.112625211504515
654	0.112742218647947
655	0.112874632871501
656	0.112918207141673
657	0.113005304146696
658	0.113074019004135
659	0.113142992046003
660	0.113278410620417
661	0.113391224603182
662	0.113532321645197
663	0.113744708214641
664	0.113846178186744
665	0.114025639467704
666	0.114320107543428
667	0.114625412956125
668	0.114950314878202
669	0.115314494717414
670	0.115692574054002
671	0.116074374951986
672	0.116521810571869
673	0.117104268990886
674	0.11754450754871
675	0.118143841118486
676	0.118868234766064
677	0.119461096363484
678	0.120115398989946
679	0.120712442154039
680	0.121422793641192
681	0.122106268617703
682	0.12271827727211
683	0.123424733973909
684	0.124075378768006
685	0.12474552154349
686	0.12541461661049
687	0.126038784849917
688	0.126729936159795
689	0.127371996937484
690	0.128070125355063
691	0.128756340978013
692	0.12951848649768
693	0.130297910963367
694	0.131276066807068
695	0.132508996183929
696	0.133907493456641
697	0.135006135122616
698	0.135593624184066
699	0.13569682014345
700	0.136138635346528
701	0.13683051769021
702	0.137651262845938
703	0.138439962474744
704	0.139247044224869
705	0.140108386463624
706	0.140989247266932
707	0.141953309544355
708	0.142848122223521
709	0.143668662954402
710	0.144505186384879
711	0.145411158234146
712	0.146268265307856
713	0.147079126004267
714	0.147940741693106
715	0.1488246117091
716	0.14962394067941
717	0.150504111585566
718	0.151301588154471
719	0.152101148565732
720	0.152831818229426
721	0.15352650578316
722	0.154233323407894
723	0.154976743263421
724	0.15575091962241
725	0.156426209824231
726	0.157120479409238
727	0.157808777118841
728	0.158462358875167
729	0.159064595397107
730	0.159694754853158
731	0.160329427567078
732	0.160918200546445
733	0.161488402517987
734	0.162049076706205
735	0.162596943044023
736	0.16317391179586
737	0.163711808823165
738	0.164240951674169
739	0.164748240938032
740	0.165220550925092
741	0.165739908712444
742	0.166245875115602
743	0.166591946382386
744	0.167012007052176
745	0.167489018147417
746	0.167854375521712
747	0.16818978220759
748	0.168573273382898
749	0.168957037937852
750	0.169347925485878
751	0.169700336005496
752	0.170020873213924
753	0.170295300923238
754	0.170549583022791
755	0.170866774541251
756	0.171156776950198
757	0.171468423909488
758	0.17171358732571
759	0.171903512374219
760	0.172141623283041
761	0.172388455972805
762	0.172645062059139
763	0.172797615546472
764	0.172992233647756
765	0.173239545193182
766	0.173468381815727
767	0.173683781042655
768	0.173949833441757
769	0.17414012041563
770	0.17431903682933
771	0.174491974994256
772	0.174701780044645
773	0.174909882364411
774	0.175054166753526
775	0.175177270852528
776	0.17538157857299
777	0.175474217812613
778	0.175621110078663
779	0.175828709910444
780	0.175966048372208
781	0.176074397659801
782	0.176206354620485
783	0.176355160578909
784	0.176483936929004
785	0.176587958445106
786	0.176695946633289
787	0.176800480215108
788	0.176924122477603
789	0.177028301813495
790	0.177115710630707
791	0.177246499057148
792	0.177366510899067
793	0.177487884466404
794	0.177583617904536
795	0.177661655922989
796	0.17776518770987
797	0.177833019560757
798	0.177920615741311
799	0.17800850600041
800	0.178108155192863
801	0.178195731845419
802	0.178230349596223
803	0.178308731334859
804	0.178403060096001
805	0.178499077146627
806	0.17855412505719
807	0.178540822786955
808	0.178644373209157
809	0.178740048319125
810	0.178797408279562
811	0.17887453327675
812	0.178919559856486
813	0.178952243284579
814	0.179020601317614
815	0.179041065526648
816	0.179109743372179
817	0.179085135962499
818	0.179122847806273
819	0.179201438276434
820	0.179273014466712
821	0.179266839374072
822	0.179339272318254
823	0.17935768019454
824	0.179390821339655
825	0.179457128424119
826	0.179546397503979
827	0.179580584729051
828	0.179531555656119
829	0.179589145861979
830	0.179668135052873
831	0.17969821575548
832	0.179672567223343
833	0.179653520588831
834	0.179688763303683
835	0.179769606149483
836	0.179741391943494
837	0.179745912898662
838	0.179774689548397
839	0.179761066830719
840	0.179798052030679
841	0.179772312454951
842	0.179722711237042
843	0.179749778551671
844	0.179775749263701
845	0.179750335334767
846	0.179753989196048
847	0.179802788565476
848	0.179903587284454
849	0.179828914796926
850	0.179777375531017
851	0.179835833774904
852	0.179895043503477
853	0.179844620309705
854	0.179830928365992
855	0.17985460937251
856	0.179898937690683
857	0.179822703710629
858	0.179770624082939
859	0.179746948886378
860	0.179804391698335
861	0.179733474568006
862	0.179725246918123
863	0.179705513518287
864	0.179638522913006
865	0.179657132074531
866	0.179685025714641
867	0.179580397395658
868	0.179561366956776
869	0.179576523500033
870	0.179585461908071
871	0.179530448840202
872	0.179491650642885
873	0.179493943444869
874	0.179428736457378
875	0.179391198542529
876	0.179373248664305
877	0.179347576922796
878	0.179323901470528
879	0.179293602712149
880	0.179293371867501
881	0.179278110052525
882	0.179198142946153
883	0.179116082478927
884	0.179061533791303
885	0.179084038450188
886	0.17911792813724
887	0.179070709889023
888	0.178954477873585
889	0.178944797267438
890	0.178957473032508
891	0.178966949649878
892	0.178901031973767
893	0.17882474853144
894	0.178829061255382
895	0.178807635397608
896	0.178703165961567
897	0.178670815230316
898	0.178698980519773
899	0.178682136498082
900	0.178618741543416
901	0.17861286367956
902	0.178550389310605
903	0.178477622798474
904	0.178439297269406
905	0.178385917679019
906	0.178357872988577
907	0.178476567905612
908	0.178370693031648
909	0.17825279817745
910	0.178256548049859
911	0.178222347107522
912	0.178310092919226
913	0.178200870215889
914	0.178184099131989
915	0.178212665720961
916	0.178158431752512
917	0.178093684852336
918	0.177994808401386
919	0.178038091082617
920	0.178079193814861
921	0.178015675916774
922	0.177944163267401
923	0.177913877883798
924	0.177876491741395
925	0.177947056247965
926	0.177928389971025
927	0.177800278523022
928	0.177838549845895
929	0.177852042026716
930	0.17786019420902
931	0.177875698876183
932	0.177837121079739
933	0.177779083109963
934	0.17767396768109
935	0.17762960243777
936	0.17775242422519
937	0.177633304960875
938	0.177598710912402
939	0.177624668421017
940	0.177694632292154
941	0.177704790355732
942	0.177572071696093
943	0.177413269071056
944	0.177415859332479
945	0.177360206695833
946	0.177326154625973
947	0.177232944661596
948	0.17729687843378
949	0.177388828721261
950	0.177388082883463
951	0.17725258802167
952	0.177116173187779
953	0.177148223111761
954	0.176957003345957
955	0.177056585312369
956	0.177274594627898
957	0.177013682381957
958	0.176898364941422
959	0.177078915329016
960	0.177067390883618
961	0.177013421212921
962	0.176738976947676
963	0.176653929888854
964	0.176847316693146
965	0.176788346872258
966	0.176754590217211
967	0.176776065375262
968	0.176819441292002
969	0.176717586634423
970	0.176389568871242
971	0.17640103620182
972	0.176527406868435
973	0.176508346448674
974	0.176521826077189
975	0.176354181348892
976	0.176136973148909
977	0.176392049355211
978	0.176372182132864
979	0.176190723546537
980	0.176163142355646
981	0.176185634098465
982	0.17605761640449
983	0.175769674667082
984	0.176073588662372
985	0.176201723574583
986	0.176071737095423
987	0.176056135314785
988	0.176027907886891
989	0.176008994658508
990	0.175901703730262
991	0.175861964331045
992	0.175941891608268
993	0.175998151461948
994	0.176016858543698
995	0.175547132219336
996	0.17562700312796
997	0.175399318937135
998	0.175709043651665
999	0.175577621922767
1000	0.175519961427432
1001	0.178521414408142
1002	0.178481849664057
1003	0.178409836221401
1004	0.178394672581382
1005	0.178359722701192
1006	0.178172733236464
1007	0.1782866654629
1008	0.178304316086019
1009	0.178292795191292
1010	0.178354691122022
1011	0.178343000840932
1012	0.178192278801357
1013	0.178203023831101
1014	0.178151199529269
1015	0.178176373128843
1016	0.178145083955789
1017	0.178060897145903
1018	0.178051441766146
1019	0.177933619054495
1020	0.177789348438332
1021	0.177807004340446
1022	0.177779005532232
1023	0.177739318333045
1024	0.177784535581815
1025	0.177690780945678
1026	0.177624643866916
1027	0.177736853514987
1028	0.177741983408249
1029	0.177747050622816
1030	0.17778291873349
1031	0.177749367072093
1032	0.177684317282408
1033	0.177651790748339
1034	0.177726432761439
1035	0.177588926833815
1036	0.177473394676997
1037	0.177424496751479
1038	0.177410387182367
1039	0.177465046395416
1040	0.177403247583692
1041	0.177475286977958
1042	0.177482585813109
1043	0.177351840840758
1044	0.177358644382266
1045	0.177382656592182
1046	0.17738921477761
1047	0.177170709698109
1048	0.17719561719671
1049	0.177233020212953
1050	0.177274426514472
1051	0.177435846021081
1052	0.177414205876062
1053	0.17732806420626
1054	0.17730716644464
1055	0.177312076199366
1056	0.177349633736509
1057	0.177363965249427
1058	0.177280399761612
1059	0.177314132844634
1060	0.177198032512782
1061	0.177129892822216
1062	0.177162637067296
1063	0.177121720722644
1064	0.177173088099972
1065	0.177174453564631
1066	0.177028403141157
1067	0.177040699430108
1068	0.177159525102146
1069	0.177149940775705
1070	0.177207245961999
1071	0.177152771950794
1072	0.177060799162058
1073	0.177064948707878
1074	0.176949631824071
1075	0.176989006055692
1076	0.176931157518423
1077	0.176940828298978
1078	0.176946306319935
1079	0.176967598297049
1080	0.177033561133102
1081	0.176989101906243
1082	0.176998141826156
1083	0.17701416401544
1084	0.177009776478363
1085	0.177012318753138
1086	0.176992125486844
1087	0.177027103530105
1088	0.176970122235192
1089	0.177032145513794
1090	0.176974041355639
1091	0.176953261213006
1092	0.176905835464142
1093	0.176939868776491
1094	0.176983571090119
1095	0.176958882844332
1096	0.176912167200717
1097	0.176957242467389
1098	0.176988628219377
1099	0.176991720203352
1100	0.17704545648572
1101	0.176990675618657
1102	0.17704847084484
1103	0.176991194230092
1104	0.177018085800831
1105	0.177008658812773
1106	0.177006726484196
1107	0.176982713436366
1108	0.176978256691706
1109	0.176948951362265
1110	0.176975304598254
1111	0.176976461634774
1112	0.176991340246845
1113	0.176982289746797
1114	0.176974660503117
1115	0.176999665124804
1116	0.177045715768789
1117	0.176988160555108
1118	0.176946315181389
1119	0.176894312695376
1120	0.176874228912366
1121	0.176862392764075
1122	0.176878442555535
1123	0.176871957711451
1124	0.176845262845064
1125	0.176836512179664
1126	0.176899507190104
1127	0.176870332238862
1128	0.176835243445615
1129	0.176850783365741
1130	0.176844126279364
1131	0.176763180360755
1132	0.176697022256941
1133	0.17665741427915
1134	0.176647300420852
1135	0.176707752329854
1136	0.176676106498798
1137	0.176678269864018
1138	0.176680236990748
1139	0.176693781970006
1140	0.176633835273443
1141	0.176579379613233
1142	0.17658332870724
1143	0.17654112266543
1144	0.176513592043516
1145	0.176508633377583
1146	0.176494597293364
1147	0.176416547182837
1148	0.176407777902664
1149	0.176376679627503
1150	0.176429377175424
1151	0.17634823601078
1152	0.17630747535309
1153	0.176294614145288
1154	0.176209636379984
1155	0.176152457511489
1156	0.176166146022789
1157	0.176126219551439
1158	0.176058748379266
1159	0.176062450968476
1160	0.17603580306714
1161	0.176027392772289
1162	0.175988098304082
1163	0.175969506389538
1164	0.175977701130531
1165	0.175938577992483
1166	0.175827716226721
1167	0.175773827414958
1168	0.175721331567972
1169	0.175682633525256
1170	0.175728241733987
1171	0.175659313045868
1172	0.175586435933298
1173	0.175536108992139
1174	0.175484606931003
1175	0.175485897898387
1176	0.175459245276975
1177	0.175477368800197
1178	0.175484927913474
1179	0.175463809730595
1180	0.175449368617059
1181	0.175423460607911
1182	0.175440359572494
1183	0.175402046769083
1184	0.175386306816112
1185	0.175434085408895
1186	0.175400017206315
1187	0.175378127843965
1188	0.175391117996324
1189	0.175354188503807
1190	0.175342231950192
1191	0.175363051326543
1192	0.175346377734774
1193	0.175405849471697
1194	0.175377277871679
1195	0.17539511606606
1196	0.175394488998742
1197	0.175390995831818
1198	0.175404253083542
1199	0.175436894589477
1200	0.175438280895915
1201	0.175399768334986
1202	0.175444717834798
1203	0.175431598260949
1204	0.175474168860088
1205	0.175507027571332
1206	0.175510163626927
1207	0.175538625707752
1208	0.175582817117793
1209	0.17562725943119
1210	0.175668213976428
1211	0.1757193629357
1212	0.175756876366016
1213	0.175782612781347
1214	0.175795531294842
1215	0.1758028169592
1216	0.175837414046076
1217	0.175858331597145
1218	0.175904836763307
1219	0.175939356517383
1220	0.176028816370864
1221	0.176099538453228
1222	0.176118585154552
1223	0.176168196243538
1224	0.176166270746815
1225	0.176175816363059
1226	0.176251070903758
1227	0.17631030256861
1228	0.176353606108776
1229	0.176402510692142
1230	0.176459441562499
1231	0.176450883247881
1232	0.176482755810871
1233	0.176529672123304
1234	0.1766002378603
1235	0.176722153546496
1236	0.176760852140006
1237	0.176811337750659
1238	0.176856883493091
1239	0.1768372223969
1240	0.176864606028574
1241	0.176928529895549
1242	0.177022172659355
1243	0.17704723775922
1244	0.177074915432853
1245	0.177116089489709
1246	0.177222415755267
1247	0.177316171249723
1248	0.17732932659034
1249	0.17739814034646
1250	0.177496351127085
1251	0.177540238996979
1252	0.177519434681005
1253	0.177577184714081
1254	0.177592386587373
1255	0.177632056639773
1256	0.177691271944651
1257	0.177712863255813
1258	0.177715977916061
1259	0.177758450462433
1260	0.177814932556022
1261	0.177864529897384
1262	0.177936085294061
1263	0.177992866768007
1264	0.17800962907157
1265	0.17801269321343
1266	0.17805840676791
1267	0.178123885041624
1268	0.178151483048808
1269	0.17816535731247
1270	0.178221259558269
1271	0.178252248873388
1272	0.178311206121222
1273	0.178329528455035
1274	0.17837311199941
1275	0.178485537256258
1276	0.178506759743506
1277	0.178508909561628
1278	0.178547509590729
1279	0.178534838707798
1280	0.178550614224358
1281	0.178592808452195
1282	0.178681571649692
1283	0.178755516817939
1284	0.178814811942446
1285	0.178904348515735
1286	0.178945524311814
1287	0.179028532640088
1288	0.179046005105484
1289	0.179076362828671
1290	0.179098232474789
1291	0.179151742564502
1292	0.179159877568117
1293	0.179148673991645
1294	0.179181384940706
1295	0.179202187636561
1296	0.179199914453109
1297	0.179245429592199
1298	0.179274275206072
1299	0.179337198575431
1300	0.179401336120236
1301	0.179442646073997
1302	0.179431942182468
1303	0.179463404350147
1304	0.179468428595569
1305	0.179481971098695
1306	0.179506763301297
1307	0.179502242608818
1308	0.179573601620683
1309	0.179588791313762
1310	0.179619171968249
1311	0.179659281384002
1312	0.179658986749586
1313	0.179634035649663
1314	0.179659431794064
1315	0.179671168538123
1316	0.179686150218077
1317	0.179757340448066
1318	0.179792755533489
1319	0.179740785580276
1320	0.179741893164567
1321	0.179764922879445
1322	0.179759263055706
1323	0.179756902824079
1324	0.179744754468242
1325	0.179696258276186
1326	0.179678079093457
1327	0.179680615566069
1328	0.179644825514748
1329	0.179675341988325
1330	0.17962957825944
1331	0.179641781272368
1332	0.179597752388994
1333	0.179511568914389
1334	0.179443159516481
1335	0.179397511944815
1336	0.179360374288292
1337	0.179356302939903
1338	0.17936698545483
1339	0.179315138419101
1340	0.179230560142988
1341	0.179194926774461
1342	0.179122843150933
1343	0.179062045693267
1344	0.179065275263596
1345	0.179018814423403
1346	0.178971465488055
1347	0.178883979259064
1348	0.17880606107157
1349	0.178766455911801
1350	0.178658288064225
1351	0.178585405220461
1352	0.178573813826291
1353	0.178492689791327
1354	0.178427465196493
1355	0.178366557044594
1356	0.178282874712961
1357	0.178227354506515
1358	0.178116426469954
1359	0.178080889597977
1360	0.177995556398797
1361	0.177936121367122
1362	0.177902569326178
1363	0.177811786689157
1364	0.177735468806015
1365	0.177662190040748
1366	0.177544962229006
1367	0.177435214197591
1368	0.17733949904976
1369	0.177247874599218
1370	0.177129367411881
1371	0.177034468637608
1372	0.176893398980939
1373	0.176769264088499
1374	0.176630832764106
1375	0.176436923756379
1376	0.176281455952157
1377	0.176079159634754
1378	0.175871262699971
1379	0.175673279855589
1380	0.17546050243339
1381	0.175221167694122
1382	0.174927260696233
1383	0.174618246578395
1384	0.174298181907521
1385	0.173952334020229
1386	0.173602661351608
1387	0.173259416689701
1388	0.172921116705193
1389	0.172515743656758
1390	0.172100078712093
1391	0.171729702892191
1392	0.171345227411658
1393	0.170969715125065
1394	0.170616463450724
1395	0.170247457226306
1396	0.169934740519538
1397	0.169577526459778
1398	0.169270006662685
1399	0.168909577923533
1400	0.168519974658806
1401	0.168160896100273
1402	0.167772504191925
1403	0.167409635215229
1404	0.167042378180994
1405	0.166642014956525
1406	0.16624639588475
1407	0.165827453474353
1408	0.165395517891613
1409	0.164986483121807
1410	0.164515505713218
1411	0.164097034328032
1412	0.163666294079091
1413	0.163233441159122
1414	0.16281130287959
1415	0.162373102036947
1416	0.161941505915107
1417	0.161492963620306
1418	0.161015076066674
1419	0.160579856937193
1420	0.16016129086292
1421	0.159721662124945
1422	0.159353592565498
1423	0.158949441291252
1424	0.158549121753638
1425	0.158147535582543
1426	0.157731582970046
1427	0.157397394233876
1428	0.157056036602836
1429	0.156756355566741
1430	0.156481940786114
1431	0.156218774768227
1432	0.155952653323765
1433	0.155697598578601
1434	0.155492840061893
1435	0.155290677114773
1436	0.155118647089797
1437	0.15497257886565
1438	0.154833421414609
1439	0.154726140466692
1440	0.154624467789237
1441	0.154545694750633
1442	0.154481643083195
1443	0.15440320209794
1444	0.154343387062915
1445	0.154307231023017
1446	0.154314403777074
1447	0.154312074945678
1448	0.154332770274119
1449	0.154379412051882
1450	0.154375507013226
1451	0.154395654581504
1452	0.154425580746996
1453	0.154397611840023
1454	0.154407311306957
1455	0.154436363323131
1456	0.154459774188882
1457	0.154551701160672
1458	0.154609410027621
1459	0.154623018136588
1460	0.154660132178913
1461	0.154713134917392
1462	0.154736562664143
1463	0.154771797642605
1464	0.154844241907488
1465	0.154890030837021
1466	0.154937172923704
1467	0.1549886937027
1468	0.155042462274639
1469	0.155087723504309
1470	0.155122798944828
1471	0.155168271231617
1472	0.155224903637377
1473	0.155270619359403
1474	0.155361822942717
1475	0.155437996921698
1476	0.155533730645147
1477	0.155605605942591
1478	0.155637376644523
1479	0.155704836618828
1480	0.155746247157656
1481	0.155793086526559
1482	0.155886007942347
1483	0.155937898783188
1484	0.155970247357471
1485	0.156022398634181
1486	0.156089264996586
1487	0.156136915834318
1488	0.156211289186552
1489	0.156289926503597
1490	0.156368596754835
1491	0.156438007698385
1492	0.156526417652804
1493	0.156648245616626
1494	0.156794902804038
1495	0.156948242033248
1496	0.15700916013685
1497	0.157115723915467
1498	0.157159450967358
1499	0.157276262200757
1500	0.157449843241797
1501	0.157567361161631
1502	0.157696547983662
1503	0.157814704256104
1504	0.157924648175918
1505	0.158012096943731
1506	0.158164674113679
1507	0.158284121452775
1508	0.158422836971094
1509	0.158532962255825
1510	0.158634480252514
1511	0.158750172355876
1512	0.158891196400422
1513	0.15902907405516
1514	0.15914268853495
1515	0.159281663211106
1516	0.159370447048033
1517	0.159467993497614
1518	0.159627600691829
1519	0.159732600580581
1520	0.159853548638988
1521	0.159978296112796
1522	0.160113046007698
1523	0.160225039849434
1524	0.160355375406751
1525	0.16047536549328
1526	0.160563783386783
1527	0.160687363718171
1528	0.160786711473588
1529	0.160835247557564
1530	0.160945540124594
1531	0.161053671044651
1532	0.161126832221863
1533	0.161235036475715
1534	0.161303411894179
1535	0.161369872390989
1536	0.161411182062921
1537	0.161456234282838
1538	0.161508399112672
1539	0.161588425273862
1540	0.161679223636396
1541	0.161760190073312
1542	0.161851549800052
1543	0.161875290850091
1544	0.161967115529956
1545	0.162017907664807
1546	0.16208238992718
1547	0.162144108850599
1548	0.162242385954457
1549	0.162379011891358
1550	0.16243364088363
1551	0.162482441032286
1552	0.162537402544813
1553	0.162496863976496
1554	0.1625574995524
1555	0.162618849474018
1556	0.16268537946251
1557	0.162699261648419
1558	0.162732236556788
1559	0.162749825676977
1560	0.162788534477184
1561	0.162862406633103
1562	0.162941148655665
1563	0.163050372380809
1564	0.163124132824673
1565	0.163152502646886
1566	0.163209853696382
1567	0.163236586428587
1568	0.163259766776044
1569	0.163305497395816
1570	0.163340167993556
1571	0.163372020632353
1572	0.163418276262222
1573	0.163473466963463
1574	0.163554921831195
1575	0.163613389299478
1576	0.163689652258843
1577	0.163778952722257
1578	0.163867277862024
1579	0.163971737168413
1580	0.164060743827441
1581	0.164135739708464
1582	0.164213765375434
1583	0.164302978389725
1584	0.164381570578085
1585	0.16444419099023
1586	0.164529171979572
1587	0.164581310662276
1588	0.164648777624639
1589	0.164747924850927
1590	0.164851861505789
1591	0.164977195830468
1592	0.165087930276381
1593	0.165163337407876
1594	0.165280866211241
1595	0.16536333064043
1596	0.165439422034461
1597	0.16556254650799
1598	0.165688104152568
1599	0.165847099884256
1600	0.165998088886161
1601	0.166066505365263
1602	0.16621842524685
1603	0.166348673897577
1604	0.166520084651834
1605	0.166634903595231
1606	0.166739689141086
1607	0.16681800865372
1608	0.166929760882476
1609	0.167017739604554
1610	0.167136582337567
1611	0.167220098732826
1612	0.167308671781098
1613	0.167358058662783
1614	0.167478617051972
1615	0.167590599357895
1616	0.167699466698949
1617	0.167844024121895
1618	0.167960197612126
1619	0.16805293210503
1620	0.16813193645338
1621	0.168267175848447
1622	0.168353393288519
1623	0.168406753456482
1624	0.168487149920358
1625	0.168580013402445
1626	0.168706174486667
1627	0.168811835413777
1628	0.168945588263216
1629	0.169040508600922
1630	0.169129865750117
1631	0.1691762949139
1632	0.169292147638909
1633	0.16934855589414
1634	0.169419379228164
1635	0.169526355333778
1636	0.169571818199509
1637	0.169651793145698
1638	0.169704434696331
1639	0.169796516167504
1640	0.169863199615671
1641	0.169937539448616
1642	0.17002521012662
1643	0.170087099362125
1644	0.170155931937737
1645	0.170220303875813
1646	0.170309544894858
1647	0.170355016680419
1648	0.170431200045004
1649	0.170417505766145
1650	0.170501128096841
1651	0.170536488571297
1652	0.170586882982302
1653	0.170679361727973
1654	0.170744390186651
1655	0.170719340155051
1656	0.170764653283816
1657	0.170788328644422
1658	0.170786466428162
1659	0.170778760046064
1660	0.170805421388664
1661	0.170801687991864
1662	0.170828589027288
1663	0.170823149424433
1664	0.17077902919145
1665	0.170685055951677
1666	0.170618464331167
1667	0.170527951209305
1668	0.170438624770702
1669	0.170352886193848
1670	0.170261670376405
1671	0.170105471527675
1672	0.169983802176299
1673	0.169866191212016
1674	0.169692599236776
1675	0.169575308924557
1676	0.169415010786351
1677	0.169265258980257
1678	0.169103442759456
1679	0.168982729531475
1680	0.168834335544575
1681	0.168653174151621
1682	0.168473838734307
1683	0.168295275075213
1684	0.168121501258488
1685	0.167906944781287
1686	0.167768453404975
1687	0.167652546389866
1688	0.167505114316791
1689	0.167377917652733
1690	0.167274237062713
1691	0.167162112085771
1692	0.167095184064269
1693	0.167047320827253
1694	0.166964480440393
1695	0.166888820137754
1696	0.166797502204541
1697	0.166765422851408
1698	0.166719503999903
1699	0.166706139063544
1700	0.16663664499277
1701	0.166650470478087
1702	0.16660383051716
1703	0.1665179701327
1704	0.166408454444006
1705	0.166326983471245
1706	0.166250541768728
1707	0.16617481933674
1708	0.1661522198751
1709	0.166119558432259
1710	0.1660485259173
1711	0.165927748908272
1712	0.165852215134029
1713	0.165716357501099
1714	0.165564108298743
1715	0.165466139260616
1716	0.165319944533819
1717	0.16513691393853
1718	0.164964850198689
1719	0.164815113844329
1720	0.164621087318577
1721	0.164443742998977
1722	0.164217921919735
1723	0.164016255886819
1724	0.163823178651717
1725	0.163659685890555
1726	0.163575379749854
1727	0.163470097423929
1728	0.163429059980949
1729	0.163319989891773
1730	0.163167281222535
1731	0.163056425010879
1732	0.162992016300115
1733	0.162893545201235
1734	0.162896694190953
1735	0.162889980882839
1736	0.162889749871948
1737	0.162888681225021
1738	0.162837422676728
1739	0.162803313729873
1740	0.16281773587468
1741	0.162849018546074
1742	0.162867457179396
1743	0.162891744055465
1744	0.162882780843296
1745	0.162832678199842
1746	0.162806486078067
1747	0.162851626149374
1748	0.16285568758791
1749	0.162831540880685
1750	0.162850899428671
1751	0.162841346182743
1752	0.162812230991624
1753	0.162811067160005
1754	0.162786004357018
1755	0.162853337970025
1756	0.16289123250464
1757	0.162882086759901
1758	0.16281703535262
1759	0.162781989420387
1760	0.162742298130822
1761	0.162790728074172
1762	0.162841295179166
1763	0.16282699041863
1764	0.162888800781204
1765	0.162907778474038
1766	0.162843632557696
1767	0.162834360065991
1768	0.162859413137176
1769	0.162852969477
1770	0.16284803012526
1771	0.162940180865107
1772	0.162889367076855
1773	0.162914747674879
1774	0.162957984820754
1775	0.162930930804345
1776	0.162939514865914
1777	0.162997056596342
1778	0.162986188450059
1779	0.162994166992958
1780	0.16304567682565
1781	0.163019061965185
1782	0.163018442317657
1783	0.163034319805277
1784	0.163003080372645
1785	0.163037290551642
1786	0.163086758873405
1787	0.16306090615264
1788	0.16306155399021
1789	0.163071247256872
1790	0.163043878095459
1791	0.163110241872471
1792	0.163109059583313
1793	0.163125322901167
1794	0.163166215830744
1795	0.163192509189833
1796	0.163197953079726
1797	0.163230017999007
1798	0.163257838815427
1799	0.163290651538047
1800	0.163391944032063
1801	0.163429894751749
1802	0.163395900009888
1803	0.163439315998555
1804	0.163569047044696
1805	0.163633339591807
1806	0.163763631301635
1807	0.163807714980612
1808	0.163886170407041
1809	0.163990453604933
1810	0.164053582215689
1811	0.164189570805911
1812	0.164188229988647
1813	0.164267313580694
1814	0.164369207595906
1815	0.164361550010498
1816	0.164326010770696
1817	0.164473445515728
1818	0.164490155983696
1819	0.164514559786349
1820	0.164579580624734
1821	0.164636883514984
1822	0.164657145159687
1823	0.164790171615698
1824	0.164844963284751
1825	0.16488929480875
1826	0.164967966531477
1827	0.16513623270828
1828	0.165157729652142
1829	0.165224698006887
1830	0.165294110151854
1831	0.165159991756028
1832	0.165294751294201
1833	0.165568558588968
1834	0.165679964741951
1835	0.165759050142741
1836	0.165833842505909
1837	0.165844132826889
1838	0.165871109422483
1839	0.165911216725318
1840	0.165949671017316
1841	0.16588934364146
1842	0.16595115720173
1843	0.16603074015114
1844	0.166073922380383
1845	0.166121910990476
1846	0.166227255408756
1847	0.166285447819498
1848	0.166365071905415
1849	0.16628070360507
1850	0.166278190190903
1851	0.166200242782279
1852	0.166175925423914
1853	0.166249714474883
1854	0.166251197288207
1855	0.166288790108607
1856	0.166251908648056
1857	0.166123320139685
1858	0.166022566826601
1859	0.166012774655052
1860	0.166051574942549
1861	0.16601051434564
1862	0.165960127491199
1863	0.16583854561177
1864	0.165652335435378
1865	0.16543566403512
1866	0.165077042378375
1867	0.164782769133946
1868	0.164465136832959
1869	0.164206755031706
1870	0.164076865224363
1871	0.163834398883148
1872	0.16353718871579
1873	0.163232777079711
1874	0.16281405433078
1875	0.162426760172906
1876	0.161945390861744
1877	0.161331908342379
1878	0.160725376259638
1879	0.160230552544842
1880	0.159642630348535
1881	0.158968235135248
1882	0.158348863303459
1883	0.157584009359257
1884	0.156592550572571
1885	0.15564501108137
1886	0.154667942809689
1887	0.153685940596258
1888	0.152625955465535
1889	0.151627694494769
1890	0.150557383990172
1891	0.149455332750571
1892	0.148262343171273
1893	0.147009806798978
1894	0.145699369176781
1895	0.144225426875196
1896	0.142828609922848
1897	0.141368816758356
1898	0.140029185584345
1899	0.138687273215616
1900	0.137442821492977
1901	0.136184050306
1902	0.134945201688851
1903	0.133739965884892
1904	0.132581281282835
1905	0.131403582391192
1906	0.130251777749467
1907	0.129150317799713
1908	0.128119119326207
1909	0.127089542890144
1910	0.126127117941799
1911	0.125154215755185
1912	0.124285979230646
1913	0.123451879269084
1914	0.122714035395821
1915	0.122165021834031
1916	0.121582276045847
1917	0.121046513270189
1918	0.12050109552522
1919	0.119974145321704
1920	0.119366932427646
1921	0.118931102745543
1922	0.118538109382426
1923	0.118170122558098
1924	0.117967382823401
1925	0.117673357042437
1926	0.11723053063833
1927	0.116999878396984
1928	0.116828241237715
1929	0.116730269211728
1930	0.116663958543912
1931	0.1167598462477
1932	0.116729611548304
1933	0.116754286934452
1934	0.116727503945817
1935	0.116641846184233
1936	0.116688915955099
1937	0.11676621457918
1938	0.116867803681165
1939	0.116998240815928
1940	0.117305775854492
1941	0.117515701740488
1942	0.117682583764669
1943	0.117937757042754
1944	0.118232552925547
1945	0.118486898388001
1946	0.118714447614676
1947	0.118956352382008
1948	0.119219925859592
1949	0.119499484108633
1950	0.119754242455526
1951	0.119961145409452
1952	0.120232729079712
1953	0.120541272735524
1954	0.120805490642925
1955	0.121062115379133
1956	0.121354625152784
1957	0.121611244493402
1958	0.121835341252942
1959	0.122039594029631
1960	0.122376983205392
1961	0.122664716689153
1962	0.122980584390189
1963	0.123181885170306
1964	0.123308448176442
1965	0.123548582805095
1966	0.123794006371363
1967	0.124022943139556
1968	0.124347293898588
1969	0.124597370214683
1970	0.124778835003824
1971	0.124982276590139
1972	0.12521455031371
1973	0.12551248291072
1974	0.125795234249601
1975	0.126013065967716
1976	0.126285772182787
1977	0.126630659203395
1978	0.126882652450734
1979	0.127098150567085
1980	0.127286002299883
1981	0.127452848295198
1982	0.12768741120115
1983	0.127929814581614
1984	0.128188463315723
1985	0.128488985826723
1986	0.128825170006931
1987	0.129093802931282
1988	0.129374981550265
1989	0.129647937084766
1990	0.129910939145565
1991	0.130155572758038
1992	0.130355984310807
1993	0.130624751300918
1994	0.130947033515532
1995	0.131297918204963
1996	0.131509007524821
1997	0.131837951476298
1998	0.132032217494454
1999	0.132028629798825
2000	0.132143814601043
2001	0.132218576872582
2002	0.132374845976799
2003	0.132561954951258
2004	0.132895664516671
2005	0.133199767412282
2006	0.13345667677553
2007	0.133618861113634
2008	0.133663519127906
2009	0.133704923531436
2010	0.133634166765344
2011	0.133659902129845
2012	0.133624924232377
2013	0.133621246946865
2014	0.13371332761877
2015	0.133835621472773
2016	0.133741607081703
2017	0.133611708188725
2018	0.133541218665316
2019	0.133447388237677
2020	0.133340856740367
2021	0.133256592078963
2022	0.13312391648451
2023	0.132899705597501
2024	0.132710868445734
2025	0.132613031095182
2026	0.132371791587743
2027	0.131925558435878
2028	0.131574737683981
2029	0.131311634003246
2030	0.131118798257103
2031	0.130897954826475
2032	0.130852643258284
2033	0.130623017352723
2034	0.130141275918836
2035	0.129804109860037
2036	0.129525882645538
2037	0.129258420388316
2038	0.129171191531814
2039	0.12892534275202
2040	0.128541082854159
2041	0.128132401465557
2042	0.127720168841703
2043	0.127361293330265
2044	0.127059618173157
2045	0.126949803429909
2046	0.126738499709462
2047	0.126612954323011
2048	0.12630933146881
2049	0.125971619919475
2050	0.125628557951955
2051	0.1251099491973
2052	0.124645096306669
2053	0.124407577901414
2054	0.124151718271127
2055	0.124058615249528
2056	0.124038573878956
2057	0.123980102991173
2058	0.123848935519556
2059	0.123747277936099
2060	0.123555323107426
2061	0.123503497957141
2062	0.123546488860429
2063	0.123545047168541
2064	0.123548580789102
2065	0.123548046622621
2066	0.123335316979614
2067	0.123117856138707
2068	0.123072457971121
2069	0.123065248328255
2070	0.123169256024113
2071	0.123260433192639
2072	0.123282243604078
2073	0.123222004392671
2074	0.123188904886858
2075	0.123016423384593
2076	0.122959383362445
2077	0.123043412229795
2078	0.123072892247442
2079	0.12308637312414
2080	0.123110505794282
2081	0.122969807922034
2082	0.122866748423
2083	0.122789537866816
2084	0.122711755681179
2085	0.122752227795344
2086	0.12294629761321
2087	0.122943685928943
2088	0.122797460860654
2089	0.122779001401028
2090	0.122646052415097
2091	0.122651479542241
2092	0.122729332408134
2093	0.122797318371513
2094	0.122738280691776
2095	0.122716199012165
2096	0.122646619943571
2097	0.122574743132549
2098	0.122484052355437
2099	0.122441430953813
2100	0.122426277062969
2101	0.122425070105553
2102	0.122401270109322
2103	0.12238117326905
2104	0.122393656324289
2105	0.12246539521351
2106	0.122551091171887
2107	0.122625364554412
2108	0.122634287637759
2109	0.122549572046478
2110	0.122574096811924
2111	0.122620333017682
2112	0.12248255150117
2113	0.122594299682325
2114	0.122705972536286
2115	0.1228217904793
2116	0.123016010846076
2117	0.123132779834298
2118	0.123115656486106
2119	0.123158224437572
2120	0.123211347445675
2121	0.123287629677282
2122	0.123414923509169
2123	0.123553537070207
2124	0.12348880760815
2125	0.123386463737253
2126	0.123286965203806
2127	0.123172783590291
2128	0.123278143727132
2129	0.123435015519101
2130	0.123488111656546
2131	0.123351688504515
2132	0.123238642070718
2133	0.12309490164323
2134	0.12296853555858
2135	0.122761536142415
2136	0.122630101143866
2137	0.122510510140995
2138	0.122360549222307
2139	0.122187622269093
2140	0.122122917075518
2141	0.122125651404281
2142	0.122135421733173
2143	0.121977031331897
2144	0.121703988697356
2145	0.121557440805223
2146	0.121421189555434
2147	0.121412011008428
2148	0.121707945176365
2149	0.121725450839848
2150	0.121721090879978
2151	0.121577969456349
2152	0.121263844747812
2153	0.121084956622987
2154	0.120896040624411
2155	0.120814032143292
2156	0.120818201271966
2157	0.120759819458371
2158	0.120661738817112
2159	0.120491817974059
2160	0.120277033604285
2161	0.12030185758887
2162	0.120175680704295
2163	0.120051836644505
2164	0.119940085467599
2165	0.119816768147395
2166	0.119646325498811
2167	0.119451063815328
2168	0.119367815185999
2169	0.119329501043036
2170	0.119275614321641
2171	0.119085888753305
2172	0.119070492105944
2173	0.118993017602562
2174	0.118905188194921
2175	0.119024346802073
2176	0.119141825125021
2177	0.119121798525949
2178	0.119108955189568
2179	0.119169475819612
2180	0.119261893692272
2181	0.119196067080502
2182	0.119125714317952
2183	0.119125033404948
2184	0.119040501244766
2185	0.119065918817663
2186	0.119264244659748
2187	0.119330199480043
2188	0.119388016435879
2189	0.119411349735914
2190	0.119375475534732
2191	0.119304687270204
2192	0.119157601587037
2193	0.119011037448695
2194	0.118967708344063
2195	0.11907253549385
2196	0.119226804081374
2197	0.119208517765175
2198	0.118967885804619
2199	0.118588397566548
2200	0.11824107470206
2201	0.118168182094514
2202	0.118261951917857
2203	0.118715610948727
2204	0.11888127825627
2205	0.119005985462389
2206	0.119056789421572
2207	0.118714263442293
2208	0.118672586443881
2209	0.118670650018175
2210	0.118810623337275
2211	0.118938103597208
2212	0.118957640695616
2213	0.11905006187798
2214	0.119101548408717
2215	0.119195160688369
2216	0.119514290544379
2217	0.119889707775022
2218	0.120158028677313
2219	0.120272922511869
2220	0.120213894438969
2221	0.120166039713555
2222	0.12013084507332
2223	0.120136047982204
2224	0.120307149056495
2225	0.120528944188041
2226	0.12080092462765
2227	0.120951918346464
2228	0.121285690054292
2229	0.12130733099026
2230	0.121122634214132
2231	0.121026646327536
2232	0.12080141549307
2233	0.120777149789414
2234	0.120840712165614
2235	0.120944270264281
2236	0.121041032441215
2237	0.120924239008774
2238	0.120687802153564
2239	0.120397582731612
2240	0.120190104574095
2241	0.12000649789207
2242	0.120022599176448
2243	0.119925359196434
2244	0.119684012971961
2245	0.119138284814306
2246	0.11886941025714
2247	0.118677815867545
2248	0.11844426479477
2249	0.11848594831036
2250	0.118239417427042
2251	0.117742607297993
2252	0.117311918090375
2253	0.116671551776953
2254	0.116340097893209
2255	0.116196313241657
2256	0.116064999413693
2257	0.115889627758234
2258	0.11585847931
2259	0.115706284480399
2260	0.115404461302496
2261	0.115116304302133
2262	0.114951981564041
2263	0.114541516310199
2264	0.114168484182814
2265	0.113971918272561
2266	0.113676071774093
2267	0.113621850608731
2268	0.113704591742451
2269	0.113590813937182
2270	0.113535163808275
2271	0.113372051810452
2272	0.112920549301114
2273	0.112737946194161
2274	0.112687964784291
2275	0.112481643341934
2276	0.112115027173263
2277	0.111938394062717
2278	0.111617070719259
2279	0.111503726462745
2280	0.111678058049431
2281	0.111559573062803
2282	0.11106786078316
2283	0.110677639845521
2284	0.110362679537792
2285	0.110145888496815
2286	0.109935778965365
2287	0.109905310296293
2288	0.109624026061871
2289	0.109392190412067
2290	0.109468959142642
2291	0.109389657761025
2292	0.109273171576209
2293	0.109093512922013
2294	0.108756683216329
2295	0.108542106720225
2296	0.108462180709418
2297	0.10852705926998
2298	0.10841092623923
2299	0.108426303741705
2300	0.108185475399682
2301	0.107766834047146
2302	0.10749829221338
2303	0.107186077247774
2304	0.107045845005503
2305	0.107155965607671
2306	0.107159886886483
2307	0.107142215645393
2308	0.107111016137757
2309	0.106781772334009
2310	0.106615834241438
2311	0.106378758004761
2312	0.106531691431245
2313	0.106550291371223
2314	0.10641200449474
2315	0.106424332836609
2316	0.106355652181406
2317	0.105947690418284
2318	0.105764314136892
2319	0.105899183808634
2320	0.105747279096951
2321	0.105450249542231
2322	0.105705351118493
2323	0.105831779618172
2324	0.105565777779464
2325	0.105582289177701
2326	0.105580580962649
2327	0.105554392631352
2328	0.105265589818407
2329	0.10516460903013
2330	0.105093576491747
2331	0.105126808496603
2332	0.105213070370958
2333	0.105340449452215
2334	0.105673240963626
2335	0.105643604262102
2336	0.105371430855772
2337	0.105311805002689
2338	0.1050274580934
2339	0.104997529704341
2340	0.105258109896398
2341	0.105277454725107
2342	0.105134072591077
2343	0.105071566686244
2344	0.104943573753772
2345	0.104823625508347
2346	0.104540801525009
2347	0.104666670118154
2348	0.104551839941917
2349	0.104355186144172
2350	0.104628650476867
2351	0.104655776999592
2352	0.104765960403145
2353	0.105008605123129
2354	0.104974094316617
2355	0.104898441213848
2356	0.10485634541465
2357	0.104701063398036
2358	0.104784006748338
2359	0.104881207640635
2360	0.104561341772142
2361	0.104329611382811
2362	0.104241987459031
2363	0.104116384948535
2364	0.104204101600622
2365	0.104318043254068
2366	0.104364272293105
2367	0.104044795845769
2368	0.103966641262624
2369	0.104030204824488
2370	0.103881722684822
2371	0.1034699204222
2372	0.103409445733458
2373	0.103419418196163
2374	0.103414387604273
2375	0.103608851792389
2376	0.103397201197132
2377	0.102850313783502
2378	0.102655135000086
2379	0.102408375043856
2380	0.1022894066836
2381	0.102484298120944
2382	0.102571055211187
2383	0.102690514468987
2384	0.102614601380039
2385	0.102322185570558
2386	0.102183589204316
2387	0.101732556658084
2388	0.101436784177055
2389	0.101204369961924
2390	0.10088705377359
2391	0.100483016815362
2392	0.100158583625758
2393	9.97887615453651E-02
2394	9.97010239997196E-02
2395	9.98714437711848E-02
2396	9.99185191943877E-02
2397	9.99138056223094E-02
2398	9.98571220962624E-02
2399	9.94775720690742E-02
2400	9.89036104024466E-02
2401	9.90893111241316E-02
2402	9.90847291910858E-02
2403	9.84754553931423E-02
2404	9.83788705528072E-02
2405	9.81894985238421E-02
2406	9.75714338175263E-02
2407	9.72072313718844E-02
2408	9.72110877480556E-02
2409	9.68259511686077E-02
2410	0.096498965548184
2411	9.67080865853453E-02
2412	9.68206317198371E-02
2413	9.70547879121133E-02
2414	9.70708404166766E-02
2415	9.67582693799845E-02
2416	9.65369389989658E-02
2417	9.57135573033594E-02
2418	9.50820786214873E-02
2419	9.51124087477696E-02
2420	9.49686858258685E-02
2421	9.48325543881573E-02
2422	9.46178605711165E-02
2423	9.41785643980615E-02
2424	9.37215059863038E-02
2425	9.33461414519731E-02
2426	9.33209286958279E-02
2427	9.31549164167041E-02
2428	9.28629528983138E-02
2429	9.27006953384232E-02
2430	0.09257195768708
2431	9.23605676912362E-02
2432	9.23179835161751E-02
2433	0.09210241966655
2434	9.16570689882867E-02
2435	9.13530388033296E-02
2436	9.11208922806495E-02
2437	9.07078389629704E-02
2438	9.00666460339595E-02
2439	8.94082667088894E-02
2440	8.84540496989862E-02
2441	8.80796151856942E-02
2442	8.78879702309935E-02
2443	8.77340527110324E-02
2444	0.088133852177446
2445	8.78633641438695E-02
2446	8.73800897298937E-02
2447	8.69927729415553E-02
2448	8.62744823174236E-02
2449	8.59748272489706E-02
2450	8.61915683100158E-02
2451	8.57856387443763E-02
2452	0.084957344990433
2453	8.43960000791367E-02
2454	8.34153692967496E-02
2455	8.30549491895598E-02
2456	8.35513211394642E-02
2457	8.35335276046973E-02
2458	8.36607333715423E-02
2459	8.35556953699202E-02
2460	8.33487520942057E-02
2461	8.29924179047259E-02
2462	8.28248176240556E-02
2463	8.23090793955701E-02
2464	8.13813805988623E-02
2465	8.07167411731679E-02
2466	7.95468426212237E-02
2467	7.90333707066162E-02
2468	7.89739496829358E-02
2469	7.88449685264766E-02
2470	7.94015507051015E-02
2471	7.92840265128706E-02
2472	7.84388879070795E-02
2473	7.84516948304865E-02
2474	0.078265469632013
2475	7.82171537221553E-02
2476	7.87098672412482E-02
2477	7.84477107228786E-02
2478	7.74775645225994E-02
2479	7.71011030289912E-02
2480	7.66368724750194E-02
2481	7.67421342600511E-02
2482	7.76107341733022E-02
2483	7.76423805952084E-02
2484	7.69432778399572E-02
2485	7.67250600300829E-02
2486	7.59118037282668E-02
2487	0.075563963073411
2488	7.53901418800693E-02
2489	7.52533980730632E-02
2490	7.49541519028981E-02
2491	7.48788971577519E-02
2492	7.56479706834403E-02
2493	7.58335087357109E-02
2494	0.075535740981629
2495	7.52283545719566E-02
2496	7.48575565330084E-02
2497	7.47506595835645E-02
2498	7.49997082580294E-02
2499	7.45991382191279E-02
2500	7.40136373669422E-02
