350	0.147907801594103
351	0.147916802930211
352	0.116545599103739
353	0.103999334137917
354	0.136924072745422
355	0.136364992912035
356	0.120870930057551
357	0.102142556291299
358	0.11770887398038
359	0.129953756061745
360	9.96074087535444E-02
361	0.105167435458569
362	0.118775517573113
363	0.123790577809929
364	0.09273159254475
365	9.29953962453425E-02
366	0.103481988901107
367	0.115285574651624
368	0.108599212191757
369	9.73488806487706E-02
370	9.02044763499926E-02
371	0.097817557250609
372	9.65583867479096E-02
373	0.102871320756522
374	0.101555285094828
375	9.61617501996336E-02
376	9.17369476483723E-02
377	9.08733209777502E-02
378	9.03446134740764E-02
379	9.14135345447295E-02
380	9.10778779460616E-02
381	8.68321681166638E-02
382	8.37161730854789E-02
383	9.66341035390465E-02
384	9.60466559460633E-02
385	9.44424987961301E-02
386	9.24317790997482E-02
387	9.11488727969445E-02
388	8.75689696685207E-02
389	8.98448177718383E-02
390	0.079530213296951
391	8.28691334905118E-02
392	9.09860149345301E-02
393	9.00647073746251E-02
394	0.094235277313325
395	9.85554341131244E-02
396	9.34480803409057E-02
397	8.60248854363692E-02
398	8.28515049864881E-02
399	8.87861152347208E-02
400	8.64575596669955E-02
401	8.49746104278148E-02
402	0.084215368981264
403	8.54870602981621E-02
404	0.090545709917636
405	9.21957689342791E-02
406	8.77506608268441E-02
407	8.29033488143671E-02
408	0.084285529861458
409	8.65958551143736E-02
410	8.38138155145001E-02
411	8.15913648988688E-02
412	8.30278731681027E-02
413	8.74443889895157E-02
414	8.74093651787091E-02
415	8.45425714200016E-02
416	8.27516048434714E-02
417	0.084581414178356
418	8.35895911008434E-02
419	8.12651526349028E-02
420	8.17938143824374E-02
421	8.46773791121989E-02
422	8.50092182559644E-02
423	8.32193794674484E-02
424	8.19128291943204E-02
425	0.083110474705556
426	8.40770743789957E-02
427	0.083938321247218
428	8.39644862645894E-02
429	8.34177090816378E-02
430	8.43543491599261E-02
431	8.39524542963731E-02
432	8.39458442018131E-02
433	8.46266049729568E-02
434	8.39342326021174E-02
435	8.43204137990911E-02
436	8.43058394569184E-02
437	8.44203885049127E-02
438	0.086912042468506
439	8.75146114995258E-02
440	8.60569714292035E-02
441	0.08580821327152
442	8.70075524250783E-02
443	8.76509816025272E-02
444	8.72309406860952E-02
445	8.71412854079378E-02
446	8.82165404565854E-02
447	8.94495204681092E-02
448	8.93656012318324E-02
449	8.84447429084544E-02
450	8.87426674664535E-02
451	0.090199916848504
452	8.99351391425767E-02
453	9.04760125973029E-02
454	0.09083497325145
455	9.13497162022573E-02
456	0.091871621703566
457	9.24708705865244E-02
458	0.092411771168938
459	9.28444025590527E-02
460	9.31618467745154E-02
461	9.35110719587399E-02
462	9.36626096595992E-02
463	9.38657515384987E-02
464	9.41270606596593E-02
465	0.094875723163308
466	9.48436827889147E-02
467	9.46228419304487E-02
468	9.51062355814121E-02
469	9.56293472889577E-02
470	9.55244754522622E-02
471	9.62316566270733E-02
472	9.63962982371195E-02
473	9.64448973542703E-02
474	9.65593315991555E-02
475	9.69422542051557E-02
476	9.71829898858807E-02
477	9.70756640675171E-02
478	9.73726978107004E-02
479	9.76883378007679E-02
480	9.79723840155551E-02
481	9.76904453336419E-02
482	9.80619715076122E-02
483	9.81575278697428E-02
484	9.85786275568897E-02
485	9.92092389730929E-02
486	9.92105887576134E-02
487	9.92582040181775E-02
488	9.92753092797044E-02
489	9.97072209730345E-02
490	0.100339573642416
491	0.100405854875411
492	0.100258445553404
493	0.101060034099583
494	0.101430878986885
495	0.101053778701404
496	0.100888475602135
497	0.101669975049192
498	0.101826022793364
499	0.101653746147575
500	0.101719860503817
501	0.101987295670611
502	0.102599575856075
503	0.102947116422073
504	0.103374953341722
505	0.103240242583365
506	0.103065676047088
507	0.103872083460019
508	0.10382553753176
509	0.104080524314311
510	0.104511817231552
511	0.104807812318641
512	0.104901097911704
513	0.105007315253333
514	0.105033450357176
515	0.105366745708943
516	0.10580351667367
517	0.105911053909463
518	0.106201753383875
519	0.106439247172637
520	0.106759830236817
521	0.107006847659712
522	0.107295649903805
523	0.107517583814281
524	0.107690552510217
525	0.107805211675391
526	0.108051401240126
527	0.108217307708834
528	0.108506504013733
529	0.108805399335979
530	0.10868591170327
531	0.108715357462089
532	0.108831571589868
533	0.109266426252452
534	0.109256719176731
535	0.109062635432512
536	0.109130759229667
537	0.109410254561617
538	0.109460486049456
539	0.10943179116248
540	0.109483602278311
541	0.109772105444112
542	0.109842254502114
543	0.10979033039786
544	0.109843662521892
545	0.109838433887735
546	0.109815468268036
547	0.109793453693729
548	0.109684704159756
549	0.109813109929955
550	0.109997937766847
551	0.109971355713935
552	0.110057715317842
553	0.110186225137764
554	0.110207283802031
555	0.110318446430446
556	0.110281301369025
557	0.11016220108993
558	0.110052054719036
559	0.110222368638047
560	0.110240616785815
561	0.110155495796209
562	0.110297754519631
563	0.110272732030905
564	0.110158970146581
565	0.11005964523142
566	0.11009005432428
567	0.110161628427913
568	0.110132253566755
569	0.109964744537041
570	0.109911341327407
571	0.109823840568995
572	0.109710023011384
573	0.109665925531063
574	0.10956301895554
575	0.109505163520297
576	0.109561022719424
577	0.109445944497734
578	0.109224905930273
579	0.10915185921216
580	0.109123911616386
581	0.108975961195432
582	0.108979114514151
583	0.108835764936825
584	0.108751075563182
585	0.108715027275063
586	0.108507664838659
587	0.108229536548895
588	0.108240173034642
589	0.108139681796744
590	0.107998899351855
591	0.107791640750311
592	0.107685393410533
593	0.107580691162617
594	0.107620585993042
595	0.107379828922268
596	0.107090292129846
597	0.107069303905491
598	0.107034948315003
599	0.106881734944467
600	0.106663472306164
601	0.106494232392452
602	0.10636950557431
603	0.106245427944108
604	0.106011371009246
605	0.105884953803193
606	0.10579409765372
607	0.105671227448717
608	0.105476632680219
609	0.105452804829506
610	0.105355867015406
611	0.105173621542884
612	0.105035084409543
613	0.104848772015631
614	0.104807115654336
615	0.104781806823451
616	0.104665183188459
617	0.104602279996343
618	0.104565259104415
619	0.104436238489241
620	0.104365522271424
621	0.104308055595211
622	0.104280801360968
623	0.104394517292876
624	0.104368713221176
625	0.104304197231807
626	0.104172232452085
627	0.104273204898516
628	0.104449986377713
629	0.104438932487842
630	0.104414973620356
631	0.104467529960149
632	0.104513448092876
633	0.104603270148122
634	0.104652938786256
635	0.104759307322138
636	0.1049126738552
637	0.105045604445096
638	0.105163964462572
639	0.105288748539181
640	0.105434884664065
641	0.105584673145164
642	0.105773400793951
643	0.105854627657203
644	0.106045132687892
645	0.10626958482342
646	0.106427769816138
647	0.106492826294953
648	0.106541162157523
649	0.106736362729398
650	0.106893193788872
651	0.107011694448951
652	0.106983428760252
653	0.10704714242219
654	0.107093501270112
655	0.107203492349906
656	0.10728214158949
657	0.107277793970487
658	0.107307633389678
659	0.107342622296032
660	0.107362745048339
661	0.107424348540201
662	0.107524483880395
663	0.10771791219522
664	0.107826519689542
665	0.107908980151425
666	0.108090718439217
667	0.108391738379233
668	0.108685316452001
669	0.108846639260652
670	0.109177720923305
671	0.109713059122887
672	0.110148083739715
673	0.110617613015631
674	0.111066403468293
675	0.111679051254418
676	0.11230143698635
677	0.112794977845626
678	0.11343732487367
679	0.114068369835412
680	0.114786760999615
681	0.115499405564429
682	0.116064554581782
683	0.116783415059672
684	0.117505387560758
685	0.118166622698898
686	0.118772492165106
687	0.119422277123868
688	0.120200504718186
689	0.120883268730903
690	0.121625886739383
691	0.122353480378042
692	0.123150353117728
693	0.123971405070191
694	0.125015251663684
695	0.126349139583601
696	0.127878312350904
697	0.129060982065453
698	0.129641619763945
699	0.12974940175213
700	0.130348544131625
701	0.131140694871099
702	0.132047165707301
703	0.132921677047809
704	0.133821831655912
705	0.134741241131457
706	0.135683252705668
707	0.136639785758647
708	0.137590198946165
709	0.138621060934266
710	0.139604818162839
711	0.140537458973877
712	0.141437717837261
713	0.142326592893382
714	0.143354779886354
715	0.144332709977731
716	0.145186761396409
717	0.146062427998905
718	0.147012152083485
719	0.147873698544183
720	0.148684172744859
721	0.149463084004149
722	0.150302302030759
723	0.15113019638133
724	0.151956731079743
725	0.152724104585284
726	0.153444025208864
727	0.154187032290661
728	0.154948858259791
729	0.155651326815293
730	0.156343092743976
731	0.157036230882838
732	0.157767029164445
733	0.158377697837728
734	0.158997474254087
735	0.159632127042162
736	0.160268276460891
737	0.160839601658469
738	0.161372598395353
739	0.161929887014582
740	0.162533542507793
741	0.163080139676339
742	0.163581736877031
743	0.164006709193359
744	0.164503450194713
745	0.165006626889885
746	0.165382635762379
747	0.165806635044304
748	0.16623677496185
749	0.166660982436378
750	0.167044131625853
751	0.16737389726486
752	0.167739911424417
753	0.168108814081368
754	0.168443375192265
755	0.168742193387782
756	0.169040374376452
757	0.169375869026366
758	0.169642585684279
759	0.169905011083006
760	0.170198922845835
761	0.170471197868471
762	0.170720476783017
763	0.170898367198524
764	0.171079789730918
765	0.171326349756246
766	0.171633966866333
767	0.171879148585455
768	0.17208152568445
769	0.17231965867573
770	0.17258906704067
771	0.172823498567302
772	0.172996968757049
773	0.173187316560213
774	0.173383962117224
775	0.173542803700606
776	0.173638158436704
777	0.173812799959436
778	0.174021668218895
779	0.174251937421558
780	0.174360368117438
781	0.17446386854004
782	0.174628278320659
783	0.174839410079319
784	0.174932342358082
785	0.175052757028223
786	0.175240183476958
787	0.175408457746221
788	0.17554109366064
789	0.175631174498669
790	0.175720559381697
791	0.175862645036107
792	0.175990342237819
793	0.17606852091539
794	0.176148281061546
795	0.17626822356911
796	0.176426069602067
797	0.176488146606263
798	0.176533030097162
799	0.176651205257455
800	0.176761191017624
801	0.176878520455655
802	0.176948819509619
803	0.177032110517696
804	0.177124629802556
805	0.177206889130556
806	0.177200625366727
807	0.177244780492076
808	0.177377509264044
809	0.177514371177783
810	0.177572922602718
811	0.17764418092951
812	0.177705225216917
813	0.177806459778373
814	0.177828646780566
815	0.177860250739709
816	0.177941186118243
817	0.177994566531192
818	0.178055128517146
819	0.178098662381354
820	0.178151389876107
821	0.178227507801935
822	0.178282882694459
823	0.178319155392405
824	0.178326468852
825	0.178504666270036
826	0.17853761572529
827	0.178514902289109
828	0.178542745406969
829	0.178652497689476
830	0.178696484058124
831	0.17865974403466
832	0.178619546122254
833	0.17864146367155
834	0.178707437709797
835	0.178779166625269
836	0.178742020144163
837	0.178716632156631
838	0.178796035045666
839	0.178857116907078
840	0.178838379005166
841	0.178799218114613
842	0.178823550023105
843	0.178874282109561
844	0.178858710451908
845	0.178819265477714
846	0.178828102510011
847	0.178941201783354
848	0.178969420613554
849	0.178840535523393
850	0.178882028235463
851	0.179009718398496
852	0.179052972972091
853	0.178956464993731
854	0.178934577541315
855	0.179047705318889
856	0.179062221331712
857	0.178995628786755
858	0.178944175529988
859	0.179007889123451
860	0.179015889120663
861	0.179003502502722
862	0.178993224023348
863	0.178907538732234
864	0.178921817554756
865	0.178931919289784
866	0.178864615158543
867	0.178773996066527
868	0.178815433563345
869	0.17879893572462
870	0.178760868419717
871	0.178762060746872
872	0.178729446577228
873	0.17875060470154
874	0.178707825503136
875	0.17863550410772
876	0.178646504589237
877	0.178635535804201
878	0.17853293951046
879	0.178482089419183
880	0.178509959473089
881	0.178576861579537
882	0.178488933786302
883	0.178346318591518
884	0.178320773402502
885	0.17837457805854
886	0.178380829501194
887	0.178257107439262
888	0.178227688959106
889	0.178239989110791
890	0.178254764252211
891	0.178192568722117
892	0.178157103005125
893	0.178111220980574
894	0.178110615736868
895	0.178065329864067
896	0.177966271106126
897	0.177967595528352
898	0.17802585377078
899	0.178023220676464
900	0.177923462752682
901	0.177869290667603
902	0.177785097519898
903	0.177684540441277
904	0.177681704434668
905	0.177733068842539
906	0.177800396529524
907	0.177812954655787
908	0.177733755643952
909	0.177627563969755
910	0.177635779859754
911	0.177644447517971
912	0.177632649694669
913	0.177548311837545
914	0.177462427876561
915	0.177474250907903
916	0.177500327628826
917	0.177488744531564
918	0.177535090883643
919	0.177581173411523
920	0.177429233219631
921	0.177283040892671
922	0.177404077518052
923	0.177445640377848
924	0.177342451913178
925	0.177360035949835
926	0.177373038540034
927	0.17735486986012
928	0.177292654843237
929	0.177323303471637
930	0.177334171555619
931	0.177372488661539
932	0.177245428145303
933	0.177224478642207
934	0.177157272414243
935	0.177221142245746
936	0.177171179098719
937	0.177037014374741
938	0.176974585278105
939	0.177198226460125
940	0.17718983376294
941	0.177013357441436
942	0.176969824133335
943	0.177064379365274
944	0.177045193462632
945	0.176930605796854
946	0.176877780973311
947	0.176775684691123
948	0.176865041987585
949	0.176840310019507
950	0.176740339975185
951	0.176782811978609
952	0.176711771426403
953	0.1767011200747
954	0.176451029061963
955	0.176536148519533
956	0.176742013712563
957	0.176534533828884
958	0.176449627736672
959	0.176528358385366
960	0.176517330831438
961	0.176530879060761
962	0.176341307505742
963	0.176348990523349
964	0.176594428038994
965	0.176327302758382
966	0.176118370665855
967	0.176408538792306
968	0.176416421183244
969	0.176089271177639
970	0.176038217623975
971	0.176033751257982
972	0.176253464390213
973	0.176152491620298
974	0.17578975132279
975	0.175972757424062
976	0.176167710354606
977	0.176222879942159
978	0.175873129683941
979	0.175770608180721
980	0.175879687062752
981	0.175879755304316
982	0.175734100075008
983	0.175514036269268
984	0.175781830100191
985	0.176003801547773
986	0.175744908342075
987	0.175815256347311
988	0.17584519458863
989	0.175633236824537
990	0.175534485453408
991	0.175385559226584
992	0.175461427009102
993	0.175670697180835
994	0.175511502769237
995	0.17543135957192
996	0.175551626588533
997	0.175238924225233
998	0.175206816420765
999	0.174972073358691
1000	0.175215240613075
1001	0.181280259021405
1002	0.181241862042691
1003	0.181282978222054
1004	0.181296658584956
1005	0.181242635962988
1006	0.181027301096826
1007	0.181123069983895
1008	0.181141230721922
1009	0.181111886138224
1010	0.181162227139754
1011	0.181133116957951
1012	0.181052537371094
1013	0.181046212793904
1014	0.180813294516364
1015	0.180771384612887
1016	0.180724172984947
1017	0.180671481637835
1018	0.180763085576965
1019	0.180747452714445
1020	0.180701510477372
1021	0.180722329737504
1022	0.180677074220128
1023	0.180899902389178
1024	0.180813466817169
1025	0.180731898354946
1026	0.180647516670175
1027	0.180542975688831
1028	0.18053085715474
1029	0.180518886688816
1030	0.18060837387571
1031	0.180557165947584
1032	0.180503745680574
1033	0.180453819314774
1034	0.180376860163772
1035	0.180433427595702
1036	0.180435969192816
1037	0.180472754786897
1038	0.18050524959384
1039	0.18043858490825
1040	0.180351395669875
1041	0.180304723813107
1042	0.180403929217706
1043	0.180335597270753
1044	0.180425372868617
1045	0.180402641427443
1046	0.180491052849002
1047	0.18041188291135
1048	0.180419419780243
1049	0.180401014197285
1050	0.180329500523084
1051	0.180293692966042
1052	0.180257864861493
1053	0.180283505656772
1054	0.180248079534639
1055	0.180252785221674
1056	0.180267160126188
1057	0.180266639155584
1058	0.180289948137399
1059	0.180221673869133
1060	0.180263242602421
1061	0.180271055289634
1062	0.180274149681721
1063	0.180307040846433
1064	0.180319358865439
1065	0.180303279337086
1066	0.180206172925492
1067	0.180199647743422
1068	0.180079077575847
1069	0.180050635578629
1070	0.180011025433015
1071	0.179981953771589
1072	0.180009482918897
1073	0.179944980087251
1074	0.179989517070498
1075	0.180042363273383
1076	0.180042012629331
1077	0.179974185287249
1078	0.17995325664495
1079	0.179977539211507
1080	0.179936202126044
1081	0.17996555323736
1082	0.179947052842556
1083	0.17994123408126
1084	0.179804623772754
1085	0.179743777681441
1086	0.179796291693504
1087	0.179750344245069
1088	0.179811226922094
1089	0.17980148539802
1090	0.179772058355589
1091	0.179650752806894
1092	0.17951990373892
1093	0.179532388733926
1094	0.179563778040805
1095	0.179518343919576
1096	0.179568939884981
1097	0.179592992745068
1098	0.179528861468551
1099	0.179446743101327
1100	0.179488794308729
1101	0.179469632130781
1102	0.179546400780074
1103	0.179559656241208
1104	0.179475554528916
1105	0.179468016065267
1106	0.179403461861638
1107	0.179350143653836
1108	0.179375128488035
1109	0.179391777171491
1110	0.179464742151403
1111	0.179499085275261
1112	0.1794974208757
1113	0.179504676242106
1114	0.179493846864952
1115	0.179491387713575
1116	0.179517035640279
1117	0.17951060213544
1118	0.179518110504822
1119	0.179499920865518
1120	0.179484716782193
1121	0.179467845459486
1122	0.17945043834844
1123	0.179410839931036
1124	0.179414538065982
1125	0.179506594445355
1126	0.17946083120845
1127	0.179471066191411
1128	0.179432964235835
1129	0.179457769387925
1130	0.17940819662748
1131	0.179472012379576
1132	0.17949189031737
1133	0.179528148229288
1134	0.17946471873521
1135	0.179464342538544
1136	0.179522804264416
1137	0.17950017920543
1138	0.179493914518049
1139	0.179518675833149
1140	0.179492858261505
1141	0.179481585036243
1142	0.179438741568017
1143	0.179427458262485
1144	0.179411000544723
1145	0.179401604596166
1146	0.179367712404539
1147	0.179390653996357
1148	0.179372010909867
1149	0.179375777737459
1150	0.179376355283279
1151	0.179326282967893
1152	0.179274473247124
1153	0.179222631004725
1154	0.179178987618271
1155	0.179182981249156
1156	0.179194137167593
1157	0.179136489594924
1158	0.179095503874507
1159	0.179027214567473
1160	0.178982694961632
1161	0.178926462628925
1162	0.178870407278258
1163	0.178879310158708
1164	0.178900024124387
1165	0.178853061898945
1166	0.178832744764003
1167	0.178785370890351
1168	0.178757826769437
1169	0.178662280582455
1170	0.178645532989937
1171	0.178552857724777
1172	0.178510097854338
1173	0.178524181294426
1174	0.178469934863711
1175	0.178459876260893
1176	0.178448507364941
1177	0.178373370943091
1178	0.178285768973417
1179	0.17825576127816
1180	0.17820084172621
1181	0.178166817172645
1182	0.178171734308858
1183	0.178214732901847
1184	0.178173578568797
1185	0.178161700402582
1186	0.178135726543775
1187	0.178163277130316
1188	0.178160200767153
1189	0.178151932881766
1190	0.178124828413079
1191	0.178077802223468
1192	0.178095867417849
1193	0.178073549462952
1194	0.17808010726429
1195	0.178067034932244
1196	0.178101843553699
1197	0.178113015624822
1198	0.178122181218645
1199	0.178193167445755
1200	0.178190857261631
1201	0.178219680139168
1202	0.178209077763636
1203	0.178239129605408
1204	0.178224984361739
1205	0.178271660948862
1206	0.178302500451753
1207	0.178333350538463
1208	0.17838877342451
1209	0.178469884440931
1210	0.178508283058159
1211	0.178518088843678
1212	0.178539868679739
1213	0.178524587107866
1214	0.178521896265987
1215	0.178566389141813
1216	0.178635280762884
1217	0.178693536408531
1218	0.17875037542615
1219	0.178783569489175
1220	0.178833065076352
1221	0.178882123246982
1222	0.178946700752697
1223	0.1790118259837
1224	0.17905939827095
1225	0.179082693025214
1226	0.179157272027521
1227	0.17923820046408
1228	0.17928093719967
1229	0.17938659449479
1230	0.179443178844836
1231	0.179475913410874
1232	0.179507668900744
1233	0.179574734373383
1234	0.179606483677243
1235	0.179724544620725
1236	0.179763243214236
1237	0.179795485462758
1238	0.179841146699679
1239	0.179938927525804
1240	0.180005504511545
1241	0.180098025062394
1242	0.180148763232414
1243	0.180217967935007
1244	0.180256309532899
1245	0.180298223338247
1246	0.180261040197928
1247	0.180316960811601
1248	0.180443558086573
1249	0.180513580339736
1250	0.180569525198776
1251	0.180614845425736
1252	0.180688853305435
1253	0.180709446808614
1254	0.180684406607585
1255	0.180726122867769
1256	0.180815844681185
1257	0.180878858039791
1258	0.180943392473258
1259	0.181027820578335
1260	0.181112594095513
1261	0.181165288198285
1262	0.181155755273872
1263	0.181137286577109
1264	0.181184802123292
1265	0.18115181562946
1266	0.181201109386161
1267	0.181274436791959
1268	0.181345437545044
1269	0.181408959343128
1270	0.181469478211684
1271	0.181523028115509
1272	0.181587433465187
1273	0.181647186791629
1274	0.181697506105725
1275	0.181731656193962
1276	0.18176053830175
1277	0.181781064978007
1278	0.181828479174053
1279	0.181890442203421
1280	0.181956833182308
1281	0.182044616378493
1282	0.182104614178
1283	0.182154822494051
1284	0.182226946141894
1285	0.182259074760919
1286	0.182313427092822
1287	0.182368208073413
1288	0.182400695792521
1289	0.182486790140921
1290	0.182555679305126
1291	0.182624071533818
1292	0.182688401055411
1293	0.182734639933782
1294	0.18277931669356
1295	0.182771406448082
1296	0.182748663350855
1297	0.182763833195515
1298	0.182836649637649
1299	0.182867674445355
1300	0.182939890964851
1301	0.182946867310705
1302	0.182950868486097
1303	0.182945015820237
1304	0.182970356887781
1305	0.182943526347602
1306	0.182883697200732
1307	0.182879921440833
1308	0.182845895159619
1309	0.182826189213547
1310	0.182809109906079
1311	0.182817973567434
1312	0.182856168161231
1313	0.182858417165513
1314	0.182875641895781
1315	0.182868462564675
1316	0.182872891907015
1317	0.182814031561559
1318	0.182837591814519
1319	0.182891957254094
1320	0.182879600355014
1321	0.182859267399809
1322	0.182838933484659
1323	0.182795000374815
1324	0.182808974572122
1325	0.182816063975511
1326	0.182863181429428
1327	0.182854829243411
1328	0.182841271114588
1329	0.18278516891897
1330	0.182760867896975
1331	0.182757898075419
1332	0.182733654350015
1333	0.18275603146759
1334	0.182727723221463
1335	0.182745185755891
1336	0.182727636251012
1337	0.182700306122241
1338	0.182694365763282
1339	0.182657023515254
1340	0.182577866478382
1341	0.182555259550486
1342	0.182542089731668
1343	0.182530048968154
1344	0.182521718554866
1345	0.182486877143979
1346	0.182449109793553
1347	0.182408715215965
1348	0.182326252399062
1349	0.18229687473965
1350	0.182210892544609
1351	0.182182750826287
1352	0.18217118415893
1353	0.18213436977202
1354	0.182085158034033
1355	0.182033988834721
1356	0.181973650869907
1357	0.181926906406253
1358	0.181877850232004
1359	0.181786364299828
1360	0.181746604189599
1361	0.181671031430312
1362	0.181659271743502
1363	0.181616132156087
1364	0.181515584256062
1365	0.181422657668325
1366	0.181344741062772
1367	0.181249456262207
1368	0.181162092910513
1369	0.181061900387497
1370	0.180953770619807
1371	0.180815205448693
1372	0.180686668337076
1373	0.180571210960917
1374	0.180416774813906
1375	0.180266037725177
1376	0.180096758915073
1377	0.179897283360525
1378	0.179707623553
1379	0.179463646506925
1380	0.179210799527991
1381	0.178944047247263
1382	0.178669681136105
1383	0.178348525500647
1384	0.177989094246358
1385	0.177663297147488
1386	0.177275056584044
1387	0.17693054301906
1388	0.17656239838905
1389	0.176198793831559
1390	0.17583284572294
1391	0.175423235263336
1392	0.174992790396402
1393	0.174590220910957
1394	0.174214611023329
1395	0.173812690411585
1396	0.173397478150083
1397	0.173008361942794
1398	0.172634808405206
1399	0.172185755535245
1400	0.17175674132842
1401	0.171338442001887
1402	0.170873097646418
1403	0.170451594280896
1404	0.170119062540425
1405	0.169717643834772
1406	0.169288332792609
1407	0.168811376341259
1408	0.168310785177912
1409	0.167843969243497
1410	0.167358061799789
1411	0.166882168029393
1412	0.166416933748473
1413	0.165926911510375
1414	0.16544999963202
1415	0.164955000920056
1416	0.164425337806937
1417	0.163891678712307
1418	0.163364427000098
1419	0.162872789175489
1420	0.162411389691053
1421	0.161933224066888
1422	0.161470909301822
1423	0.161015488618879
1424	0.160568121976897
1425	0.160117442367707
1426	0.159703210611731
1427	0.159322008549211
1428	0.158966021228353
1429	0.158620691782295
1430	0.158289994512037
1431	0.158004220747355
1432	0.157710564457641
1433	0.157455398559485
1434	0.157223097482065
1435	0.15700198999036
1436	0.156802391447825
1437	0.156641735525911
1438	0.156474983977185
1439	0.156354474909304
1440	0.156196284303994
1441	0.156018965181277
1442	0.155927243061267
1443	0.155849492599459
1444	0.155791021996789
1445	0.155731558197233
1446	0.155711035625623
1447	0.155675185090259
1448	0.155668184488368
1449	0.155694415674601
1450	0.155691971422725
1451	0.155655014760458
1452	0.15565708162503
1453	0.155686934550045
1454	0.155727551782402
1455	0.155739073258411
1456	0.155764171615346
1457	0.155748200442968
1458	0.155748456363022
1459	0.155783545897571
1460	0.155802147161594
1461	0.155833643765817
1462	0.155885769606464
1463	0.155912815231857
1464	0.155945893909088
1465	0.155977424424633
1466	0.156010485315455
1467	0.156067819818777
1468	0.15612737958218
1469	0.156203943990747
1470	0.156271111922902
1471	0.156318031643001
1472	0.156380562580713
1473	0.15642773866063
1474	0.156510724057783
1475	0.156588353641278
1476	0.156633326246906
1477	0.156706564835795
1478	0.156769165068917
1479	0.156807684984638
1480	0.156816319973823
1481	0.156894913788724
1482	0.156956596415365
1483	0.157040358376134
1484	0.157127694492594
1485	0.157211917336476
1486	0.157258836144074
1487	0.157338620402716
1488	0.157409065133986
1489	0.15748924722638
1490	0.157571074806037
1491	0.157641966452336
1492	0.157773443437613
1493	0.157896733674384
1494	0.15794972004988
1495	0.158042563719609
1496	0.158152703215497
1497	0.158291722001609
1498	0.15844179553219
1499	0.158591405331399
1500	0.158680405318854
1501	0.158799572521705
1502	0.158907704792018
1503	0.15905873898385
1504	0.159176671597954
1505	0.159328477574496
1506	0.159502645387842
1507	0.159623900669386
1508	0.159741569480973
1509	0.159853398252001
1510	0.159961163718211
1511	0.160110202881759
1512	0.160256284722199
1513	0.16040327157126
1514	0.160560915580765
1515	0.160751209859936
1516	0.160885992606837
1517	0.1610344061258
1518	0.161200936323531
1519	0.161336922207532
1520	0.161445835164814
1521	0.161566376261337
1522	0.161703419478459
1523	0.161777590731017
1524	0.161910124740113
1525	0.162079680760837
1526	0.162170273027607
1527	0.162213612913441
1528	0.1623151336867
1529	0.162416859966763
1530	0.16249705964327
1531	0.162623221486728
1532	0.162731235384713
1533	0.162778165089865
1534	0.16284875721015
1535	0.162948470128002
1536	0.163024848467369
1537	0.163121396064055
1538	0.163208971283081
1539	0.163280116017069
1540	0.16334064658834
1541	0.163431735033122
1542	0.163492698707561
1543	0.163589152990881
1544	0.163650555193234
1545	0.163704861595913
1546	0.16377209294984
1547	0.16388270492207
1548	0.1639838248683
1549	0.164084007167809
1550	0.164174796341566
1551	0.164234621533399
1552	0.164292348541707
1553	0.164310978437363
1554	0.164374547588597
1555	0.164412643383397
1556	0.164482144282387
1557	0.164555903502767
1558	0.164591963897906
1559	0.164668656206202
1560	0.164744659869401
1561	0.164846604025158
1562	0.164894654665742
1563	0.164964641378397
1564	0.165041681638977
1565	0.165040669155753
1566	0.165066691520302
1567	0.165123789621297
1568	0.165184517470848
1569	0.165273081875007
1570	0.165345691004559
1571	0.165401186042781
1572	0.165451035496507
1573	0.165529024153595
1574	0.165579280435441
1575	0.165623716611967
1576	0.16570349485672
1577	0.165757779772335
1578	0.165849716495303
1579	0.165949116161521
1580	0.166041745177489
1581	0.166138991925708
1582	0.166220559055705
1583	0.166225573363074
1584	0.166307576178705
1585	0.166398457190415
1586	0.166522593771113
1587	0.166727592137813
1588	0.166834948205428
1589	0.166916022890873
1590	0.167024160855283
1591	0.167115935994816
1592	0.167266934088582
1593	0.167474947626369
1594	0.167597158927734
1595	0.167717137379636
1596	0.167834251603168
1597	0.167976608413258
1598	0.168106654934836
1599	0.168276338058814
1600	0.168431682468386
1601	0.16853556657291
1602	0.168655209042227
1603	0.168779967662751
1604	0.168882315736652
1605	0.168985034255427
1606	0.169131434165975
1607	0.1692672144088
1608	0.169383879928618
1609	0.169521515407815
1610	0.169645494889321
1611	0.169829740600532
1612	0.16996125067562
1613	0.17011480338259
1614	0.170241065649613
1615	0.170334273046112
1616	0.170410861869414
1617	0.170527503296327
1618	0.170649171818016
1619	0.17080539978541
1620	0.170928140624253
1621	0.171095176821795
1622	0.171187341969738
1623	0.171291224570051
1624	0.171339207022691
1625	0.171406521025358
1626	0.171461558488329
1627	0.171567645088549
1628	0.171707374969014
1629	0.171852987824214
1630	0.171987259749962
1631	0.172086102598639
1632	0.172207978491276
1633	0.172292631601957
1634	0.172369458109592
1635	0.172456350373188
1636	0.172547425618083
1637	0.172618290046802
1638	0.172677385265176
1639	0.172814541087327
1640	0.172888059242273
1641	0.172983371205301
1642	0.17307833695028
1643	0.173173251069307
1644	0.173249884897583
1645	0.173325998119975
1646	0.173422752776359
1647	0.173479472266806
1648	0.173522486517853
1649	0.173572638755234
1650	0.17362313799236
1651	0.173692528686402
1652	0.173791565962
1653	0.173866365868011
1654	0.173939515863922
1655	0.173966559810239
1656	0.174020593383362
1657	0.174062838776784
1658	0.174112052396523
1659	0.174152503562911
1660	0.174147790587548
1661	0.174123173856624
1662	0.174118339805861
1663	0.174069773949574
1664	0.173992946527383
1665	0.173961800937784
1666	0.173861981309406
1667	0.173788537125652
1668	0.173708145745236
1669	0.173600875610591
1670	0.173517767026108
1671	0.173428135080317
1672	0.173314222665318
1673	0.173130400202635
1674	0.172964321676368
1675	0.172781997310953
1676	0.172629395520266
1677	0.172464253728366
1678	0.172354000041279
1679	0.172190464009449
1680	0.172050126023291
1681	0.171894638810873
1682	0.171723772975317
1683	0.171545552415732
1684	0.171335931631211
1685	0.171100953074633
1686	0.170926129544903
1687	0.170785953729928
1688	0.170646700139531
1689	0.170507128268116
1690	0.170411657435608
1691	0.17028423323945
1692	0.170225397960294
1693	0.17015147476921
1694	0.170076437975863
1695	0.170021103535659
1696	0.169937555113536
1697	0.169897289070775
1698	0.169859177686993
1699	0.169790138523706
1700	0.169774332755461
1701	0.169702468144746
1702	0.169616051708295
1703	0.16949184000788
1704	0.169388726207572
1705	0.169296104665782
1706	0.169185296426562
1707	0.169140901654059
1708	0.169037406915209
1709	0.168930128245362
1710	0.16881806825256
1711	0.168699456757522
1712	0.168542996866885
1713	0.168444983690514
1714	0.168293136855011
1715	0.168140996922088
1716	0.1680149572358
1717	0.167866898869028
1718	0.167710111116713
1719	0.167543895996222
1720	0.167384710644151
1721	0.167235815665848
1722	0.167097127737206
1723	0.166904802223841
1724	0.166671335566666
1725	0.16652166852097
1726	0.166339903763459
1727	0.166217270841689
1728	0.166113014532304
1729	0.166052121393791
1730	0.165983027348587
1731	0.165902455640722
1732	0.165824589139202
1733	0.165768865452303
1734	0.165685462461089
1735	0.165595532648312
1736	0.16552677468192
1737	0.165507438711365
1738	0.16549503969894
1739	0.165446174904614
1740	0.165481638458661
1741	0.165532617408073
1742	0.165549058304632
1743	0.165613361979486
1744	0.16562164690663
1745	0.165621018226833
1746	0.165668192487187
1747	0.165705413831001
1748	0.165744466368362
1749	0.165806508389027
1750	0.165820897539587
1751	0.165818780051814
1752	0.1658847157949
1753	0.165839021135268
1754	0.165878959026642
1755	0.165846289354871
1756	0.165787784954876
1757	0.165790380348832
1758	0.165768404373455
1759	0.165765145242633
1760	0.165733053040663
1761	0.165741525151213
1762	0.165726210121257
1763	0.165650841472709
1764	0.165624449509992
1765	0.165597686157285
1766	0.165610885666154
1767	0.16564147445375
1768	0.165675229898188
1769	0.165656100995189
1770	0.165706866702046
1771	0.165780824810274
1772	0.165830477973872
1773	0.165912516980249
1774	0.165965823354774
1775	0.165990730861339
1776	0.166019421707094
1777	0.166069527187715
1778	0.166117189393601
1779	0.16615856424175
1780	0.166181491930236
1781	0.166135720537329
1782	0.166168391549062
1783	0.166098623900682
1784	0.166125310456624
1785	0.166184454660107
1786	0.166166809282402
1787	0.166116128432968
1788	0.166102653745273
1789	0.16616329886938
1790	0.166147921517446
1791	0.16618308250584
1792	0.166241606095726
1793	0.166269503748618
1794	0.166252873876744
1795	0.166231500255009
1796	0.166263186144462
1797	0.166362338461049
1798	0.166464244161447
1799	0.166616591406496
1800	0.16667260195725
1801	0.166699812541663
1802	0.166749045123555
1803	0.166769665945791
1804	0.166837406025209
1805	0.166874665317573
1806	0.166933577370596
1807	0.166889752086585
1808	0.166936618947372
1809	0.16696254887126
1810	0.167088916614927
1811	0.167174868447718
1812	0.167288988360589
1813	0.167308341001711
1814	0.167344435996483
1815	0.167343119171663
1816	0.167443897474352
1817	0.167540972257389
1818	0.167690049711783
1819	0.167806383843922
1820	0.167863136712189
1821	0.167992368102982
1822	0.168102889865456
1823	0.168133090594676
1824	0.168212691956307
1825	0.168406941391894
1826	0.168444296853881
1827	0.168547825551292
1828	0.168671636803845
1829	0.168708091538028
1830	0.168814116267941
1831	0.170393115844166
1832	0.17048734513618
1833	0.170512781204854
1834	0.170609958247378
1835	0.170777004101665
1836	0.170865906005207
1837	0.170917727965973
1838	0.170922934559349
1839	0.170885573851415
1840	0.170926636544952
1841	0.170853131562814
1842	0.17099429119526
1843	0.171052821654595
1844	0.170930977628642
1845	0.170924310917936
1846	0.170910932709108
1847	0.170949795856316
1848	0.17107387143918
1849	0.171212543624779
1850	0.171375010255844
1851	0.171485968371467
1852	0.171423151547257
1853	0.171291350636591
1854	0.171307832646105
1855	0.171321226542701
1856	0.171267393408733
1857	0.17126692703418
1858	0.171358046299163
1859	0.171230917700031
1860	0.17105019959981
1861	0.170949601041801
1862	0.170781038470593
1863	0.170649397257909
1864	0.170683596946991
1865	0.170489418198501
1866	0.17014612125292
1867	0.169905564677892
1868	0.169577275337083
1869	0.169198133959007
1870	0.168959006792494
1871	0.168682964636585
1872	0.16831022403806
1873	0.167815394184167
1874	0.167415367577267
1875	0.167049389971828
1876	0.1665863518944
1877	0.16616503232102
1878	0.165605769499016
1879	0.16512901364184
1880	0.164577702343346
1881	0.163832289261565
1882	0.163065947247318
1883	0.162171071544129
1884	0.160969020493148
1885	0.159924545630938
1886	0.158980930209798
1887	0.157998772623815
1888	0.156965670631155
1889	0.155870792902113
1890	0.1546749954491
1891	0.153340057238297
1892	0.152082865554717
1893	0.150738034937642
1894	0.149424424567035
1895	0.148086905206721
1896	0.146717148133513
1897	0.145305838153479
1898	0.143794853681596
1899	0.142388881414953
1900	0.140965069495331
1901	0.139551651577101
1902	0.138164711480964
1903	0.13686547722893
1904	0.135621142704756
1905	0.134349681865886
1906	0.133090112055287
1907	0.131939339796725
1908	0.130754854726222
1909	0.129547481505424
1910	0.12846252919337
1911	0.127388129466633
1912	0.126517163159276
1913	0.125789831411155
1914	0.125019542129928
1915	0.12442047407657
1916	0.123746181700859
1917	0.123038465581416
1918	0.122346592353366
1919	0.121728747311208
1920	0.12111493287526
1921	0.120618043816681
1922	0.12020895166831
1923	0.119868524844874
1924	0.119661956856034
1925	0.119424980054386
1926	0.11918872196411
1927	0.118985488477713
1928	0.118782647798207
1929	0.118545950167512
1930	0.118419689906052
1931	0.118299012482446
1932	0.118238418662503
1933	0.118210193614224
1934	0.118211497852943
1935	0.11828501559657
1936	0.118330698584079
1937	0.118389677122444
1938	0.118460801119524
1939	0.118618876104054
1940	0.118782089590785
1941	0.118961676436639
1942	0.119217084968955
1943	0.119413214367302
1944	0.119651140921353
1945	0.119817747649863
1946	0.119975914780684
1947	0.120188180800645
1948	0.120502172580118
1949	0.120708931502904
1950	0.120991852578086
1951	0.121417728836035
1952	0.121775071520863
1953	0.122175035732949
1954	0.122438549209813
1955	0.122604808028826
1956	0.122867930866343
1957	0.123198245827275
1958	0.123507592737868
1959	0.123987135205688
1960	0.124431994164629
1961	0.124661479336976
1962	0.124682769935573
1963	0.124883291111272
1964	0.125004609742033
1965	0.12518691838305
1966	0.125520412103847
1967	0.125720371484812
1968	0.125839408847198
1969	0.126060823999102
1970	0.126391651086976
1971	0.126700303000531
1972	0.126961606856498
1973	0.127212306337316
1974	0.127467176400402
1975	0.127618829763988
1976	0.127806521441882
1977	0.128055551076876
1978	0.128279761790057
1979	0.128562834263565
1980	0.128837671823831
1981	0.129218876619893
1982	0.129576096051575
1983	0.129848300074865
1984	0.130049576082056
1985	0.130351116918682
1986	0.130612575301968
1987	0.130939789325473
1988	0.131349638430253
1989	0.131681395467861
1990	0.131907130710482
1991	0.132181748115783
1992	0.132540809945913
1993	0.1328174835144
1994	0.133083402506797
1995	0.133401165481174
1996	0.133642764960136
1997	0.133708592859778
1998	0.133991475275236
1999	0.134473257100701
2000	0.134735978471147
2001	0.135026480300898
2002	0.135214586500773
2003	0.135357136591069
2004	0.135328779930815
2005	0.135375396484879
2006	0.135498526873445
2007	0.135604168034785
2008	0.135688278452965
2009	0.135790336029742
2010	0.135885268507478
2011	0.135912923077347
2012	0.135891516853455
2013	0.135860327954539
2014	0.13577662573225
2015	0.135708782902445
2016	0.135633393638966
2017	0.135465123525248
2018	0.135265424702393
2019	0.135150899973481
2020	0.135075656815998
2021	0.135077842936503
2022	0.135006377883818
2023	0.134978595345831
2024	0.134791922482378
2025	0.134298658011619
2026	0.134029470283341
2027	0.133823905865282
2028	0.133576409615215
2029	0.13343196293299
2030	0.133276997295215
2031	0.133058937773441
2032	0.132774679042729
2033	0.132427122109573
2034	0.131972432205579
2035	0.131607163464143
2036	0.131186622378702
2037	0.130799948983432
2038	0.130514598210869
2039	0.130239710111078
2040	0.129978370596787
2041	0.129631018773213
2042	0.129195175158926
2043	0.128830684861958
2044	0.128500041796152
2045	0.12807070936866
2046	0.127769124954254
2047	0.127565327448902
2048	0.127293153688171
2049	0.126973897296518
2050	0.126631754626215
2051	0.126224128954622
2052	0.125913516408794
2053	0.125661863461904
2054	0.125365717596404
2055	0.125164850889479
2056	0.125056141945339
2057	0.124840337341285
2058	0.124681645123492
2059	0.124550100292514
2060	0.124457115643367
2061	0.124375336748639
2062	0.124333439796288
2063	0.124270786876074
2064	0.124114366068105
2065	0.123985505923531
2066	0.124028814126556
2067	0.123951255352
2068	0.123908269817168
2069	0.123908039006559
2070	0.12386773567
2071	0.123627705822552
2072	0.123556094466705
2073	0.123586074342742
2074	0.123553339695141
2075	0.123528699299855
2076	0.123472205918546
2077	0.123481292963135
2078	0.123416866442989
2079	0.123285826300262
2080	0.123212492981072
2081	0.123176102863045
2082	0.122836341136205
2083	0.122705374773684
2084	0.122841919320681
2085	0.122914271791187
2086	0.123032375330102
2087	0.123188835059157
2088	0.123362799884097
2089	0.123408720129359
2090	0.12350051840469
2091	0.123474942473281
2092	0.123377088841225
2093	0.123049845660748
2094	0.123003059098227
2095	0.123045456525193
2096	0.122981912938137
2097	0.123143483715687
2098	0.12322311752601
2099	0.123209647617978
2100	0.123195410833071
2101	0.123100619805966
2102	0.123110108679946
2103	0.123152615383019
2104	0.123166199657716
2105	0.12322771624624
2106	0.123249469653745
2107	0.123146345227659
2108	0.123042666082134
2109	0.123122892549113
2110	0.123280290946866
2111	0.123313070495106
2112	0.123400972959153
2113	0.123518688736627
2114	0.123488451252253
2115	0.123473405897326
2116	0.12345855205716
2117	0.123476575835884
2118	0.123528091636276
2119	0.123604644563572
2120	0.12372611024221
2121	0.123769867605726
2122	0.123712239192885
2123	0.123551442632399
2124	0.123514379502252
2125	0.123586137074301
2126	0.12377829024805
2127	0.123870544306719
2128	0.123865424874688
2129	0.123801593371469
2130	0.123795162923454
2131	0.123772990224753
2132	0.123762574086224
2133	0.12387654352998
2134	0.123853590945949
2135	0.123708539750578
2136	0.123578464714177
2137	0.123457651646798
2138	0.123188096232756
2139	0.123029152136866
2140	0.123080660675907
2141	0.122977081177728
2142	0.122897615059249
2143	0.122830600799006
2144	0.122773580805046
2145	0.122653732354446
2146	0.12259952461955
2147	0.122557248492073
2148	0.122362388021497
2149	0.122241579696757
2150	0.122248256255974
2151	0.122105722993404
2152	0.121865513919616
2153	0.121757182770509
2154	0.121743042976026
2155	0.12155866174342
2156	0.121558372636462
2157	0.121581485276477
2158	0.121365707522172
2159	0.121305600302021
2160	0.121215115198194
2161	0.121060395826807
2162	0.121108974534441
2163	0.121017138315428
2164	0.120906480103113
2165	0.120790335658048
2166	0.120621101355426
2167	0.120321369599172
2168	0.120203772837015
2169	0.12013652838453
2170	0.120083965725733
2171	0.120142088768113
2172	0.120201175522067
2173	0.120151835711757
2174	0.120141546937391
2175	0.120177362224884
2176	0.120151940575943
2177	0.120193717529863
2178	0.120357047487846
2179	0.120383350377446
2180	0.120264953693414
2181	0.120077482789024
2182	0.119948892537144
2183	0.119913579887204
2184	0.119964971593867
2185	0.119992875321508
2186	0.120080273639601
2187	0.120185768499671
2188	0.120321605823123
2189	0.120422641363175
2190	0.120556055505975
2191	0.120622442654168
2192	0.120399433302062
2193	0.120195812863084
2194	0.120083666877152
2195	0.119825160924913
2196	0.119838035005328
2197	0.119903771170534
2198	0.120012794524142
2199	0.120157333244491
2200	0.120043063000966
2201	0.119907063362493
2202	0.119928634235915
2203	0.119951577151555
2204	0.120003362100792
2205	0.120114235872989
2206	0.120247692721571
2207	0.120265232277876
2208	0.120307372449148
2209	0.120407101373244
2210	0.120405713626076
2211	0.120305983796435
2212	0.12036182780763
2213	0.120458514687729
2214	0.120540316778206
2215	0.12074521713631
2216	0.120835439900769
2217	0.120981667592233
2218	0.121226449314661
2219	0.121247367196593
2220	0.12124835308331
2221	0.121441756475353
2222	0.121654032676605
2223	0.121867793835043
2224	0.12221462003138
2225	0.122358077026306
2226	0.122243192607371
2227	0.122231730487458
2228	0.122190654289304
2229	0.122172991379587
2230	0.122156476104495
2231	0.122214167840681
2232	0.122157519540342
2233	0.122123226929571
2234	0.122140959404785
2235	0.122175627063071
2236	0.122213589492972
2237	0.122163346128835
2238	0.122013690454849
2239	0.121904245047283
2240	0.121744025957489
2241	0.121582072033703
2242	0.121454812450985
2243	0.121265462642151
2244	0.121072415748323
2245	0.120883450997636
2246	0.12070893840717
2247	0.12056995814995
2248	0.120254624408607
2249	0.119873584978625
2250	0.119542706391514
2251	0.119054384695125
2252	0.118718321784076
2253	0.118497804344942
2254	0.118218521277576
2255	0.117982085426232
2256	0.117632647019352
2257	0.116971545361201
2258	0.116515357468262
2259	0.116454352145012
2260	0.116119471033919
2261	0.115876888033122
2262	0.115897251836712
2263	0.115580449508715
2264	0.115220671595355
2265	0.115234198489372
2266	0.114867067979601
2267	0.114376140301035
2268	0.114175464806958
2269	0.113872114765513
2270	0.113454304339505
2271	0.113242860862194
2272	0.113112971104785
2273	0.112882567760639
2274	0.112722563964167
2275	0.112565018957257
2276	0.112269434251512
2277	0.112093231840038
2278	0.112045775684272
2279	0.111933697387559
2280	0.111804566471932
2281	0.11169884595963
2282	0.111589969041173
2283	0.111474067692475
2284	0.111448597834467
2285	0.111420534981579
2286	0.111320043412889
2287	0.111160353937672
2288	0.110707269281398
2289	0.110352362078822
2290	0.110045425596365
2291	0.109903108625325
2292	0.110001350298374
2293	0.109963441278427
2294	0.110133740560498
2295	0.110300986243719
2296	0.110228209705027
2297	0.110074433655965
2298	0.10991232368667
2299	0.109503867836403
2300	0.109320509102272
2301	0.109224677443182
2302	0.109175654399305
2303	0.109150273651487
2304	0.109017339581395
2305	0.108746987145471
2306	0.108539640422922
2307	0.108281575875493
2308	0.108090322218785
2309	0.107888910082849
2310	0.107891205518275
2311	0.107825643708646
2312	0.10784236047371
2313	0.107814604877674
2314	0.107708664420743
2315	0.107454341383743
2316	0.10714378812864
2317	0.106906875423688
2318	0.106654565012921
2319	0.106466861109423
2320	0.106137345465547
2321	0.105837315844997
2322	0.10604249371961
2323	0.106282293053316
2324	0.106346204781814
2325	0.106358054762201
2326	0.106190605664496
2327	0.106224282037635
2328	0.106121966288335
2329	0.106198859564745
2330	0.10663283722007
2331	0.106555293048916
2332	0.106085317857381
2333	0.105920590432016
2334	0.105765984737157
2335	0.105736740537704
2336	0.106065049609988
2337	0.10612883415412
2338	0.10626263849596
2339	0.106238786548069
2340	0.106063078958977
2341	0.106024988223951
2342	0.105926564208306
2343	0.105867786419678
2344	0.105998460671692
2345	0.10594608298227
2346	0.105634386785712
2347	0.105615705945089
2348	0.105566862473485
2349	0.10543018155934
2350	0.105497111580272
2351	0.105368828218328
2352	0.105116350545704
2353	0.105138930234351
2354	0.10519751219119
2355	0.105272977202894
2356	0.105274945117995
2357	0.105345173198966
2358	0.105248599900426
2359	0.105414177649677
2360	0.10574890265707
2361	0.105477097427129
2362	0.105288729521903
2363	0.10517100021419
2364	0.104782505652705
2365	0.104749220219648
2366	0.104660634843292
2367	0.104788979272433
2368	0.104645235030958
2369	0.104249215639618
2370	0.104032160197061
2371	0.103759351357819
2372	0.103630007679179
2373	0.103773338979147
2374	0.103840945267303
2375	0.103948300729481
2376	0.103953206565788
2377	0.103891244401343
2378	0.103846116887496
2379	0.103940662136167
2380	0.103829762858289
2381	0.103645110607831
2382	0.103516158120227
2383	0.103398777430504
2384	0.103177177515148
2385	0.102882145627424
2386	0.102595648319846
2387	0.101911738126913
2388	0.101540666934751
2389	0.101483132966809
2390	0.10139843932594
2391	0.101535253209083
2392	0.101449955225862
2393	0.101212717307317
2394	0.101053995717537
2395	0.100739360673205
2396	0.100552241522662
2397	0.100386469356493
2398	0.100251825444132
2399	9.99934694536851E-02
2400	9.96738355101679E-02
2401	0.099620944887539
2402	9.93587522831248E-02
2403	9.87778867964579E-02
2404	9.85875624189829E-02
2405	9.85683853143284E-02
2406	9.84600735896358E-02
2407	9.86010438632601E-02
2408	9.86656700345274E-02
2409	9.83910962266651E-02
2410	9.82368613717158E-02
2411	9.77586846855967E-02
2412	9.70780395332248E-02
2413	0.096767302288529
2414	0.096445468288919
2415	9.65847107070504E-02
2416	9.66536391966789E-02
2417	9.59224174784109E-02
2418	9.53776217157269E-02
2419	9.49415621582847E-02
2420	9.46714933826869E-02
2421	9.50811424847531E-02
2422	0.095186170629556
2423	9.49539384528847E-02
2424	9.45571027546376E-02
2425	9.40929560171746E-02
2426	9.33575268014288E-02
2427	9.30017474803664E-02
2428	9.27971929467968E-02
2429	9.26345048670681E-02
2430	0.092754895746127
2431	9.26421356275708E-02
2432	9.25056436954897E-02
2433	9.22912467697456E-02
2434	0.092308657458196
2435	9.20088598297715E-02
2436	9.15247570373606E-02
2437	9.11143632172027E-02
2438	9.05802729810717E-02
2439	9.01303961791074E-02
2440	8.98154116577505E-02
2441	8.91379478612894E-02
2442	8.81035220057746E-02
2443	8.76354252559023E-02
2444	0.087247586623558
2445	8.69712371334847E-02
2446	0.087158586228733
2447	8.70941312484493E-02
2448	8.70751077801807E-02
2449	8.67807991597965E-02
2450	8.64603472460174E-02
2451	8.60562678725276E-02
2452	8.55178020735929E-02
2453	8.50727288314806E-02
2454	8.48408155808688E-02
2455	8.43758313954977E-02
2456	8.34667110150727E-02
2457	8.29862509575367E-02
2458	8.30341016245175E-02
2459	8.26903080046901E-02
2460	0.082397589281538
2461	8.22721037697909E-02
2462	8.19973982699711E-02
2463	8.15965037417873E-02
2464	8.13616002952595E-02
2465	8.11852937690018E-02
2466	8.07217928550259E-02
2467	8.05885893088876E-02
2468	8.06521445891752E-02
2469	8.05364721871806E-02
2470	8.03234796725634E-02
2471	7.99575466121152E-02
2472	7.94812421549658E-02
2473	7.91129069520063E-02
2474	7.87983199843219E-02
2475	7.84902568643673E-02
2476	7.81395797301136E-02
2477	7.78714872479699E-02
2478	7.72777851473576E-02
2479	7.71754587722369E-02
2480	7.76167757919532E-02
2481	7.77342369513144E-02
2482	7.85157209247105E-02
2483	7.84142949456354E-02
2484	7.77775923106079E-02
2485	7.74220893768581E-02
2486	7.68961318261739E-02
2487	7.64096480632023E-02
2488	7.67005362471028E-02
2489	7.62675507566684E-02
2490	7.45667366707769E-02
2491	7.39882427810501E-02
2492	7.35122814484605E-02
2493	7.34815477819613E-02
2494	7.46801706672899E-02
2495	7.47135622399912E-02
2496	7.38625080751181E-02
2497	7.39202294472217E-02
2498	0.073946990295721
2499	7.39143419329839E-02
2500	7.40110522725962E-02
