350	0.253397676283248
351	0.243939154994194
352	0.267062440010317
353	0.264072024072999
354	0.252613505379098
355	0.237233794643193
356	0.261394351435585
357	0.271167637386584
358	0.252403990292518
359	0.230255971184789
360	0.230723154150086
361	0.250329029037313
362	0.238023304341592
363	0.219634378312448
364	0.22544403683054
365	0.242940841402881
366	0.245126191672915
367	0.238493127016591
368	0.231718703172908
369	0.233987839732431
370	0.234551995721717
371	0.228425718523323
372	0.223250902957064
373	0.228062600856766
374	0.238572914567024
375	0.230090078911031
376	0.217598810640041
377	0.230393254584975
378	0.233066715379898
379	0.216878172097293
380	0.218098180964324
381	0.224423812595054
382	0.224072123629856
383	0.21659089351397
384	0.213956870745875
385	0.21612295166532
386	0.219853633417769
387	0.222104375786184
388	0.209708391015049
389	0.213513674677705
390	0.219179883447992
391	0.214592644689974
392	0.205411779901606
393	0.206529900308104
394	0.214603131251974
395	0.217586446526563
396	0.21277999925375
397	0.213404560800663
398	0.219983491271641
399	0.219927634126164
400	0.215975977679666
401	0.21235255426728
402	0.2166313991162
403	0.217585768222837
404	0.212630293225856
405	0.211422536355512
406	0.21246240127721
407	0.216830879795989
408	0.215954564593055
409	0.211441674100904
410	0.210292096204154
411	0.21458716038774
412	0.211944887802971
413	0.207950778922817
414	0.208729053587557
415	0.20937278083653
416	0.209544668751575
417	0.208600580757777
418	0.20542339664549
419	0.208137101606316
420	0.210616044306137
421	0.207818668098146
422	0.206047376657053
423	0.206864511754521
424	0.207710366734918
425	0.207088574059244
426	0.205007406795023
427	0.206125267284391
428	0.206805737377242
429	0.206605960285266
430	0.203615696731774
431	0.203448973859487
432	0.204966966778829
433	0.205557788978232
434	0.203824188019751
435	0.202741957741916
436	0.203826502227864
437	0.204942062592763
438	0.203902759181027
439	0.203240373619825
440	0.203500763761844
441	0.20512846776163
442	0.204506411064195
443	0.204113936779683
444	0.204319723194915
445	0.205118582590299
446	0.204846648727941
447	0.204735329014472
448	0.204997126223306
449	0.205912441125614
450	0.205600417035031
451	0.204984117302812
452	0.204619381815252
453	0.205594726412324
454	0.206150076811445
455	0.205945204739182
456	0.205476578008921
457	0.205372432885761
458	0.205751140881198
459	0.205781379267538
460	0.204936143747837
461	0.20553695118545
462	0.206637399417607
463	0.206759357283606
464	0.206018706463743
465	0.205651477181224
466	0.205957249172434
467	0.206482759961546
468	0.205818929545474
469	0.204970105908158
470	0.205537196582407
471	0.205952745014996
472	0.20581522142127
473	0.20561075936711
474	0.205673054172852
475	0.206407074771154
476	0.206461955382952
477	0.206076243757142
478	0.205962703871254
479	0.206570580992646
480	0.207058605517736
481	0.206698629628243
482	0.206379444721749
483	0.206776042044855
484	0.207321275893036
485	0.206857930115146
486	0.206823339984492
487	0.207252482717332
488	0.207915681010276
489	0.207798656589506
490	0.20758628618725
491	0.207519352974244
492	0.208398316694538
493	0.208733415702008
494	0.208453297165308
495	0.208486353972736
496	0.209424304571252
497	0.209690272789146
498	0.209366559504469
499	0.209316589404451
500	0.210204453154674
501	0.210568428710177
502	0.21097203541513
503	0.21067900545445
504	0.210968783970855
505	0.211591806341198
506	0.211874473383444
507	0.211454007436785
508	0.212044568917338
509	0.212973364523299
510	0.213563996583642
511	0.213541652504438
512	0.213574195514499
513	0.2139701260679
514	0.214385415224167
515	0.214602470770203
516	0.214675689933896
517	0.215202299661636
518	0.215880949828473
519	0.215950359736487
520	0.21584307804416
521	0.216063377306724
522	0.216592613329104
523	0.216937540805621
524	0.217172512836349
525	0.217553675286559
526	0.218258288380709
527	0.218676265391397
528	0.218821127232855
529	0.218816911167865
530	0.219408192165131
531	0.219882325083806
532	0.220076132176243
533	0.220368831188487
534	0.220878478431956
535	0.221402640087763
536	0.221792043301875
537	0.221888323452509
538	0.221987271208048
539	0.222490821198597
540	0.223149083362158
541	0.223297279492801
542	0.223513992719716
543	0.223897522734617
544	0.224369219135107
545	0.224629256225903
546	0.224880104911506
547	0.225404605597075
548	0.22580582552375
549	0.226230956329257
550	0.226455867559779
551	0.226799765913307
552	0.227395665617017
553	0.227829559833134
554	0.228185202499621
555	0.228567361061196
556	0.229002194546151
557	0.229508844062119
558	0.229698097149463
559	0.230042374748226
560	0.230501666680515
561	0.231066420049077
562	0.231298987577546
563	0.231599911870563
564	0.232098903566111
565	0.232615205741032
566	0.233145190295721
567	0.233523599695051
568	0.233724751776936
569	0.234118069815832
570	0.23468317604462
571	0.235103930866518
572	0.235427951681052
573	0.235752907070587
574	0.236210796252114
575	0.236591915290812
576	0.236714336891734
577	0.237083852383806
578	0.237551205163567
579	0.23790068376582
580	0.238111789057293
581	0.238398824922237
582	0.23879983333205
583	0.239167713972598
584	0.239424089505928
585	0.239626659133427
586	0.239877928742214
587	0.240323727850341
588	0.240588397467304
589	0.240701669135026
590	0.240999940003339
591	0.241394225478117
592	0.241592920263702
593	0.241849503044798
594	0.241992586433704
595	0.242423964125752
596	0.242789698319417
597	0.243043322877404
598	0.243065118641861
599	0.243356304056603
600	0.243700813329302
601	0.243882036231132
602	0.243957377623741
603	0.244171080414666
604	0.244564976194903
605	0.244822832159014
606	0.244951758524582
607	0.245172951577248
608	0.245456861405084
609	0.245858352349768
610	0.245973490590345
611	0.246167102574861
612	0.246342938770423
613	0.246652977048243
614	0.246873147536096
615	0.247008369527097
616	0.247243543849398
617	0.247638534827016
618	0.247903490519208
619	0.248002039809643
620	0.248144252249407
621	0.248424320221664
622	0.248797705340573
623	0.249055236303603
624	0.249137887824474
625	0.249342385599108
626	0.24976283601726
627	0.250027821808502
628	0.250077747888356
629	0.250226541063863
630	0.250554479066809
631	0.250808191952197
632	0.250991585043487
633	0.251214904739582
634	0.251474554846319
635	0.251657295384233
636	0.251798501396769
637	0.251907501999778
638	0.252170733425939
639	0.252522685273299
640	0.252660404276315
641	0.252761533750501
642	0.252985524164534
643	0.253228031606355
644	0.253467642191114
645	0.25355188536513
646	0.253595109050854
647	0.253838621945049
648	0.254157327715596
649	0.254236059764099
650	0.254300329857543
651	0.254504348641643
652	0.25479672819909
653	0.254864259656584
654	0.254922992258267
655	0.255003006379516
656	0.255282858088697
657	0.255401206678316
658	0.255478638388336
659	0.255545795923691
660	0.255779234849934
661	0.2560227218775
662	0.256081292938769
663	0.256163588570819
664	0.256375673221133
665	0.256575633304326
666	0.256831531747774
667	0.256915635710573
668	0.25703332211321
669	0.257231225839897
670	0.257406378255273
671	0.257485057585923
672	0.257691812107003
673	0.257962750117076
674	0.258162535209036
675	0.258234880501925
676	0.25836412769807
677	0.258566721724255
678	0.25873765917199
679	0.258870491307876
680	0.259038542461168
681	0.259248686540888
682	0.259471643952647
683	0.259650765785248
684	0.259717156032363
685	0.259841262034416
686	0.260069247430227
687	0.260310686021866
688	0.260428424083384
689	0.260401168979851
690	0.260493622875928
691	0.260697886833569
692	0.260886969427637
693	0.261110156935886
694	0.261446266317376
695	0.261981065747079
696	0.262703286396956
697	0.262998202208777
698	0.262929491013061
699	0.262620161613304
700	0.262408193762541
701	0.262403087686985
702	0.2625491408931
703	0.262798894917907
704	0.262956024908689
705	0.263093120838052
706	0.263198732902405
707	0.263434609644755
708	0.263673038860879
709	0.263820299109954
710	0.263863070671544
711	0.264002090672913
712	0.264175157369383
713	0.26432209985801
714	0.264441442321382
715	0.264640254794292
716	0.264846671081999
717	0.26502950284618
718	0.265067923006344
719	0.265105854721413
720	0.265267245129135
721	0.265429608476535
722	0.265488356570278
723	0.265574184350564
724	0.265687385492002
725	0.265926237497911
726	0.26608192350736
727	0.26613812436795
728	0.266211396301263
729	0.266411096055629
730	0.266574135268843
731	0.266619628014888
732	0.266692326873964
733	0.266865020344218
734	0.267037468189506
735	0.267156326137282
736	0.267245637640501
737	0.267392747272973
738	0.267591343494894
739	0.267732110194623
740	0.267751857524128
741	0.267838952579421
742	0.268047216712494
743	0.268164411753202
744	0.268255562493721
745	0.268383034318315
746	0.26850163486766
747	0.268698246423584
748	0.26878579720753
749	0.268831497569054
750	0.268947290675689
751	0.269080327121364
752	0.26919515063236
753	0.269234158180715
754	0.269304667109833
755	0.269477440115997
756	0.269586057444944
757	0.269641732465337
758	0.269717816063223
759	0.269847635858731
760	0.269964642705188
761	0.269965282044727
762	0.269920210540813
763	0.269942481978745
764	0.270044671927913
765	0.270121321257202
766	0.270186903795396
767	0.270318054604495
768	0.270519700374802
769	0.270694430980813
770	0.27081616076289
771	0.270934031422421
772	0.271100955781749
773	0.271195439879095
774	0.271270506144328
775	0.271396789672896
776	0.271527451482749
777	0.271598680422697
778	0.271621572887839
779	0.271717132742675
780	0.271836251972364
781	0.271915129096436
782	0.2719647877762
783	0.272002646016261
784	0.27207176773667
785	0.272207840734637
786	0.272327243658989
787	0.272381164989207
788	0.272424715954144
789	0.272563346138635
790	0.272666525249951
791	0.272705724402198
792	0.27278306172347
793	0.272873108541796
794	0.27298491860803
795	0.273052090656888
796	0.273112305347373
797	0.273191766402499
798	0.273352663928644
799	0.27337572778728
800	0.273432940721372
801	0.273527641724222
802	0.273648842177738
803	0.273717416871667
804	0.273767764270706
805	0.273805291142893
806	0.273899068355773
807	0.274079512455913
808	0.27415187410783
809	0.274157477561396
810	0.27424048599527
811	0.274381197659306
812	0.274450919883287
813	0.274479982954586
814	0.274613173599525
815	0.274762397742457
816	0.274828895421101
817	0.274795679754629
818	0.27483483534271
819	0.27497673940415
820	0.275099942641558
821	0.275134752561899
822	0.27519115562148
823	0.27531087713671
824	0.2754310276664
825	0.275524284539481
826	0.275520018410255
827	0.275659297468757
828	0.275765667325778
829	0.275788992138267
830	0.27589142876462
831	0.275990566463059
832	0.276081774178215
833	0.276098442575454
834	0.276103415284358
835	0.276174056490759
836	0.276305581199784
837	0.276402046655441
838	0.27641340909253
839	0.276439419197964
840	0.276562263966523
841	0.276707752721572
842	0.276710522040145
843	0.276673086923642
844	0.276774006474272
845	0.276921582570164
846	0.276952376994509
847	0.276959553687735
848	0.27701244844109
849	0.277177628084239
850	0.27725755409154
851	0.27724745757093
852	0.277295914288903
853	0.277391876506828
854	0.277453292240987
855	0.277391291851098
856	0.277471607801454
857	0.277598430775465
858	0.277651201463818
859	0.277638366621312
860	0.277689698717305
861	0.277797085490457
862	0.277913699220833
863	0.277894076249445
864	0.277867497397865
865	0.278035418225822
866	0.278227906534364
867	0.27822426919499
868	0.278188173006327
869	0.27828371851763
870	0.278446896236425
871	0.278456148056851
872	0.278419497635139
873	0.278510666527249
874	0.278679628851659
875	0.278812764503178
876	0.27877883686794
877	0.27882885601947
878	0.279027140689031
879	0.279176384768764
880	0.279216954373662
881	0.279233799504117
882	0.279363326186493
883	0.279565840916742
884	0.279595123463561
885	0.27961628544522
886	0.279669254032697
887	0.279861403787003
888	0.279998063466099
889	0.280033861035865
890	0.280193763168536
891	0.280430182345223
892	0.280376650870725
893	0.280409349614152
894	0.280580760186239
895	0.280780674661499
896	0.280709683061871
897	0.280746308574283
898	0.28077328991946
899	0.280973797187453
900	0.281057822421819
901	0.281061568695917
902	0.281108094384567
903	0.281306111481003
904	0.281416888412311
905	0.281422786899614
906	0.281466982937345
907	0.281624379457162
908	0.281801627960497
909	0.281824141025664
910	0.281760129381337
911	0.281895347322916
912	0.28202573579762
913	0.282031867321889
914	0.282115814376149
915	0.282256581393341
916	0.282387187376549
917	0.282360717657246
918	0.282377703395408
919	0.282539131552279
920	0.282663056453994
921	0.282702332892732
922	0.282753542054661
923	0.282845240167715
924	0.282995244792489
925	0.283120987875102
926	0.283023651591634
927	0.28304555106766
928	0.28332342819153
929	0.283437213508552
930	0.283412177095915
931	0.28329045954988
932	0.283547326000042
933	0.283675067410368
934	0.283676999652019
935	0.283506534670346
936	0.283746269359065
937	0.283913789777228
938	0.283943506350405
939	0.283994965899464
940	0.284081657185689
941	0.284263784479387
942	0.28423008897263
943	0.284152397255281
944	0.284267102225333
945	0.284375624297394
946	0.284458461599785
947	0.28437161711412
948	0.284479794602596
949	0.284598342664314
950	0.284567239061713
951	0.284495620979693
952	0.284627073601881
953	0.284931047235598
954	0.284955242025123
955	0.284908523831897
956	0.284881850326646
957	0.285109161391434
958	0.285302495548653
959	0.285257182506923
960	0.285397365619105
961	0.285631142113425
962	0.285588601615374
963	0.285510439685943
964	0.285511284377971
965	0.285784648816553
966	0.285828262771855
967	0.285757712499542
968	0.285808994132846
969	0.285971959409516
970	0.286121379118731
971	0.286142366364834
972	0.286217548874613
973	0.286472001777258
974	0.286649017188067
975	0.286530179745371
976	0.28655051260396
977	0.286557983179231
978	0.28686272327639
979	0.286832297210853
980	0.286788119528866
981	0.286848053122004
982	0.287070921126315
983	0.286941185350323
984	0.286935049627269
985	0.287439493752597
986	0.287879824143318
987	0.287321627087338
988	0.287365542324039
989	0.28739096813408
990	0.287511003267215
991	0.287635125996685
992	0.287595329953596
993	0.287932642265474
994	0.288249609718786
995	0.28788596124552
996	0.287829830056842
997	0.288428087259075
998	0.288610459048837
999	0.28813813603146
1000	0.287788212494003
1001	0.289794350769147
1002	0.289868049897752
1003	0.289882563915185
1004	0.28998514693877
1005	0.28997516262683
1006	0.289858441479354
1007	0.289885468867066
1008	0.290008652660289
1009	0.290034400958955
1010	0.290100382884607
1011	0.290246610436861
1012	0.290290056039201
1013	0.29043331749983
1014	0.290462827910319
1015	0.290468010185535
1016	0.29057340202262
1017	0.290727233598074
1018	0.290829800723568
1019	0.290955108490167
1020	0.290940212248884
1021	0.290851957409824
1022	0.290837847179651
1023	0.290831695732114
1024	0.290752639322749
1025	0.290680850961929
1026	0.290714447546827
1027	0.290919605029641
1028	0.290997152312685
1029	0.291073754760169
1030	0.291362349287927
1031	0.291404512493987
1032	0.291286917652997
1033	0.291298100054706
1034	0.291306422413766
1035	0.291422193635951
1036	0.291613042551715
1037	0.291695367333129
1038	0.291606250634481
1039	0.291615135272532
1040	0.291709546098741
1041	0.291818822505841
1042	0.291905542079735
1043	0.292021334007877
1044	0.292056587614094
1045	0.292018456051787
1046	0.292082015834357
1047	0.292241498914028
1048	0.292331564280327
1049	0.292406741379945
1050	0.292551269696839
1051	0.292565660145372
1052	0.292612699634211
1053	0.292657143237828
1054	0.292730856913462
1055	0.292756457943206
1056	0.292725204480192
1057	0.292902606492755
1058	0.292922739006557
1059	0.29305938457273
1060	0.293164340409285
1061	0.293244179271547
1062	0.29332870644293
1063	0.293391262745272
1064	0.29344946035403
1065	0.293521384616752
1066	0.293477354891802
1067	0.293569384385768
1068	0.293619190189216
1069	0.293642891729623
1070	0.293790927590956
1071	0.293815401520775
1072	0.293939907150306
1073	0.29396337887752
1074	0.293967436149707
1075	0.29398325110589
1076	0.294032944314643
1077	0.294214612885
1078	0.294256743099158
1079	0.294297297624264
1080	0.294412887707403
1081	0.294517415455465
1082	0.294536737786521
1083	0.294521371163367
1084	0.294579970636464
1085	0.29460861368556
1086	0.294650641887927
1087	0.294758579299049
1088	0.294830459285617
1089	0.294840314029586
1090	0.294770307440044
1091	0.294868549236783
1092	0.294878160725658
1093	0.294934468208623
1094	0.294987639792314
1095	0.295111903056316
1096	0.295150036099053
1097	0.29522265185977
1098	0.295362466688459
1099	0.295489990219514
1100	0.295512121443235
1101	0.295555068964521
1102	0.295526158961696
1103	0.295467195870792
1104	0.295522487842087
1105	0.295534219743776
1106	0.295614233388316
1107	0.295739467889169
1108	0.295798858299021
1109	0.295919314749165
1110	0.296021423227855
1111	0.296108698113558
1112	0.296146504490452
1113	0.296169642196144
1114	0.296247796851406
1115	0.296243719271546
1116	0.296223039557347
1117	0.296251916965445
1118	0.296276092439966
1119	0.296340482973674
1120	0.296401309575974
1121	0.29641132246625
1122	0.296507808405153
1123	0.296647692150631
1124	0.296704293090429
1125	0.296821792034186
1126	0.296840110421168
1127	0.296855234356361
1128	0.296855611199327
1129	0.296926892965317
1130	0.297056898091338
1131	0.297098983100991
1132	0.297147316254367
1133	0.297249456896156
1134	0.29728792948721
1135	0.297341113183495
1136	0.297509810935236
1137	0.297619431007942
1138	0.297674686224023
1139	0.297734079966208
1140	0.297784192078082
1141	0.297785698093272
1142	0.297811488401831
1143	0.297836483115722
1144	0.297863898879572
1145	0.29794979700371
1146	0.297991512275881
1147	0.29803655416306
1148	0.298033180561177
1149	0.298034252710126
1150	0.298106652726674
1151	0.298160905660377
1152	0.298220027377521
1153	0.29829570070482
1154	0.298380934258429
1155	0.298440178307233
1156	0.298527268013644
1157	0.298582958969845
1158	0.298664571005753
1159	0.298675195365548
1160	0.298705669482255
1161	0.298773873140682
1162	0.298856443215622
1163	0.298954882287663
1164	0.299024248098955
1165	0.299079875245237
1166	0.299136533390249
1167	0.299203567534371
1168	0.299328120320387
1169	0.299380978637807
1170	0.299468061088155
1171	0.299535243689113
1172	0.299583669016538
1173	0.299630172906397
1174	0.29965633381697
1175	0.299728527623976
1176	0.299794697601773
1177	0.299882359668048
1178	0.299927508009631
1179	0.300005914709408
1180	0.300056626044343
1181	0.300113717396613
1182	0.30013989002656
1183	0.300218107445319
1184	0.30030430399849
1185	0.300361200083365
1186	0.300424678508449
1187	0.300481119335393
1188	0.300471936138658
1189	0.300523771843644
1190	0.300610992756111
1191	0.30070843284632
1192	0.300782871900564
1193	0.300838630163802
1194	0.300868951850888
1195	0.30087716722237
1196	0.300875777472407
1197	0.300956947408058
1198	0.300979204495261
1199	0.300969177712178
1200	0.300987529301078
1201	0.301006256149981
1202	0.301015850112587
1203	0.301041594580649
1204	0.301124374072837
1205	0.30120570521205
1206	0.301232515657241
1207	0.301276886619445
1208	0.301306876008842
1209	0.301360374090683
1210	0.301360362005888
1211	0.301398254205919
1212	0.301426021350865
1213	0.301448360333247
1214	0.301413142130714
1215	0.301420033008461
1216	0.301464435891994
1217	0.301482983271652
1218	0.301485173898281
1219	0.301538746762672
1220	0.301596511605645
1221	0.301652853176334
1222	0.301703104231422
1223	0.301783633041028
1224	0.301810671386013
1225	0.301778583423929
1226	0.30177423459262
1227	0.301766918062605
1228	0.301797572103541
1229	0.301924367472229
1230	0.301966658863783
1231	0.302062604886898
1232	0.302089576865251
1233	0.302110295403469
1234	0.302137262465283
1235	0.302166169775379
1236	0.302177846932549
1237	0.302178226774176
1238	0.30220158288068
1239	0.302281699784807
1240	0.302367101052482
1241	0.302425792412155
1242	0.302462717495595
1243	0.302498593505216
1244	0.302544025322376
1245	0.302587282580081
1246	0.302673816561617
1247	0.302728854365936
1248	0.302714431846836
1249	0.302754233936871
1250	0.302843621130883
1251	0.302918753027978
1252	0.302944744876624
1253	0.303004704862176
1254	0.30301359886221
1255	0.303058354989531
1256	0.30310805903379
1257	0.303149415880148
1258	0.303191752110916
1259	0.303217892585828
1260	0.303235495258409
1261	0.303285421007245
1262	0.303335751097829
1263	0.303409620018455
1264	0.303422105939728
1265	0.303429714739063
1266	0.303461114339357
1267	0.303522244385668
1268	0.303522883608534
1269	0.303595569023641
1270	0.303632266907086
1271	0.303704942489847
1272	0.303734869271917
1273	0.303820540996763
1274	0.303879968497356
1275	0.303913995087466
1276	0.303963317570381
1277	0.30396327353902
1278	0.304030312239596
1279	0.304097489785336
1280	0.304142381403068
1281	0.304143314437845
1282	0.304177968316806
1283	0.304265896752899
1284	0.30430656346054
1285	0.304342891888398
1286	0.304380579180106
1287	0.304431185197692
1288	0.304441803559163
1289	0.304489440363641
1290	0.304573865930384
1291	0.304605984125637
1292	0.304645552942834
1293	0.304737395258951
1294	0.30478873706949
1295	0.304846414056019
1296	0.30484549897823
1297	0.304871714350615
1298	0.304845856182661
1299	0.304826664454242
1300	0.304892792082531
1301	0.304918963504302
1302	0.305000794930731
1303	0.305063161926395
1304	0.305054179846491
1305	0.305112357400634
1306	0.305101542339361
1307	0.305168767573725
1308	0.305133909074441
1309	0.305116062854855
1310	0.305172700745268
1311	0.305257839356211
1312	0.30527908301936
1313	0.305263775512254
1314	0.305263314481365
1315	0.305211220041804
1316	0.305202716000204
1317	0.305259914772744
1318	0.305295723729152
1319	0.305258290959157
1320	0.305265500362332
1321	0.305335595440316
1322	0.305327238276004
1323	0.305401642866062
1324	0.305381522538219
1325	0.305422081261299
1326	0.305482622067779
1327	0.305488850882161
1328	0.305501741807528
1329	0.305574683014507
1330	0.305581305582845
1331	0.305554707566242
1332	0.305562475084822
1333	0.305614739446036
1334	0.305615973078121
1335	0.305588321629286
1336	0.305609726234534
1337	0.305609350372841
1338	0.305565158762511
1339	0.305583044584057
1340	0.305616108570903
1341	0.305631279754536
1342	0.305682897904928
1343	0.305677856801103
1344	0.305764997552432
1345	0.305756424019646
1346	0.305749433453516
1347	0.305776958231169
1348	0.305777730136505
1349	0.305796778740107
1350	0.305862822265573
1351	0.305894531062548
1352	0.305887391824493
1353	0.305912834482191
1354	0.305902545389148
1355	0.30591438653206
1356	0.305906753836387
1357	0.305944405662429
1358	0.305953992443368
1359	0.306005809289587
1360	0.306026658517859
1361	0.306066945380318
1362	0.306079994940031
1363	0.306101462960957
1364	0.306072228806268
1365	0.306060457497581
1366	0.306022188079758
1367	0.30600129939628
1368	0.305937127038779
1369	0.305887722608898
1370	0.305809717097697
1371	0.305659078035705
1372	0.305537326505802
1373	0.305396164614978
1374	0.305231248998249
1375	0.305093722089351
1376	0.304865143843361
1377	0.304628286377949
1378	0.304348450786847
1379	0.304059813061077
1380	0.303695396796209
1381	0.303324510958987
1382	0.30282538089542
1383	0.302246800963374
1384	0.30159486685155
1385	0.30086699842912
1386	0.300090712964303
1387	0.299245716350594
1388	0.298415113968299
1389	0.297567388231581
1390	0.296739227585708
1391	0.295964663497698
1392	0.295307000335969
1393	0.294842973731053
1394	0.294445808022501
1395	0.294250944821864
1396	0.294288240623114
1397	0.29433366260916
1398	0.294469030563076
1399	0.294622143323703
1400	0.294896938510955
1401	0.295091732023199
1402	0.2953576311775
1403	0.295528555561685
1404	0.295639792793726
1405	0.295766980885317
1406	0.295852879585123
1407	0.295939713172015
1408	0.295922308783891
1409	0.295977341736595
1410	0.296057438526705
1411	0.296117685511804
1412	0.296234382939462
1413	0.296291435632973
1414	0.296398012144563
1415	0.296480439811152
1416	0.296608425258252
1417	0.296687756050335
1418	0.296777921826513
1419	0.296882745105038
1420	0.29697120273566
1421	0.297135866436385
1422	0.297227065181077
1423	0.297364526676188
1424	0.297522896291774
1425	0.29764806836908
1426	0.297782436548814
1427	0.29785303295696
1428	0.297961258735462
1429	0.29804056029047
1430	0.298134119382806
1431	0.298203810013263
1432	0.298285983032357
1433	0.298354790929178
1434	0.298454358446844
1435	0.298597266385303
1436	0.298714381377723
1437	0.298823416111715
1438	0.298949516562745
1439	0.299056039435275
1440	0.299162265765117
1441	0.299257215082115
1442	0.299331864673521
1443	0.299380451980653
1444	0.299464046158086
1445	0.299539783981974
1446	0.299612038647848
1447	0.299637707946142
1448	0.299718942551309
1449	0.299795027077057
1450	0.299864909460754
1451	0.29997920152596
1452	0.300067020816886
1453	0.300100782742339
1454	0.300168406467487
1455	0.300233631450132
1456	0.300298665576159
1457	0.30033790036218
1458	0.300412107288843
1459	0.300491503909067
1460	0.300553201356998
1461	0.30062436142685
1462	0.300736983842011
1463	0.300815597449558
1464	0.300880766832375
1465	0.300903430373809
1466	0.300989945627305
1467	0.301099287960479
1468	0.301155761302317
1469	0.30123500923237
1470	0.301314692582901
1471	0.301394334156538
1472	0.301399735856175
1473	0.301509756628145
1474	0.301641211704649
1475	0.301712576301476
1476	0.301845782155767
1477	0.301938673700399
1478	0.302029097237964
1479	0.302140739895715
1480	0.302201660616557
1481	0.30229261810038
1482	0.302298521255175
1483	0.302368604326352
1484	0.302449333620491
1485	0.302470812979733
1486	0.302509309689654
1487	0.302561512304314
1488	0.302619854952005
1489	0.302672332613742
1490	0.30277042348881
1491	0.302844683855076
1492	0.302877232615993
1493	0.302942468268329
1494	0.303042978034569
1495	0.303130119073936
1496	0.303271071006693
1497	0.30334651163762
1498	0.30330667519462
1499	0.303360710475719
1500	0.303449739273715
1501	0.303504105375098
1502	0.303590868879106
1503	0.303645560340386
1504	0.303641602369069
1505	0.303633864395965
1506	0.303664325374205
1507	0.303697541386916
1508	0.303754924213083
1509	0.303788354061557
1510	0.303881337921665
1511	0.303946604716187
1512	0.303981123635641
1513	0.304037630974985
1514	0.304056009638715
1515	0.304080260202372
1516	0.304123298919915
1517	0.304179044016264
1518	0.304233144040631
1519	0.304285871925366
1520	0.304342224467409
1521	0.304369888723395
1522	0.304424310338984
1523	0.304438945597491
1524	0.304461456345969
1525	0.304445686086302
1526	0.30448088733866
1527	0.30446698749907
1528	0.304512167066114
1529	0.30457086834071
1530	0.30463609292211
1531	0.30471895697211
1532	0.304752056988326
1533	0.304793094143325
1534	0.304849095002244
1535	0.304837461851233
1536	0.30486095398936
1537	0.304936418338158
1538	0.304947318856207
1539	0.304981354425956
1540	0.305002403572919
1541	0.305011592903688
1542	0.305022678804618
1543	0.305077243732116
1544	0.305098578327352
1545	0.305135390569682
1546	0.305123637084105
1547	0.305145475878069
1548	0.305143878894489
1549	0.305170966897534
1550	0.305182447099208
1551	0.305210212259542
1552	0.305265605583195
1553	0.305257571292884
1554	0.305289823474114
1555	0.3053297821397
1556	0.305338788378726
1557	0.305372782259144
1558	0.305415802267106
1559	0.305451483167806
1560	0.305484388943902
1561	0.305510140952682
1562	0.305519546744401
1563	0.305498420979402
1564	0.305531630378122
1565	0.305563476697779
1566	0.305586402944039
1567	0.30564952767204
1568	0.305662130356782
1569	0.30569935342727
1570	0.305754384551852
1571	0.30576712850746
1572	0.305833095471041
1573	0.305888906560317
1574	0.305909825850627
1575	0.30592582654008
1576	0.305981853670624
1577	0.305943762042612
1578	0.305964928659101
1579	0.306022217999658
1580	0.306078826406272
1581	0.306127254146136
1582	0.306138083332936
1583	0.306088599247541
1584	0.306099395999481
1585	0.306126290498945
1586	0.306134288992939
1587	0.306235639204782
1588	0.306265766803724
1589	0.306372534103951
1590	0.3064389383982
1591	0.306501715281585
1592	0.30656863508725
1593	0.306596476841792
1594	0.306616592061443
1595	0.306679100619109
1596	0.306735768308213
1597	0.306819981615167
1598	0.306843593265537
1599	0.30687879455402
1600	0.306891375353792
1601	0.30688312806402
1602	0.306907027718982
1603	0.306875309780919
1604	0.30688505414097
1605	0.306930553448719
1606	0.306940445248247
1607	0.30698108577208
1608	0.307002520459826
1609	0.30697409795869
1610	0.307007055677336
1611	0.307101349840281
1612	0.307146215987206
1613	0.307208862009194
1614	0.307268645032553
1615	0.307333180082754
1616	0.307381842933897
1617	0.307394239605199
1618	0.307454875088463
1619	0.307464731650629
1620	0.307522822061588
1621	0.307658338931676
1622	0.307693568866418
1623	0.30771608668726
1624	0.307778162836747
1625	0.307753711265432
1626	0.307750875309095
1627	0.307772641048067
1628	0.30782048383262
1629	0.307866272488355
1630	0.307866624301929
1631	0.307869918491288
1632	0.307870279104943
1633	0.307847056127544
1634	0.307859440464183
1635	0.307946160988296
1636	0.307995185476444
1637	0.30804319530892
1638	0.308104842569499
1639	0.308089820510897
1640	0.308124359193355
1641	0.30820229484013
1642	0.30822194492693
1643	0.308264133150188
1644	0.308296400191327
1645	0.308350604455899
1646	0.30839869629779
1647	0.308375962960195
1648	0.308399352131171
1649	0.308333454246843
1650	0.308356850918813
1651	0.308403778822131
1652	0.308465285385153
1653	0.308504124192629
1654	0.308563132007393
1655	0.308621024186223
1656	0.308649021521357
1657	0.308664084338745
1658	0.308743673702024
1659	0.308793396833835
1660	0.308870795485779
1661	0.308948456551357
1662	0.309042897991982
1663	0.309059382963559
1664	0.309128551466278
1665	0.309160468632643
1666	0.309233425069259
1667	0.309283407058225
1668	0.309304165208553
1669	0.309367862678725
1670	0.30936542436391
1671	0.309386329822585
1672	0.309443645721838
1673	0.309543160665167
1674	0.30961767323263
1675	0.309707530807214
1676	0.30979631200053
1677	0.309842546972386
1678	0.309932084670867
1679	0.310057927163566
1680	0.310175748577967
1681	0.310284787309809
1682	0.310359479897743
1683	0.310429059292106
1684	0.310532165211124
1685	0.310635010621982
1686	0.310739203792867
1687	0.310832339075528
1688	0.310923607203213
1689	0.310969573913533
1690	0.311075759258567
1691	0.311157216687358
1692	0.311250331704992
1693	0.311322490903103
1694	0.311433787941478
1695	0.311553929927841
1696	0.311591791294408
1697	0.3116286968347
1698	0.311684324151946
1699	0.311743792928596
1700	0.311756571339205
1701	0.311798360646657
1702	0.31186092115533
1703	0.311871021417677
1704	0.311855016506551
1705	0.311899914726381
1706	0.311957976229785
1707	0.311995098970701
1708	0.312078753383509
1709	0.312112707131436
1710	0.312168038749224
1711	0.312176019087191
1712	0.312176774077557
1713	0.312174530391265
1714	0.312221671721215
1715	0.312181087391479
1716	0.312177139796368
1717	0.312159822389791
1718	0.312136734626123
1719	0.312061481958569
1720	0.312017274585094
1721	0.311955008550669
1722	0.311884758085655
1723	0.311760333686275
1724	0.311586148258643
1725	0.31146295322598
1726	0.311416755912765
1727	0.311327312545045
1728	0.311298299966632
1729	0.311234541129945
1730	0.311046413524269
1731	0.310938573132527
1732	0.310823917408438
1733	0.310696035630599
1734	0.310559649694679
1735	0.310447337323275
1736	0.310367187873548
1737	0.310321805268293
1738	0.310309163843086
1739	0.31026641578219
1740	0.310168158743524
1741	0.310166747612109
1742	0.310117253968072
1743	0.310025564599507
1744	0.309988562049403
1745	0.309970038001833
1746	0.309953673421439
1747	0.309876922067467
1748	0.309832945365611
1749	0.309772674644522
1750	0.309698724324557
1751	0.309691707454099
1752	0.30963623899282
1753	0.309592818217534
1754	0.309625694047043
1755	0.309529821926415
1756	0.309459490854872
1757	0.309407317273886
1758	0.309360022074466
1759	0.309289593665459
1760	0.309242597051493
1761	0.309102890661593
1762	0.308906040598508
1763	0.308774025535497
1764	0.308725132540537
1765	0.308641130478187
1766	0.308657124543955
1767	0.308642099275823
1768	0.308561129196278
1769	0.308500949966778
1770	0.30841945193329
1771	0.308260079559223
1772	0.308178954662565
1773	0.308077201513227
1774	0.308054053626429
1775	0.307996702274294
1776	0.307964050338159
1777	0.307908489694049
1778	0.307901307882613
1779	0.307902170887761
1780	0.307897638709844
1781	0.3078200928971
1782	0.30779394382626
1783	0.307743113111226
1784	0.307746317082548
1785	0.307779274576349
1786	0.307736717894097
1787	0.307673084758818
1788	0.307633766564369
1789	0.307592925744888
1790	0.307609081159712
1791	0.307582013751236
1792	0.307652643460164
1793	0.307634343688039
1794	0.307630497520423
1795	0.30765312376236
1796	0.307590561467173
1797	0.307597004653697
1798	0.30759017846704
1799	0.307600444200704
1800	0.307656288620102
1801	0.307623785206254
1802	0.307699074289985
1803	0.307679441742523
1804	0.30766124120376
1805	0.307729640204397
1806	0.307719719760508
1807	0.307759350771517
1808	0.307762690448656
1809	0.307728127480047
1810	0.307797408247581
1811	0.307873857456686
1812	0.307978300647494
1813	0.307936719177836
1814	0.307969671081489
1815	0.308052874328372
1816	0.308048656650516
1817	0.308036216073895
1818	0.308061256967384
1819	0.30798360650841
1820	0.30790777541344
1821	0.308132395987288
1822	0.308213508660451
1823	0.308054429958461
1824	0.308120523504529
1825	0.308102813379955
1826	0.308127673922288
1827	0.308119716365978
1828	0.308194733216376
1829	0.308238913668985
1830	0.308239122611296
1831	0.30855589441222
1832	0.30861040614048
1833	0.308461818846073
1834	0.308511706742301
1835	0.308715061073614
1836	0.30879520370781
1837	0.308710836528824
1838	0.308711839615421
1839	0.308777082298068
1840	0.308697972578293
1841	0.30860688840155
1842	0.308683794138364
1843	0.308800880117524
1844	0.308914137052593
1845	0.308971842779263
1846	0.309058605153657
1847	0.309091894833888
1848	0.309046741581357
1849	0.309068895364505
1850	0.308918376870108
1851	0.30887977652552
1852	0.308766885582418
1853	0.308563125304026
1854	0.308484214797319
1855	0.308495969989071
1856	0.308490805712531
1857	0.30851430613527
1858	0.308568477765387
1859	0.308444136299566
1860	0.308405952721474
1861	0.308449023466769
1862	0.308462206069913
1863	0.30838896543396
1864	0.308373211423885
1865	0.308295681321758
1866	0.308135934234658
1867	0.30802735666158
1868	0.307965378973712
1869	0.307842656730291
1870	0.307654752471005
1871	0.307509677549698
1872	0.30731170131989
1873	0.307141985988511
1874	0.306919566042568
1875	0.306719140378311
1876	0.306396173011004
1877	0.306030488753331
1878	0.305670771554045
1879	0.305274854347228
1880	0.304812220405391
1881	0.304403446999268
1882	0.303998913051955
1883	0.303570031583647
1884	0.303101124052742
1885	0.302513047092913
1886	0.30185551182038
1887	0.301179133738957
1888	0.30044442277898
1889	0.299648011795885
1890	0.298786565204322
1891	0.297888914758284
1892	0.297048739028805
1893	0.296160754423371
1894	0.295298698290204
1895	0.294430147084958
1896	0.29364013767257
1897	0.292812905092777
1898	0.292092459420248
1899	0.291357439660048
1900	0.290629628549718
1901	0.289965122629815
1902	0.289243037417771
1903	0.288636684907634
1904	0.288005623644229
1905	0.287539094845422
1906	0.287167339754761
1907	0.286826018521479
1908	0.286567892697352
1909	0.286517025854995
1910	0.286319734535376
1911	0.286128334241006
1912	0.285970374508754
1913	0.285849808948594
1914	0.285739288174326
1915	0.285724892790284
1916	0.285682535297341
1917	0.285668232705761
1918	0.285683336469512
1919	0.285767764334087
1920	0.285945351304564
1921	0.286025096944012
1922	0.286115942999172
1923	0.286212194561149
1924	0.28624648853147
1925	0.286329874757019
1926	0.286495861339254
1927	0.28658724970384
1928	0.286686865634737
1929	0.286684581237945
1930	0.286817471336185
1931	0.287012413067223
1932	0.287136483562091
1933	0.28730840600749
1934	0.287406937261811
1935	0.287347639588445
1936	0.287366701559737
1937	0.287404229622882
1938	0.287431530901264
1939	0.287512768362094
1940	0.287515932935988
1941	0.287688130448492
1942	0.288064068779886
1943	0.288268880547247
1944	0.288496266804064
1945	0.288659431748292
1946	0.288547763396473
1947	0.288620339754512
1948	0.288861806690885
1949	0.289088175370804
1950	0.289259556866611
1951	0.2895341101294
1952	0.289688534890901
1953	0.289640674723609
1954	0.289798646763274
1955	0.290098818638872
1956	0.290268381320431
1957	0.290421295492689
1958	0.290570141177079
1959	0.290760746686104
1960	0.290871053002801
1961	0.291068299170053
1962	0.291379234259623
1963	0.291572335064066
1964	0.291790978558884
1965	0.291919468260051
1966	0.291955800227362
1967	0.292036669066582
1968	0.292144645538063
1969	0.292255334441821
1970	0.292404230049821
1971	0.292672380886902
1972	0.292855040467648
1973	0.293002688579303
1974	0.293162003436778
1975	0.293342222852589
1976	0.293481664681215
1977	0.293608585800041
1978	0.293739933451662
1979	0.293886819621083
1980	0.29405054588116
1981	0.294133147230078
1982	0.294361708683194
1983	0.294583347417091
1984	0.294946855040723
1985	0.295119938618408
1986	0.295236545869876
1987	0.295401418616235
1988	0.295436558433423
1989	0.295561046714935
1990	0.295916113646024
1991	0.296104033754818
1992	0.296290882429634
1993	0.296512579198356
1994	0.296715260125627
1995	0.296895083738373
1996	0.297124230819564
1997	0.297433020095473
1998	0.297642664098291
1999	0.297900464038282
2000	0.298099168801819
2001	0.298159626863371
2002	0.298350286360939
2003	0.298610474866001
2004	0.298810437789051
2005	0.298867620966375
2006	0.299198129196618
2007	0.299393569823112
2008	0.299561746508605
2009	0.29973731143315
2010	0.299918781800382
2011	0.300115528151725
2012	0.300325838754888
2013	0.300514404628274
2014	0.30073236910179
2015	0.300879474578611
2016	0.300924001581507
2017	0.300966823046251
2018	0.300985396845922
2019	0.300961132277621
2020	0.301027258230983
2021	0.301126183328081
2022	0.301287733235416
2023	0.301621753506978
2024	0.301813977718547
2025	0.301950932931946
2026	0.302072552562012
2027	0.302127403732608
2028	0.302142315343251
2029	0.302198322454683
2030	0.302263689838777
2031	0.3022873322615
2032	0.302244071188554
2033	0.302339765311801
2034	0.302425781571491
2035	0.302533796905491
2036	0.302699099703208
2037	0.302768287486885
2038	0.302682140030765
2039	0.302612127664679
2040	0.302460683695679
2041	0.30247758848433
2042	0.302491962376826
2043	0.30255441112483
2044	0.302547546159185
2045	0.302527242019869
2046	0.302559993721017
2047	0.302557558636902
2048	0.302557082847864
2049	0.302658718083389
2050	0.302615707932397
2051	0.302506894893386
2052	0.30231648944095
2053	0.302273484412605
2054	0.302361843787065
2055	0.302398338104225
2056	0.302386056993226
2057	0.302381775847934
2058	0.302319707062966
2059	0.302297451736335
2060	0.302242623237293
2061	0.302204435081803
2062	0.302152765915418
2063	0.302074098631606
2064	0.301882948764067
2065	0.301886018522345
2066	0.30199689603538
2067	0.301895164330999
2068	0.301914621977365
2069	0.301972408474691
2070	0.301883408738048
2071	0.302029684594328
2072	0.302134733418838
2073	0.302372910712739
2074	0.302447203390877
2075	0.302387231064045
2076	0.302446377494792
2077	0.30241109532241
2078	0.302457996644669
2079	0.302658011759684
2080	0.302785912468471
2081	0.302891716381071
2082	0.302954647351587
2083	0.302899498644913
2084	0.302825394943589
2085	0.30283188244085
2086	0.30278045152339
2087	0.302818687877157
2088	0.303009455529229
2089	0.303082799703883
2090	0.303116663553625
2091	0.303209666073324
2092	0.303283441751219
2093	0.303401641823655
2094	0.303376895278675
2095	0.303330786462201
2096	0.30319910105293
2097	0.303075384809068
2098	0.30317875927445
2099	0.303352813670853
2100	0.303347354409217
2101	0.303318882400646
2102	0.303352606983795
2103	0.303300774479864
2104	0.303299212303133
2105	0.303474848499885
2106	0.303535705129582
2107	0.30347398717281
2108	0.303482732030706
2109	0.303480977087692
2110	0.303445672515555
2111	0.303330491284705
2112	0.303263676066029
2113	0.303300961504438
2114	0.303274729744988
2115	0.303300190731572
2116	0.303452850264701
2117	0.303448512168129
2118	0.303406908500198
2119	0.303402481915827
2120	0.303291033170776
2121	0.3031761603183
2122	0.303131471368209
2123	0.302991947533724
2124	0.302897750171506
2125	0.302772658412551
2126	0.302528864627954
2127	0.302268371763854
2128	0.302037376479121
2129	0.301813869111304
2130	0.301703458498848
2131	0.301625441668006
2132	0.301440979165306
2133	0.301159936491888
2134	0.300929868376286
2135	0.300704039498971
2136	0.300380302027178
2137	0.299998220690797
2138	0.299682860180463
2139	0.299351533147879
2140	0.298839355629615
2141	0.298438899166585
2142	0.298020838341708
2143	0.297596529414041
2144	0.297384577349477
2145	0.297332596068114
2146	0.297141867479828
2147	0.296833201158083
2148	0.296405411378482
2149	0.295984454111394
2150	0.295515370026766
2151	0.295092634161098
2152	0.294811585789356
2153	0.294303097956055
2154	0.293707011285056
2155	0.293045261532325
2156	0.29232823511814
2157	0.291564474188444
2158	0.290967468683277
2159	0.290207027633207
2160	0.289498261949023
2161	0.288818269063051
2162	0.287968843037405
2163	0.287131003411141
2164	0.286419958087673
2165	0.285614754512475
2166	0.284935386781855
2167	0.284449245049567
2168	0.283990096236103
2169	0.283415033362005
2170	0.283110635785097
2171	0.283050695292652
2172	0.282977247262192
2173	0.282999116910388
2174	0.28304733351195
2175	0.283210282032288
2176	0.283541136168572
2177	0.283830714390288
2178	0.284141977448866
2179	0.284234598671128
2180	0.284076844083708
2181	0.284043610086548
2182	0.284083264233861
2183	0.284157758037585
2184	0.284394996955748
2185	0.284386191809064
2186	0.284276699358832
2187	0.284092544453224
2188	0.283670275290601
2189	0.283391842582697
2190	0.283061619348915
2191	0.282896067015002
2192	0.282677822383906
2193	0.282345449780176
2194	0.281991701281709
2195	0.28167822880886
2196	0.281360275637277
2197	0.2810108904189
2198	0.280706265761163
2199	0.280218310134865
2200	0.279741766632831
2201	0.279303443515794
2202	0.27888510616593
2203	0.278517205969769
2204	0.278167584383718
2205	0.277922514678523
2206	0.277650072631013
2207	0.277421290950804
2208	0.277252277927798
2209	0.277179046851407
2210	0.277091525916365
2211	0.276955143123656
2212	0.276887589693583
2213	0.276770611948016
2214	0.276587410096604
2215	0.276514803971561
2216	0.276456999954597
2217	0.276417618396972
2218	0.276613754983744
2219	0.276935088820424
2220	0.277251947168318
2221	0.277450687483424
2222	0.277605845993777
2223	0.27781087104053
2224	0.277795647054831
2225	0.278066209613968
2226	0.278724249307247
2227	0.279009819205151
2228	0.279135788978547
2229	0.27945191987582
2230	0.279825322449926
2231	0.280086945860905
2232	0.280477077992105
2233	0.280731556490318
2234	0.280801361041507
2235	0.2809746206703
2236	0.281170919716713
2237	0.28161596591228
2238	0.282038679760348
2239	0.282433231077191
2240	0.2828816218697
2241	0.283126556063183
2242	0.283375584070498
2243	0.283760141755179
2244	0.284171194771837
2245	0.284742439561327
2246	0.285197456329395
2247	0.285631477410227
2248	0.286004493895247
2249	0.286357646497596
2250	0.286710364638928
2251	0.287077389207937
2252	0.287416156262614
2253	0.287696023550573
2254	0.288020459111575
2255	0.288332456400086
2256	0.288602221922887
2257	0.288912124683964
2258	0.289401290734648
2259	0.289977240834807
2260	0.290531784306795
2261	0.290860477587297
2262	0.290901550653346
2263	0.291078910017325
2264	0.291282832044031
2265	0.291619695065618
2266	0.292089535486402
2267	0.292395748994425
2268	0.292762033902847
2269	0.292859028382951
2270	0.292824806439622
2271	0.292914346630046
2272	0.292685836843752
2273	0.29267051539741
2274	0.293031502301987
2275	0.293239974579604
2276	0.293542074177648
2277	0.293620921394452
2278	0.293449359647655
2279	0.293366383539345
2280	0.292977904767777
2281	0.292956279000037
2282	0.293304469306217
2283	0.293563642870424
2284	0.29382533651308
2285	0.294065882195593
2286	0.29387362312381
2287	0.293860908816208
2288	0.293968307466844
2289	0.293890434677773
2290	0.293882104561763
2291	0.293926082006831
2292	0.293857812388177
2293	0.293922399718167
2294	0.294081477743524
2295	0.294156693042874
2296	0.294325490235203
2297	0.294561628341878
2298	0.294696466741155
2299	0.294739381273783
2300	0.294744971631072
2301	0.294471088892085
2302	0.294497604959849
2303	0.294776304661652
2304	0.29482632336993
2305	0.295038426369393
2306	0.295080063627959
2307	0.294705570072968
2308	0.294453723762878
2309	0.294048417442944
2310	0.293750980210844
2311	0.293616416674034
2312	0.29334465177668
2313	0.29303836869837
2314	0.292767367520793
2315	0.292129804217768
2316	0.291728408053757
2317	0.291393120830471
2318	0.291027236626363
2319	0.291036019575169
2320	0.291138320341102
2321	0.291197775219373
2322	0.291204362057318
2323	0.29096386720965
2324	0.29069174329892
2325	0.290611429974051
2326	0.290570714811877
2327	0.290530679346987
2328	0.290482945389466
2329	0.290577378723261
2330	0.290529797743704
2331	0.29060069244839
2332	0.291002168748166
2333	0.290999338400741
2334	0.290720623198546
2335	0.290716560390832
2336	0.290647801741831
2337	0.290730855517483
2338	0.291209946595855
2339	0.291339493808075
2340	0.291367649922882
2341	0.291419933631736
2342	0.291417340466669
2343	0.291452291123232
2344	0.291765524515077
2345	0.291713934470185
2346	0.291416487480239
2347	0.291034943526003
2348	0.290805622553123
2349	0.290571138406798
2350	0.290279071976713
2351	0.290076662165214
2352	0.289934433851422
2353	0.289676488923423
2354	0.289509340745112
2355	0.28939213452467
2356	0.28901118892969
2357	0.288513553972042
2358	0.288248478172476
2359	0.287977323860276
2360	0.287701477218729
2361	0.287319179337059
2362	0.287077969976233
2363	0.286769227202863
2364	0.286520886426395
2365	0.286241121082268
2366	0.285891910661023
2367	0.285439791140537
2368	0.285005023491786
2369	0.284600317536258
2370	0.284146781531817
2371	0.283453789963988
2372	0.282949999536075
2373	0.282341817246792
2374	0.281889642189025
2375	0.281608744036416
2376	0.281240750511424
2377	0.281102018914985
2378	0.280655644342092
2379	0.279975040918071
2380	0.279445516556847
2381	0.278642445437147
2382	0.278269528090532
2383	0.27813029544982
2384	0.277941502463009
2385	0.278042196844535
2386	0.277645656119949
2387	0.276737588117159
2388	0.276266722524018
2389	0.275658275218973
2390	0.275099742052831
2391	0.27473842519146
2392	0.274303439576969
2393	0.273423485079876
2394	0.272998534347213
2395	0.273162391605151
2396	0.272832370839603
2397	0.272457296032373
2398	0.271915279258803
2399	0.270776944798715
2400	0.269956256189181
2401	0.2696102373898
2402	0.269385379882821
2403	0.269055520630397
2404	0.268901967622231
2405	0.268553132082124
2406	0.268165215187603
2407	0.268361399575088
2408	0.268334163184539
2409	0.26780849650041
2410	0.26757215722191
2411	0.267037531277048
2412	0.266204945468749
2413	0.265767627398069
2414	0.265756942714881
2415	0.265830464394008
2416	0.265732867388381
2417	0.2655273238857
2418	0.265077741983989
2419	0.264310977661406
2420	0.26400148417319
2421	0.263882169845434
2422	0.263707388785706
2423	0.263698113959075
2424	0.263816319887829
2425	0.263736406677314
2426	0.263314157803986
2427	0.263135204968963
2428	0.262794630439772
2429	0.262584890534302
2430	0.262590291961681
2431	0.262376732151308
2432	0.262125010558502
2433	0.261879967261996
2434	0.261299373608337
2435	0.260924598925007
2436	0.260572109095273
2437	0.260060022270054
2438	0.259542092564936
2439	0.259016058869872
2440	0.258332200756034
2441	0.258153067564513
2442	0.258375669706963
2443	0.258459290913672
2444	0.259011254161599
2445	0.258938438053319
2446	0.258393520993596
2447	0.258015552614407
2448	0.257186025133178
2449	0.256767211184965
2450	0.256467143770493
2451	0.256427702586379
2452	0.256698603819127
2453	0.256576589165016
2454	0.256511400780849
2455	0.256269353405392
2456	0.255769423710612
2457	0.255084081795655
2458	0.253865108246854
2459	0.253452350567536
2460	0.253450724030069
2461	0.253089401918938
2462	0.253240755705477
2463	0.252932120541487
2464	0.25151364881598
2465	0.251188973137867
2466	0.251320366224093
2467	0.251330165521912
2468	0.251621170642204
2469	0.251414451940917
2470	0.250632608366559
2471	0.249998845671524
2472	0.249224918893737
2473	0.248665880279165
2474	0.248095433354281
2475	0.247680264845988
2476	0.247512836918084
2477	0.247283904425743
2478	0.24758586285665
2479	0.247351255600849
2480	0.247237333119955
2481	0.246743285274263
2482	0.245650390854321
2483	0.244972921100544
2484	0.243711080550149
2485	0.24294564431148
2486	0.241946731808134
2487	0.241897135765703
2488	0.24275802940987
2489	0.242676730871444
2490	0.243001385243523
2491	0.242871948821263
2492	0.241267451655107
2493	0.240743696124496
2494	0.240878442726644
2495	0.240273413468219
2496	0.239182255385469
2497	0.238967007869233
2498	0.238614443826374
2499	0.2382136181529
2500	0.238827267736032
