350	0.175042989432993
351	0.172731516849164
352	0.15401296223214
353	0.122660884539128
354	0.120580585810174
355	0.122296367367033
356	0.141613745740915
357	0.145753333771473
358	0.131782599237744
359	0.131087204323638
360	0.141936699518992
361	0.132028156291873
362	0.123890000142536
363	0.128311003635172
364	0.116038228893573
365	0.118354311097781
366	0.125962712411023
367	0.115746331193857
368	0.120311620280734
369	0.119103184713376
370	0.118212321366188
371	0.125851964602642
372	0.115063665183462
373	0.111478085060293
374	0.115482096560426
375	0.115168934159921
376	0.110700207729712
377	0.110767674567376
378	0.110342227385291
379	0.112216115341495
380	0.113711394156062
381	0.108250194090718
382	0.103224330527761
383	0.105451965566533
384	0.110307244681749
385	0.108539014869907
386	0.106882596588661
387	0.103395144928564
388	0.106657527031206
389	0.10684681116003
390	0.102320715171145
391	9.88081988655277E-02
392	9.96128579670618E-02
393	0.101122214973488
394	0.103971782764048
395	0.102073501860453
396	0.102256931190103
397	9.65662063052963E-02
398	9.59975253858401E-02
399	9.64980382959454E-02
400	0.098477332338904
401	9.94153425005212E-02
402	9.82437202109585E-02
403	0.101059279444283
404	9.74272111778156E-02
405	9.77469024762072E-02
406	0.098109400508524
407	9.39029796183893E-02
408	9.57044736065093E-02
409	9.54641354880579E-02
410	9.48686022480328E-02
411	9.42100729882992E-02
412	9.32919256600178E-02
413	9.30042421097022E-02
414	9.33899343815107E-02
415	9.25355888254785E-02
416	9.26952893933913E-02
417	9.23360323260677E-02
418	9.16454539796975E-02
419	9.30947301797031E-02
420	9.32329283716957E-02
421	0.093966831426703
422	9.48731635402369E-02
423	9.25973245957301E-02
424	9.10840189453341E-02
425	9.17783293161332E-02
426	9.32006807241163E-02
427	9.23344563865664E-02
428	9.11123730398282E-02
429	9.21108374860664E-02
430	9.14868930618584E-02
431	9.23782311489692E-02
432	9.13829918850078E-02
433	9.16897590190157E-02
434	9.25226749921189E-02
435	9.34131445007281E-02
436	9.31771798815253E-02
437	9.26595689049632E-02
438	0.09345340692418
439	9.39125743426377E-02
440	9.38785244382048E-02
441	9.40168494361091E-02
442	9.44110837900251E-02
443	9.46800074068831E-02
444	9.44410649531322E-02
445	9.51924677724572E-02
446	9.54637407724179E-02
447	9.60411241491341E-02
448	9.58203285933003E-02
449	9.61753423623693E-02
450	9.68201059381704E-02
451	9.73435507243516E-02
452	9.76478383785074E-02
453	9.79778199471762E-02
454	0.098309088479455
455	9.85000875190772E-02
456	9.88488725439493E-02
457	9.94859819468935E-02
458	9.97634286635889E-02
459	0.100253764963051
460	0.100617195038708
461	0.100523762452254
462	0.100923622398021
463	0.100998192645821
464	0.101533055221829
465	0.101943452473398
466	0.102113840827324
467	0.102180468465947
468	0.102206199214229
469	0.102224496365261
470	0.102662921318393
471	0.102655410869591
472	0.102699756802
473	0.103264462508058
474	0.103810417519857
475	0.103936019910725
476	0.104025341664583
477	0.104025625906873
478	0.104324428039414
479	0.104313402615929
480	0.104634985447455
481	0.105352481585156
482	0.105140132380818
483	0.10494682531067
484	0.105662176648668
485	0.106076639143342
486	0.106115669150591
487	0.106414256665519
488	0.106750190664131
489	0.10659454963613
490	0.107015880422503
491	0.107114932726795
492	0.107071313412319
493	0.107271086779836
494	0.107384758947061
495	0.107568905899848
496	0.108114895304013
497	0.107984512382952
498	0.10818083845057
499	0.108584377648953
500	0.108585476483735
501	0.10878231772154
502	0.10901050022133
503	0.109029292646376
504	0.109633021735163
505	0.109730593196032
506	0.109714635012741
507	0.110015922352308
508	0.110013543598997
509	0.110000832267744
510	0.110331016801585
511	0.110752162512065
512	0.111083865688987
513	0.111384976012675
514	0.111307470078867
515	0.111420558742042
516	0.111721246747168
517	0.112053504838671
518	0.112184150242503
519	0.112393405248053
520	0.112596370386463
521	0.112724244391341
522	0.112709484828508
523	0.113203196387773
524	0.113597663749609
525	0.113734875046686
526	0.113754262895785
527	0.113751312928448
528	0.113954336833444
529	0.113961967725094
530	0.11421225554422
531	0.114290470364055
532	0.114254121155865
533	0.11444218269495
534	0.114535148310665
535	0.114608222086728
536	0.114441721654216
537	0.114515784594496
538	0.114718107988198
539	0.114716717815627
540	0.114503807909905
541	0.114496938006758
542	0.114476836617818
543	0.114516689393207
544	0.114567250221616
545	0.114662490914785
546	0.114644278421869
547	0.114604160050488
548	0.114689384561658
549	0.114651218701856
550	0.114633255361105
551	0.114598743866669
552	0.11451813790378
553	0.114444963313871
554	0.114536881594321
555	0.114563593757261
556	0.114482650124815
557	0.114405996766769
558	0.114359782985849
559	0.114257813762334
560	0.114212113386143
561	0.114301876546592
562	0.114209746120695
563	0.114130435920106
564	0.114019286635579
565	0.11388494025707
566	0.113851308537945
567	0.113763116345935
568	0.113709604563149
569	0.1135508154436
570	0.113401730730256
571	0.113221772004625
572	0.113198744777292
573	0.11318221751131
574	0.113024524411032
575	0.11281577425078
576	0.112710204836335
577	0.112685136911838
578	0.112546974158718
579	0.112404324534381
580	0.112276862802921
581	0.112030092994268
582	0.111896106247277
583	0.11183052060497
584	0.111644474413809
585	0.111493386022988
586	0.111314765075346
587	0.111204993820497
588	0.110964351595077
589	0.110710874254115
590	0.110550250754704
591	0.110384108395999
592	0.110275486550863
593	0.110051090771953
594	0.109789157263243
595	0.109625540080781
596	0.109408010186013
597	0.109192705384831
598	0.109031458527748
599	0.108828695253715
600	0.108578549912713
601	0.108288350159752
602	0.108082565728535
603	0.10797032196596
604	0.107851167109497
605	0.10757394403565
606	0.107390195042833
607	0.107218260148075
608	0.107037938922595
609	0.106882661408721
610	0.106710692438933
611	0.106577266832391
612	0.106555053308656
613	0.106431705383537
614	0.106329422773011
615	0.106169691993464
616	0.106035857528442
617	0.105978365761764
618	0.105996715221892
619	0.105930266986525
620	0.105837517066406
621	0.105852042480965
622	0.10596102036392
623	0.105980564625038
624	0.105970758967448
625	0.105930517025033
626	0.105905396324854
627	0.105896638664796
628	0.106028126830223
629	0.106100170648332
630	0.106221374467647
631	0.106368362948208
632	0.106516806068235
633	0.106585410753302
634	0.106833361323687
635	0.106981870623568
636	0.107153082346678
637	0.107415017817519
638	0.107600377461632
639	0.107790090929395
640	0.107983475264784
641	0.108216483556889
642	0.108597537230466
643	0.108771284500727
644	0.108948548915052
645	0.109227976017423
646	0.109401872077336
647	0.109615519852974
648	0.109835312794052
649	0.110041752297557
650	0.110221369194157
651	0.11031481229885
652	0.110376765388742
653	0.110463711951015
654	0.110537110240458
655	0.11067369405947
656	0.110691614944636
657	0.110718404608809
658	0.110810262363046
659	0.110907422502029
660	0.111010736741592
661	0.111118921302803
662	0.111157023688962
663	0.111208405890672
664	0.111423223065175
665	0.111666175319112
666	0.111933700914886
667	0.112276554540791
668	0.112620167326129
669	0.11300903185532
670	0.113517080244123
671	0.114021104075343
672	0.114606282408946
673	0.115233390792264
674	0.115807464353541
675	0.116404223802574
676	0.117051563315593
677	0.117798513582962
678	0.118455270529803
679	0.119168344316274
680	0.119905135040898
681	0.120626870123952
682	0.12140442879749
683	0.122184717998732
684	0.122922012224236
685	0.123669203123242
686	0.124435629076306
687	0.125252093432029
688	0.125915342853787
689	0.126579624477532
690	0.127363183206798
691	0.128140244702222
692	0.128979146888856
693	0.129922234015078
694	0.131052329173804
695	0.132463110167201
696	0.13402801028929
697	0.13516412078863
698	0.13575575109983
699	0.135892457795838
700	0.136331064706704
701	0.137089156004208
702	0.137983046461787
703	0.138857695527739
704	0.139778245905447
705	0.140687771857861
706	0.141580653911264
707	0.142543454309176
708	0.143484114348601
709	0.144398136450076
710	0.145325960085201
711	0.146234671318646
712	0.147113372618034
713	0.147955153170644
714	0.148821380570129
715	0.149698340945879
716	0.150553981258145
717	0.151443315604237
718	0.152273029490423
719	0.153048651924095
720	0.153773882399548
721	0.154539962986204
722	0.155354168056896
723	0.156113936333269
724	0.156872358434855
725	0.157596128523084
726	0.158290131602132
727	0.159005957181531
728	0.15965461889306
729	0.160269945637428
730	0.160931758310475
731	0.161585327080971
732	0.162169134272413
733	0.162812228681302
734	0.163401444163139
735	0.163954742759544
736	0.164462390519029
737	0.165004797087282
738	0.165537156754444
739	0.16603774155661
740	0.166520289481674
741	0.166975979443278
742	0.167420120392818
743	0.167928552949884
744	0.168346227232773
745	0.168740160466766
746	0.169135717981966
747	0.169515479817631
748	0.169892129583187
749	0.170217982078801
750	0.170542350291091
751	0.17090605313606
752	0.171188695008205
753	0.171499812989766
754	0.171790630355927
755	0.17209051709985
756	0.172354866326166
757	0.172639098860242
758	0.172850216971028
759	0.173046210304867
760	0.173255041817386
761	0.173484470635478
762	0.173595120193055
763	0.173729589185266
764	0.173902913913773
765	0.174098783820221
766	0.174313634057541
767	0.174521478596971
768	0.174757063423613
769	0.175018300071955
770	0.175262401856961
771	0.175443645593838
772	0.175582259261653
773	0.175765671159809
774	0.175927683199681
775	0.176075889584505
776	0.176186731761749
777	0.176334665564359
778	0.176536407371287
779	0.176664664590798
780	0.17673231730238
781	0.176908023120791
782	0.177046141447064
783	0.177138167857055
784	0.177243996262601
785	0.17733015142042
786	0.177452227257146
787	0.177602042420006
788	0.177636945664166
789	0.177707331749533
790	0.17783974603202
791	0.17795030423794
792	0.177993834316714
793	0.178078589766907
794	0.178127846953232
795	0.178250402674365
796	0.178314306986256
797	0.178363424194502
798	0.178446093780375
799	0.178585541460623
800	0.178608188181138
801	0.178656977249839
802	0.178715203163318
803	0.178815563789913
804	0.178883405213891
805	0.178941968599633
806	0.178990696119639
807	0.179089914460753
808	0.179197762943727
809	0.179263567152182
810	0.17923578221532
811	0.179308807798094
812	0.179397026405538
813	0.179427489388155
814	0.179389237810939
815	0.179441071621078
816	0.179478646973479
817	0.179508989529094
818	0.179564442465305
819	0.179578450653244
820	0.179570559656517
821	0.179643116510725
822	0.179655247075037
823	0.179701283931578
824	0.17975059415772
825	0.179799848124207
826	0.179820617043951
827	0.179797427772862
828	0.179830112677958
829	0.179945691519412
830	0.17994449974012
831	0.17990206342822
832	0.179894142308219
833	0.17993390756337
834	0.179992890609278
835	0.179953798817503
836	0.179935653266971
837	0.180030977103355
838	0.18006621390295
839	0.180081141304105
840	0.180041489721112
841	0.18003809838469
842	0.180083841114905
843	0.180114690442138
844	0.180119935319264
845	0.180093272405154
846	0.180093552215801
847	0.180170294136749
848	0.180131040520369
849	0.180096522875491
850	0.180109501911612
851	0.180114383531459
852	0.180111927837433
853	0.180074767020377
854	0.180021962073425
855	0.180045092959957
856	0.180037822704892
857	0.180073915329832
858	0.180133523399003
859	0.180031814017534
860	0.179944339458208
861	0.179934207579882
862	0.179971648427584
863	0.179989181517538
864	0.179913118959883
865	0.179862225963519
866	0.179858462543411
867	0.179819339700539
868	0.179809685011965
869	0.179729930807526
870	0.179710513819266
871	0.179723218253786
872	0.179732757951346
873	0.179654506282768
874	0.179497979887468
875	0.179488625422738
876	0.179498049323727
877	0.179572969494709
878	0.179546818654326
879	0.179477483184855
880	0.179357589971075
881	0.179362142366478
882	0.17934518257483
883	0.179247754242833
884	0.17923611651908
885	0.179208420362058
886	0.179244912410549
887	0.179202577382159
888	0.17910604813887
889	0.179052884455504
890	0.178938067025883
891	0.178980790328157
892	0.178978717035863
893	0.178917542601714
894	0.178849841242269
895	0.17886620060574
896	0.17891070757199
897	0.178807552600106
898	0.178681866261672
899	0.178551453484454
900	0.178531000412713
901	0.178588781295331
902	0.178612336152893
903	0.178499499641277
904	0.178536879512465
905	0.178490637016998
906	0.178463775167593
907	0.178323289564486
908	0.178266305016203
909	0.178305807925794
910	0.178281479975045
911	0.17820995561291
912	0.178144415596601
913	0.17815381435854
914	0.178201101742898
915	0.178132957336901
916	0.1780626158401
917	0.178055465273455
918	0.178055854683029
919	0.178018749182156
920	0.177941731668561
921	0.177935723055429
922	0.177892463339925
923	0.177883425628114
924	0.177859711630698
925	0.177845177845042
926	0.177788794118631
927	0.177716565973523
928	0.177731500670915
929	0.177780399526579
930	0.177753390381402
931	0.17762645798494
932	0.17761690916087
933	0.177657373003503
934	0.177581450582225
935	0.177472014765794
936	0.177425481559225
937	0.177413233190188
938	0.177460145766123
939	0.177300436884262
940	0.177182148256081
941	0.177359381864493
942	0.177292195360297
943	0.177114493024443
944	0.177203504851582
945	0.177142281341188
946	0.177162440216237
947	0.177107401406046
948	0.177085534486696
949	0.176989921402695
950	0.176873520773756
951	0.176829699548986
952	0.176815994429581
953	0.176855343186717
954	0.176902891777626
955	0.176839660715514
956	0.176818515774636
957	0.176613629430776
958	0.176628963317845
959	0.176607080899904
960	0.176541011135775
961	0.176456152365187
962	0.17652023092273
963	0.176576410785554
964	0.176384806129688
965	0.176229420813894
966	0.17627555641484
967	0.176329721707019
968	0.176367874607402
969	0.176250579888904
970	0.17614238430459
971	0.176166081549712
972	0.176089479515405
973	0.176065006267106
974	0.175919529234397
975	0.176029827771515
976	0.176103898023379
977	0.175873435552518
978	0.175842637106091
979	0.175977436886584
980	0.175894484312702
981	0.175946288438836
982	0.175732070939491
983	0.175430045272232
984	0.175659806350731
985	0.175653317014574
986	0.175412409900878
987	0.175463587891729
988	0.175452882339639
989	0.175653287617492
990	0.175554921977279
991	0.175218980549966
992	0.175393030807654
993	0.175506326188306
994	0.175407074339307
995	0.175510328635175
996	0.175197705261151
997	0.175371123248666
998	0.175325460267652
999	0.175259589683195
1000	0.175238237894243
1001	0.172688105117306
1002	0.172690590814089
1003	0.172804670048079
1004	0.172789793783562
1005	0.172791657205775
1006	0.172584592092148
1007	0.17258774650343
1008	0.172401765960599
1009	0.172427015844946
1010	0.172503208081472
1011	0.172527524501856
1012	0.172481550188816
1013	0.172387000631624
1014	0.172331679708812
1015	0.172165369274447
1016	0.172190960176622
1017	0.172281260237977
1018	0.172286026070456
1019	0.172166376533458
1020	0.172171765623067
1021	0.172136474635402
1022	0.17212261720027
1023	0.172100316730499
1024	0.172086835708124
1025	0.172154443848531
1026	0.172102997434104
1027	0.172124706410741
1028	0.171946916951141
1029	0.171968373685672
1030	0.171751843230245
1031	0.171755931167111
1032	0.171837170643838
1033	0.17185876447525
1034	0.171707569476002
1035	0.171711826010731
1036	0.171617041860165
1037	0.171604165962704
1038	0.171687785920163
1039	0.171674641167285
1040	0.171677957041075
1041	0.171665026937338
1042	0.171691932730534
1043	0.171593841588463
1044	0.171500020826582
1045	0.171362414612294
1046	0.171287643578095
1047	0.171280388267557
1048	0.171239880189612
1049	0.171357091864304
1050	0.17134927911513
1051	0.171295830819372
1052	0.171304576109379
1053	0.171224612660615
1054	0.171233619105912
1055	0.171148929154742
1056	0.171162053451136
1057	0.171158163646008
1058	0.171174136126471
1059	0.17123361758603
1060	0.171124567015078
1061	0.171177736722259
1062	0.171140662847451
1063	0.171131958253645
1064	0.171210433001872
1065	0.171140852886068
1066	0.171056809626355
1067	0.171089012220717
1068	0.170996985572641
1069	0.171012121733085
1070	0.170968388319091
1071	0.170980047360926
1072	0.170898336928192
1073	0.1709347519541
1074	0.170935726677584
1075	0.171024414248244
1076	0.171016018530442
1077	0.170978251926132
1078	0.170940747733928
1079	0.170928327356151
1080	0.170889900395934
1081	0.170911087683986
1082	0.170975730770009
1083	0.170936235202154
1084	0.170925970908388
1085	0.170895232132529
1086	0.170872536022775
1087	0.170927104998311
1088	0.170953206776437
1089	0.17091663677987
1090	0.170819150153475
1091	0.17077213105555
1092	0.17067390508694
1093	0.170676097770398
1094	0.170715290191027
1095	0.170810014861014
1096	0.17079822157453
1097	0.170822639263664
1098	0.170874384866892
1099	0.170879402465326
1100	0.170827825934197
1101	0.170781908023398
1102	0.170794152029456
1103	0.170785563622261
1104	0.170803439903654
1105	0.170797533163504
1106	0.170789039570878
1107	0.17079963037115
1108	0.170725270639682
1109	0.170749587153854
1110	0.170681280035277
1111	0.170688791806008
1112	0.170683087731831
1113	0.170650737682344
1114	0.17062962608304
1115	0.170592442442207
1116	0.170632759957029
1117	0.170594452928816
1118	0.170582694857154
1119	0.170590307889972
1120	0.170652090104118
1121	0.170626293516272
1122	0.170663872610807
1123	0.170603626844806
1124	0.170575295043831
1125	0.170539610462625
1126	0.170474783579529
1127	0.170496774918208
1128	0.170487158282567
1129	0.170494593937335
1130	0.17050315918033
1131	0.170509828018926
1132	0.170509154911078
1133	0.170453048496488
1134	0.170408280692587
1135	0.170395326526572
1136	0.1703768333994
1137	0.170351341480294
1138	0.17027311062227
1139	0.170234588817933
1140	0.170132439188779
1141	0.17009413295219
1142	0.170054383230224
1143	0.170006575781345
1144	0.17000511764479
1145	0.169974172999899
1146	0.169979440788688
1147	0.169940432156038
1148	0.169927411246306
1149	0.16990428463143
1150	0.169844290834471
1151	0.169790440476127
1152	0.169762149915549
1153	0.169737357148095
1154	0.169649163497203
1155	0.169629206011486
1156	0.169577003568216
1157	0.169523026681181
1158	0.169452328587659
1159	0.169484578095161
1160	0.16944525998461
1161	0.169389466264095
1162	0.169292783355461
1163	0.16924248246026
1164	0.169146530103935
1165	0.169117189472561
1166	0.169103391676321
1167	0.169046425520082
1168	0.169033083809088
1169	0.168994070998755
1170	0.168920845286371
1171	0.168888776864947
1172	0.168861779427672
1173	0.168840098002906
1174	0.168847934769893
1175	0.168832782362671
1176	0.168768073517477
1177	0.168767754181452
1178	0.168731277306852
1179	0.168738501433012
1180	0.168698249227272
1181	0.168699162104498
1182	0.16869778607984
1183	0.16865118803253
1184	0.168665016250474
1185	0.168640456773218
1186	0.168629034195214
1187	0.168624308144999
1188	0.168670601269489
1189	0.168663895352601
1190	0.168643306630945
1191	0.168609307866291
1192	0.168612299873684
1193	0.168594392679616
1194	0.168584519512182
1195	0.168555862153459
1196	0.168566028160968
1197	0.168544166181473
1198	0.168567574620544
1199	0.168546474024947
1200	0.16855042921298
1201	0.168591963988368
1202	0.168612911945064
1203	0.168584106793788
1204	0.168602707015475
1205	0.168614986059023
1206	0.168644051673294
1207	0.168668493388992
1208	0.168687983029481
1209	0.168705765154939
1210	0.168766034803326
1211	0.1687902742602
1212	0.168785400699603
1213	0.168822673461544
1214	0.168823581645173
1215	0.168841681055642
1216	0.168877300099041
1217	0.168947066149606
1218	0.168984633376517
1219	0.16902870978493
1220	0.169056737582234
1221	0.169055016711138
1222	0.169115256577808
1223	0.169145529210484
1224	0.169204941245476
1225	0.169225666598651
1226	0.169263616560358
1227	0.16931671838766
1228	0.16932915354651
1229	0.169394482395987
1230	0.169419954196812
1231	0.169395544166738
1232	0.169427537833552
1233	0.169491376229616
1234	0.169536426930283
1235	0.169555021243567
1236	0.169568085933138
1237	0.169616651906206
1238	0.169629721936647
1239	0.16973082907751
1240	0.169756995658233
1241	0.169786845932356
1242	0.169849159192403
1243	0.16984307322702
1244	0.169857067183472
1245	0.169902950672785
1246	0.170000043727297
1247	0.170059123258653
1248	0.170046528934262
1249	0.170118811902112
1250	0.170190039052265
1251	0.170236938094931
1252	0.170226952741322
1253	0.170287107590809
1254	0.170305162293994
1255	0.170346477321025
1256	0.170335590327963
1257	0.170319164348742
1258	0.17034751592024
1259	0.170383231627297
1260	0.170418249041828
1261	0.170467382788857
1262	0.170486513377948
1263	0.170549132079249
1264	0.170607089997358
1265	0.170661001017927
1266	0.170711578858411
1267	0.170758329269876
1268	0.170783281349312
1269	0.170705597326085
1270	0.170718052367451
1271	0.170742593981167
1272	0.170749359733707
1273	0.1707893296824
1274	0.170824286101747
1275	0.170886722901288
1276	0.170896816596248
1277	0.170945170278594
1278	0.170977041411003
1279	0.171048256307765
1280	0.171088557393189
1281	0.171090661035654
1282	0.17111963291587
1283	0.171146256445712
1284	0.171142845502932
1285	0.171139300077489
1286	0.171164057078708
1287	0.171230404886585
1288	0.171290436887444
1289	0.171337549717137
1290	0.171400423405938
1291	0.171427958445174
1292	0.171453501516626
1293	0.171459672659251
1294	0.171505866618031
1295	0.171496386572453
1296	0.171490776001508
1297	0.171508250586584
1298	0.171574673790731
1299	0.1716123615351
1300	0.171606499868577
1301	0.171634431592948
1302	0.17163731309951
1303	0.171653997248535
1304	0.171706387640445
1305	0.171711705893679
1306	0.171681592217664
1307	0.171726928772198
1308	0.171699639717405
1309	0.171720856577562
1310	0.171767006180165
1311	0.171840521568991
1312	0.171853581672528
1313	0.171840309722057
1314	0.171849251161952
1315	0.171813913903154
1316	0.171811407059305
1317	0.171877832055833
1318	0.171900662795559
1319	0.171839666496465
1320	0.171831823510143
1321	0.171865885248691
1322	0.171862627208185
1323	0.171810839320534
1324	0.171839926936521
1325	0.171814523157881
1326	0.171799355219429
1327	0.171741595525643
1328	0.171718746482631
1329	0.171720512394367
1330	0.171689893450099
1331	0.171657789395663
1332	0.171625542627779
1333	0.171582422139118
1334	0.171508141959727
1335	0.17145537304801
1336	0.171390778562264
1337	0.171332710120913
1338	0.171215501328558
1339	0.171151871550301
1340	0.171133083599672
1341	0.171050700961274
1342	0.170965623395422
1343	0.170903634208469
1344	0.170774860207402
1345	0.170697392171215
1346	0.170606668806592
1347	0.170537544191211
1348	0.170446270544847
1349	0.170355076462095
1350	0.17028183287747
1351	0.17022792575937
1352	0.170150857708619
1353	0.170070709274809
1354	0.169930470790316
1355	0.169870071830326
1356	0.169789493196509
1357	0.169730119637335
1358	0.169649796884719
1359	0.169589398590606
1360	0.169445318523907
1361	0.169359813901468
1362	0.169309222700294
1363	0.169244217312662
1364	0.169163699482539
1365	0.169126450867265
1366	0.169026277647091
1367	0.168901765807775
1368	0.168804708299335
1369	0.168648812866699
1370	0.168524605559163
1371	0.168413489232844
1372	0.168267328537004
1373	0.168120269036681
1374	0.16793223669419
1375	0.167730867714313
1376	0.16752642803571
1377	0.167351733028783
1378	0.167125310192113
1379	0.166878757466554
1380	0.166615276522575
1381	0.166325042461411
1382	0.166005152614958
1383	0.165648189168076
1384	0.165292640060128
1385	0.164891522335101
1386	0.164500616885394
1387	0.164134139836709
1388	0.163792996432446
1389	0.163403422590534
1390	0.162963346475549
1391	0.162508431341427
1392	0.162057674575874
1393	0.161639879074985
1394	0.161254064213875
1395	0.160837600057732
1396	0.160469792233627
1397	0.160034388894776
1398	0.159598037468731
1399	0.159158334890019
1400	0.15871497731108
1401	0.158266068153061
1402	0.157812208505323
1403	0.157358346631413
1404	0.156938730784604
1405	0.156503674330678
1406	0.156085943692765
1407	0.15563631036174
1408	0.155115489982706
1409	0.154646705919393
1410	0.15417910069472
1411	0.153723987070493
1412	0.153287282315798
1413	0.15284557010398
1414	0.15237463300832
1415	0.151921848613916
1416	0.151432740728223
1417	0.150972875018517
1418	0.150533473390873
1419	0.150114714930522
1420	0.149695538304657
1421	0.149269736070053
1422	0.148851602649172
1423	0.148443532088424
1424	0.148069233367975
1425	0.147682952321101
1426	0.147316140906873
1427	0.147004155042374
1428	0.14667147206612
1429	0.146369484649461
1430	0.146112889839807
1431	0.145872540582558
1432	0.145599114966734
1433	0.14536696673233
1434	0.145154639569943
1435	0.144935621016634
1436	0.144726848588303
1437	0.14453724441419
1438	0.144360948620779
1439	0.144240832222336
1440	0.144134464999335
1441	0.144084146458295
1442	0.143985800483624
1443	0.143821078611854
1444	0.143755548617674
1445	0.143675438142821
1446	0.143584704914961
1447	0.143506719445019
1448	0.143457383911305
1449	0.14341602771341
1450	0.143404127768923
1451	0.143408186830228
1452	0.143425571790126
1453	0.143414800604185
1454	0.143411274097587
1455	0.143408311009153
1456	0.143413218310506
1457	0.143372015000287
1458	0.143351582217493
1459	0.143340320964175
1460	0.143369065516794
1461	0.14338190186448
1462	0.143375830167339
1463	0.143344713267248
1464	0.143336392921883
1465	0.143321465543716
1466	0.143345198460313
1467	0.143357894777405
1468	0.143422243543597
1469	0.143457223928296
1470	0.143496481348398
1471	0.143557378505649
1472	0.143628697665444
1473	0.14369857391342
1474	0.143771142797789
1475	0.143832708914762
1476	0.143925151724426
1477	0.143982711263866
1478	0.144081902256657
1479	0.144135420330929
1480	0.144198649998261
1481	0.144287260298966
1482	0.144364703639286
1483	0.144432054707738
1484	0.144559949794672
1485	0.144627737744353
1486	0.144701036157537
1487	0.144799855090468
1488	0.144883525962296
1489	0.144978386908745
1490	0.145069651940552
1491	0.145191359692059
1492	0.145222092426455
1493	0.145335307040124
1494	0.145437054332454
1495	0.145546278999119
1496	0.145659533444617
1497	0.145751809488257
1498	0.145898210279824
1499	0.145995581960829
1500	0.146120759621887
1501	0.146223246484433
1502	0.14636087705197
1503	0.146495260915276
1504	0.146556234186727
1505	0.146700461558362
1506	0.146760970431315
1507	0.14690127387791
1508	0.147059837463598
1509	0.147196296536936
1510	0.147292648578363
1511	0.147393468378468
1512	0.147530294942268
1513	0.147647182696292
1514	0.147785217536922
1515	0.147919089280712
1516	0.148060891176086
1517	0.148194408991961
1518	0.148267780919916
1519	0.148353788037665
1520	0.148478751742353
1521	0.148578110692104
1522	0.148669258450208
1523	0.148784959613965
1524	0.148899331415702
1525	0.148981263719677
1526	0.149091418300032
1527	0.149241453025239
1528	0.149324684573486
1529	0.149391305958382
1530	0.149452191728575
1531	0.149510481644223
1532	0.149604358019576
1533	0.149693574059711
1534	0.149755286593151
1535	0.149842568499696
1536	0.149899768590244
1537	0.149944071724787
1538	0.150044378532748
1539	0.150111894969021
1540	0.150179759956321
1541	0.150259586431514
1542	0.150332870597938
1543	0.150384846132815
1544	0.150458554496889
1545	0.150555624167181
1546	0.150606553854768
1547	0.150616404172462
1548	0.150706100521389
1549	0.150775301855306
1550	0.15085544723407
1551	0.150934632145873
1552	0.151010213863662
1553	0.151020890176241
1554	0.151068180039924
1555	0.151104081809057
1556	0.151117777281765
1557	0.151172027349581
1558	0.151219887694165
1559	0.151247367431578
1560	0.151329629681458
1561	0.151376804503092
1562	0.151435698389329
1563	0.151537461211302
1564	0.151596842214744
1565	0.151637938695287
1566	0.151687246832848
1567	0.151727227640174
1568	0.15177159942148
1569	0.151780167209068
1570	0.151830041695094
1571	0.151904507687279
1572	0.151960064751186
1573	0.152070521263975
1574	0.152166831476824
1575	0.152242674668874
1576	0.152269485365193
1577	0.152279861588656
1578	0.152352762569441
1579	0.152406082628688
1580	0.152474105470166
1581	0.152612133948552
1582	0.152675375605726
1583	0.152735869912002
1584	0.152799560455266
1585	0.152851113507623
1586	0.15292070806008
1587	0.152963644261744
1588	0.153039203697268
1589	0.153112360952495
1590	0.153188495976545
1591	0.153291892494257
1592	0.153374201953128
1593	0.153483369854531
1594	0.1535719503991
1595	0.15371710846351
1596	0.153848567812423
1597	0.153987142702708
1598	0.154102786871425
1599	0.154229781215621
1600	0.154329330423952
1601	0.154419762074861
1602	0.154556859839534
1603	0.154665376041994
1604	0.154809163768095
1605	0.154923758074279
1606	0.155037217813618
1607	0.155112076869316
1608	0.155194851706901
1609	0.155325479393144
1610	0.155426454781115
1611	0.1555465395795
1612	0.155665981087894
1613	0.155783061619732
1614	0.155891791166402
1615	0.156001045731697
1616	0.1560929431504
1617	0.156124085072916
1618	0.156210666586175
1619	0.156301768861634
1620	0.156389067141015
1621	0.156474482173383
1622	0.156556481031475
1623	0.156638791151433
1624	0.156766014846161
1625	0.156824823870113
1626	0.156926401692245
1627	0.157050344509473
1628	0.157158962265368
1629	0.157268040476292
1630	0.157377623918587
1631	0.157419578909764
1632	0.157517602471627
1633	0.157601613010885
1634	0.157654867726096
1635	0.157715435864726
1636	0.157787872371348
1637	0.157859614235084
1638	0.157926417451533
1639	0.158003253579443
1640	0.158083271907631
1641	0.158160377277468
1642	0.158260139463456
1643	0.158346125011986
1644	0.158412945134523
1645	0.158475431736773
1646	0.158502430399745
1647	0.158561364463771
1648	0.158582257621445
1649	0.158653932669083
1650	0.158675152691455
1651	0.15874030096205
1652	0.158768360289327
1653	0.158804705467575
1654	0.158833067521136
1655	0.15887651302133
1656	0.158876895525832
1657	0.158896219439863
1658	0.15889471081874
1659	0.158881458964578
1660	0.15891325015215
1661	0.158971782004663
1662	0.158990621387724
1663	0.159047378202244
1664	0.159010548796713
1665	0.158947679683602
1666	0.158896743879422
1667	0.158853949453666
1668	0.158824948159873
1669	0.158796185429821
1670	0.158725689983235
1671	0.158568536906037
1672	0.158462698190433
1673	0.158337035146227
1674	0.158216363054255
1675	0.158101844380197
1676	0.158037752760826
1677	0.157908079792959
1678	0.157806143255716
1679	0.157708166131189
1680	0.1576122247324
1681	0.157479266447313
1682	0.15736579589325
1683	0.15728529524762
1684	0.157177702119898
1685	0.157055375426098
1686	0.156946546189459
1687	0.156828223864341
1688	0.156696924124399
1689	0.156548801398821
1690	0.156416070969159
1691	0.156343022327406
1692	0.156233318645264
1693	0.156203016229468
1694	0.156169900149997
1695	0.156120886503905
1696	0.156087409511626
1697	0.1560747216097
1698	0.155994600622272
1699	0.155990423602171
1700	0.155949022729978
1701	0.155924946349328
1702	0.155908107884707
1703	0.155848169754721
1704	0.155823752361378
1705	0.155752284233309
1706	0.155630932923164
1707	0.155509080124929
1708	0.155380305491616
1709	0.155316525342709
1710	0.155254350873416
1711	0.155189516135808
1712	0.155075554903404
1713	0.154986677403293
1714	0.154811848097056
1715	0.154690343421695
1716	0.154638725998709
1717	0.154455067008589
1718	0.154330991281243
1719	0.154242981318756
1720	0.15410264553316
1721	0.154011592548287
1722	0.153874445623617
1723	0.153694167810194
1724	0.153517713956913
1725	0.15336233977664
1726	0.153224976894089
1727	0.153066428872914
1728	0.152927900713683
1729	0.152850165296073
1730	0.152663617826393
1731	0.152533102752377
1732	0.152483780305477
1733	0.152384922681604
1734	0.152372150679088
1735	0.152359481948533
1736	0.152326819302236
1737	0.15237344331632
1738	0.152342303864415
1739	0.152279780886463
1740	0.152206492541384
1741	0.152244933600612
1742	0.152273147379717
1743	0.152333877069937
1744	0.152344064173387
1745	0.152385449726364
1746	0.152310727414026
1747	0.152270239290227
1748	0.152254743665316
1749	0.15226909955519
1750	0.152157290104499
1751	0.152157250007323
1752	0.152141528034276
1753	0.152096770674276
1754	0.152052799632466
1755	0.152019433638668
1756	0.151960497527672
1757	0.151916115614035
1758	0.151867960724474
1759	0.15183749343939
1760	0.151787573104166
1761	0.151757096810884
1762	0.151696169747484
1763	0.151709434685847
1764	0.151687220186055
1765	0.151680516609197
1766	0.151646688689432
1767	0.151641785112353
1768	0.151628296729608
1769	0.151645324697144
1770	0.151610929743365
1771	0.151597808440945
1772	0.151538693921128
1773	0.151532350218848
1774	0.151537478578242
1775	0.151570016003571
1776	0.151585779836403
1777	0.151603516153116
1778	0.15162212804958
1779	0.151649263987204
1780	0.151705964713779
1781	0.151770574985729
1782	0.151793014808656
1783	0.151779864574816
1784	0.151799243870256
1785	0.151669096259179
1786	0.15161058560193
1787	0.151590562333811
1788	0.151561632522802
1789	0.151504926055497
1790	0.151583518573687
1791	0.151573024251739
1792	0.151607281561688
1793	0.151681276561252
1794	0.151671315925381
1795	0.151695420572826
1796	0.151737678491602
1797	0.151759516315194
1798	0.151798396107381
1799	0.151836578884888
1800	0.151925079776913
1801	0.152074395894178
1802	0.152098590362252
1803	0.152195333551227
1804	0.152239840688988
1805	0.152249085747505
1806	0.152237187091521
1807	0.1522893180078
1808	0.152298200784601
1809	0.152333014233953
1810	0.152390086004926
1811	0.152483105328159
1812	0.152503913478691
1813	0.152555418320729
1814	0.152579473275935
1815	0.152732617004432
1816	0.152774769248187
1817	0.152873157030913
1818	0.152971715484411
1819	0.15305430092808
1820	0.153092807280936
1821	0.153176472692121
1822	0.153276916476638
1823	0.153339934246523
1824	0.153400040968466
1825	0.153440818183697
1826	0.153448284280873
1827	0.153500646260455
1828	0.153569127618004
1829	0.15359457641579
1830	0.153636913322996
1831	0.153472839649526
1832	0.153448648338461
1833	0.153409145013188
1834	0.153360459116076
1835	0.153362973681981
1836	0.153378658487176
1837	0.153522512005935
1838	0.153591411605777
1839	0.153597767723478
1840	0.153611653550323
1841	0.153723009081876
1842	0.153876621694334
1843	0.153930904811685
1844	0.153988996002043
1845	0.154046040800778
1846	0.154008436023378
1847	0.153974010713705
1848	0.154051864879834
1849	0.154051388211734
1850	0.153966360169389
1851	0.153890882038759
1852	0.153793848844131
1853	0.153613589088649
1854	0.153518255616416
1855	0.15336391451015
1856	0.153257527120271
1857	0.153198570133284
1858	0.1531739924509
1859	0.153163982134746
1860	0.153048301057086
1861	0.152888852557976
1862	0.152756495640286
1863	0.152553875579193
1864	0.152236337571357
1865	0.151993008660879
1866	0.151676040276138
1867	0.151370612165022
1868	0.151131311328106
1869	0.150905483542051
1870	0.150679470696398
1871	0.150292333107203
1872	0.149895443048214
1873	0.149563987341663
1874	0.149069282217753
1875	0.1483756820178
1876	0.147761680018438
1877	0.147197130645878
1878	0.146570576215913
1879	0.145873138678907
1880	0.145089090579376
1881	0.144284536084456
1882	0.143469995640287
1883	0.14252312529597
1884	0.141490896788023
1885	0.140479686442991
1886	0.139381571094839
1887	0.138225782427626
1888	0.137163346962707
1889	0.135984626776962
1890	0.134730716643244
1891	0.133329991632667
1892	0.131968671765598
1893	0.13053101341044
1894	0.129141490507791
1895	0.127729945650419
1896	0.126338816932539
1897	0.124940715691794
1898	0.123468914696972
1899	0.122074800650317
1900	0.120616242221062
1901	0.119258091777813
1902	0.117924312091887
1903	0.116633998442025
1904	0.11533141864339
1905	0.114094148865946
1906	0.11285061490938
1907	0.111684516265736
1908	0.110593972825627
1909	0.109528336805419
1910	0.108546762405017
1911	0.107610156317633
1912	0.106739130384115
1913	0.105950690212675
1914	0.105155446266133
1915	0.104333824268463
1916	0.103607440640884
1917	0.103014639203471
1918	0.102361086814731
1919	0.101810540471415
1920	0.101363104169988
1921	0.100864897437713
1922	0.100383061641886
1923	9.99638160153242E-02
1924	9.95809600159783E-02
1925	9.92726660210872E-02
1926	9.90258596533825E-02
1927	9.88364617785441E-02
1928	9.86504534920317E-02
1929	9.84931116713131E-02
1930	9.84072044453485E-02
1931	9.83215432265021E-02
1932	9.82532181517405E-02
1933	9.83060954362736E-02
1934	9.83132991883797E-02
1935	9.82990099892161E-02
1936	9.84020103835593E-02
1937	9.87363521170818E-02
1938	9.88998338147699E-02
1939	9.89731689702494E-02
1940	9.90627138437769E-02
1941	9.91154582561775E-02
1942	0.098976015597022
1943	9.90837671182551E-02
1944	9.92621259286405E-02
1945	0.099482272734867
1946	9.97704968249185E-02
1947	0.100064944636472
1948	0.100370649521091
1949	0.100730902819192
1950	0.100980859802121
1951	0.101107826697116
1952	0.101325552756297
1953	0.101426114559183
1954	0.101706597834033
1955	0.10222116172602
1956	0.102526495418631
1957	0.102804777190848
1958	0.103089580539158
1959	0.103404846146294
1960	0.103635885523266
1961	0.103963194827821
1962	0.104447020683963
1963	0.104766097096119
1964	0.10496448714979
1965	0.105187096955675
1966	0.10532844960214
1967	0.105585644759459
1968	0.105992799732083
1969	0.106262146956741
1970	0.106457532848492
1971	0.10685359386309
1972	0.107179370688129
1973	0.107454671954654
1974	0.107780991076023
1975	0.10818256218233
1976	0.108506311708966
1977	0.108823591971073
1978	0.109087251301361
1979	0.109278971953299
1980	0.10952368945117
1981	0.10983061528387
1982	0.110070874217055
1983	0.110415136931458
1984	0.110904416715665
1985	0.111284628041674
1986	0.11156961843726
1987	0.111899502894122
1988	0.112183579126537
1989	0.112524016404662
1990	0.112952150917595
1991	0.113303502957159
1992	0.113582250043204
1993	0.113931424531796
1994	0.114219923875368
1995	0.114320671177497
1996	0.114645521944203
1997	0.115116166343423
1998	0.115384104734554
1999	0.115691802458687
2000	0.115902467225983
2001	0.11590084472715
2002	0.116043579305488
2003	0.116267909060253
2004	0.116534832242586
2005	0.116914695488042
2006	0.11725283809041
2007	0.117491702677151
2008	0.117681385600819
2009	0.117872750850862
2010	0.117954099083329
2011	0.118123611363382
2012	0.118317836490374
2013	0.118498455613759
2014	0.11871237615905
2015	0.11876349971908
2016	0.118822286807673
2017	0.11886139610526
2018	0.118861276144447
2019	0.118971347379541
2020	0.118986794413072
2021	0.119039073418069
2022	0.119017836277643
2023	0.11890497205033
2024	0.11885730857524
2025	0.118825223990427
2026	0.118803664651037
2027	0.1187768390259
2028	0.118729930835515
2029	0.118599318670542
2030	0.118365028973397
2031	0.118171579277677
2032	0.117958991100094
2033	0.117809042080607
2034	0.117668714843362
2035	0.117514609556557
2036	0.117462073725039
2037	0.117334081657649
2038	0.117183002863069
2039	0.117027847363519
2040	0.116811713471173
2041	0.116523608350254
2042	0.116396814873405
2043	0.116355689539196
2044	0.116253916945778
2045	0.116332670980525
2046	0.116124996725091
2047	0.115723050405403
2048	0.115510750314431
2049	0.115257353402362
2050	0.115064124986472
2051	0.114887968706016
2052	0.114772811130129
2053	0.114531373205457
2054	0.114421117765247
2055	0.114326561031443
2056	0.114166988348503
2057	0.114112728899108
2058	0.113900242225482
2059	0.113772093803181
2060	0.113683844578162
2061	0.1135588552979
2062	0.113405995926487
2063	0.113353021030872
2064	0.113291183676632
2065	0.113186189124691
2066	0.11336063987099
2067	0.113355355686957
2068	0.113359013496613
2069	0.113442547732871
2070	0.113453640306902
2071	0.11330315508919
2072	0.113340430864171
2073	0.113486263726858
2074	0.113593633011071
2075	0.113645372230194
2076	0.113686792778828
2077	0.113580961588748
2078	0.113594494028579
2079	0.113608882502608
2080	0.113642318244973
2081	0.113693823969098
2082	0.113687952059989
2083	0.11366849620694
2084	0.113641253724514
2085	0.113590790152622
2086	0.113541121168198
2087	0.113554032655958
2088	0.113449214876737
2089	0.113493906725148
2090	0.113636836192547
2091	0.113692674028969
2092	0.113657154635306
2093	0.113677536910716
2094	0.113726869481159
2095	0.113734775505154
2096	0.113681256662695
2097	0.113742438564633
2098	0.113757716066856
2099	0.113719128841807
2100	0.113726593149687
2101	0.113750423928201
2102	0.113794038605708
2103	0.113963830594636
2104	0.114011610828547
2105	0.113905037293554
2106	0.113887675562647
2107	0.113851710812258
2108	0.113766548450901
2109	0.113805059381414
2110	0.11394336938524
2111	0.114051055429508
2112	0.114037491422348
2113	0.113919304150644
2114	0.113917162030324
2115	0.113888284973012
2116	0.113768024504483
2117	0.1137463814544
2118	0.113833170555817
2119	0.113885646076853
2120	0.113970596847606
2121	0.114142632039107
2122	0.11437128665926
2123	0.114496827865684
2124	0.114637737060184
2125	0.114675305469853
2126	0.11466273966274
2127	0.114574014965617
2128	0.114502907065033
2129	0.114388171384887
2130	0.114327445225325
2131	0.114327577803248
2132	0.114291646188835
2133	0.114351885662441
2134	0.11435296136945
2135	0.114243896323607
2136	0.114168454722361
2137	0.114169312779216
2138	0.114017544577762
2139	0.113840787722696
2140	0.113763750217916
2141	0.113688079358381
2142	0.113568061266751
2143	0.113453259018106
2144	0.113380202363783
2145	0.113278479379945
2146	0.113193188335466
2147	0.113137554421289
2148	0.113030203411171
2149	0.112912618090175
2150	0.112733537675259
2151	0.112627126601969
2152	0.11259665751718
2153	0.11256753316666
2154	0.112598595488195
2155	0.112687926415255
2156	0.112660020849801
2157	0.112479601355936
2158	0.112378187237673
2159	0.112243522801625
2160	0.112044695085102
2161	0.11203018840035
2162	0.112079026284562
2163	0.112002401603134
2164	0.112058842264732
2165	0.112159316783452
2166	0.112133081022287
2167	0.111945566800904
2168	0.111879340740677
2169	0.111862986850964
2170	0.11176874244653
2171	0.111624496823596
2172	0.111571233366633
2173	0.111553551006188
2174	0.111476891171797
2175	0.111437021726426
2176	0.111477875397875
2177	0.111424839188576
2178	0.111267645683253
2179	0.111087137515333
2180	0.111060310950969
2181	0.111090439642968
2182	0.111080435709003
2183	0.111100706844716
2184	0.111220168891732
2185	0.111208206391783
2186	0.111075171824343
2187	0.111029756771355
2188	0.111015793240501
2189	0.110990580273246
2190	0.111000027801311
2191	0.110962322216975
2192	0.111096347444255
2193	0.111068334951677
2194	0.111071585239411
2195	0.111047079018435
2196	0.110938507006257
2197	0.110961438650787
2198	0.111031267489625
2199	0.11110124449564
2200	0.111029772955631
2201	0.110926477430228
2202	0.110851933461022
2203	0.110616651341201
2204	0.11063267778676
2205	0.11084831633886
2206	0.110962021093237
2207	0.111087395592234
2208	0.111131585579475
2209	0.111001417980567
2210	0.110837910782566
2211	0.110866277170784
2212	0.110915335939831
2213	0.111000529448945
2214	0.111143950989125
2215	0.111290333800568
2216	0.111386620100042
2217	0.111511952974236
2218	0.111727308219579
2219	0.111742417002429
2220	0.111843445210325
2221	0.111993877062628
2222	0.112235751071874
2223	0.11240741389456
2224	0.112600546769605
2225	0.112686497312179
2226	0.112613615941843
2227	0.112681868721944
2228	0.112820662470773
2229	0.112945627721377
2230	0.11305194798827
2231	0.113079388628853
2232	0.112937893207627
2233	0.112788058955602
2234	0.112600978142349
2235	0.11255356043022
2236	0.112529643230504
2237	0.112363122907299
2238	0.112436627037547
2239	0.112355047136331
2240	0.112224934716571
2241	0.11227234438528
2242	0.112032675628537
2243	0.111804855420402
2244	0.111613064926242
2245	0.11130802934503
2246	0.11113769383098
2247	0.11112451691667
2248	0.111011299722606
2249	0.110870414682333
2250	0.110670958438769
2251	0.110386452448759
2252	0.110133660593646
2253	0.109859628440683
2254	0.109612786267048
2255	0.109242515775362
2256	0.109110333353934
2257	0.108931787311531
2258	0.108718088396573
2259	0.108567315720797
2260	0.108253736486977
2261	0.108044452770433
2262	0.107916872527839
2263	0.107824805657571
2264	0.107799507880571
2265	0.107589742358837
2266	0.107484247511166
2267	0.107127249132826
2268	0.106769422109186
2269	0.106617886209256
2270	0.106524235026267
2271	0.10631264688041
2272	0.10606208064894
2273	0.10589112362726
2274	0.105668343786877
2275	0.105420819220927
2276	0.105133159648356
2277	0.1049705063455
2278	0.104677643059334
2279	0.104484315362779
2280	0.104335047121461
2281	0.104237830170282
2282	0.103894820816115
2283	0.103540008256352
2284	0.103468782578071
2285	0.10348424457057
2286	0.10337884668836
2287	0.103399582332689
2288	0.10345699654433
2289	0.103389635152685
2290	0.10335063036252
2291	0.10338717958165
2292	0.103216497903337
2293	0.102862853024577
2294	0.102683353263549
2295	0.102623333222235
2296	0.102472212177584
2297	0.102382761723213
2298	0.10228201627165
2299	0.102180797079731
2300	0.102003544517101
2301	0.101714449632066
2302	0.101560284844668
2303	0.101432041509058
2304	0.101324132538792
2305	0.101292418106962
2306	0.101307631862108
2307	0.101223486236658
2308	0.10126555390319
2309	0.101426330345865
2310	0.101325922830227
2311	0.1010272000737
2312	0.100789590248013
2313	0.100605849539969
2314	0.100334912998352
2315	0.10015778052494
2316	0.100172718730699
2317	0.100134156633174
2318	0.100001162443342
2319	9.98723954460946E-02
2320	9.96444151396974E-02
2321	9.93561038539029E-02
2322	9.94027084884731E-02
2323	9.93457560055012E-02
2324	9.92423291456862E-02
2325	9.93607538406073E-02
2326	9.92447219142038E-02
2327	9.92650558963857E-02
2328	9.94963414552577E-02
2329	9.93078680147293E-02
2330	9.88521990990947E-02
2331	9.88003180966916E-02
2332	9.88042977768442E-02
2333	9.87993368082752E-02
2334	9.88193084118841E-02
2335	9.88918630775287E-02
2336	9.88218220223972E-02
2337	9.87379489216974E-02
2338	9.86720684275662E-02
2339	9.85257795891337E-02
2340	9.78549435875267E-02
2341	9.76299544697073E-02
2342	0.097731169658201
2343	9.77455629600759E-02
2344	0.097851657684913
2345	9.79293541181322E-02
2346	0.097944880799696
2347	9.82104927192656E-02
2348	9.82558910622938E-02
2349	9.82946435484839E-02
2350	9.83956830115793E-02
2351	0.098234419036739
2352	9.80123210575806E-02
2353	9.79750341613204E-02
2354	9.80105030185691E-02
2355	9.79437700630142E-02
2356	9.78766054910646E-02
2357	9.77830925370768E-02
2358	0.097471148344722
2359	9.72333379821679E-02
2360	9.72572207577193E-02
2361	9.71733145863029E-02
2362	0.097035322101778
2363	9.69982903509138E-02
2364	9.69489457164248E-02
2365	9.69790226420668E-02
2366	9.70131404784696E-02
2367	9.70655665932044E-02
2368	9.71003942921086E-02
2369	9.70985879012533E-02
2370	9.68681056215706E-02
2371	9.64803713969307E-02
2372	9.63083314622451E-02
2373	9.59741711136051E-02
2374	9.57844376805893E-02
2375	9.57694719113097E-02
2376	0.095669443137922
2377	9.54077349500605E-02
2378	9.53048690047789E-02
2379	9.54444804743596E-02
2380	9.53930996394577E-02
2381	9.50599085634534E-02
2382	9.48510856388596E-02
2383	9.44275842399919E-02
2384	9.42955020557965E-02
2385	9.42928873436066E-02
2386	9.41116794545162E-02
2387	0.093992760890361
2388	9.37459882032861E-02
2389	9.34833232536612E-02
2390	9.32865224056712E-02
2391	9.31779251519597E-02
2392	9.30553936704049E-02
2393	9.29933942776548E-02
2394	9.27750552101404E-02
2395	9.23872130100757E-02
2396	9.20908960992178E-02
2397	9.17940917485623E-02
2398	9.16303512887634E-02
2399	9.14927652114132E-02
2400	9.13847305246438E-02
2401	9.11899623938314E-02
2402	9.12482773608662E-02
2403	9.11754584687182E-02
2404	0.090830790412086
2405	9.04093348084137E-02
2406	8.99879392991362E-02
2407	8.98968691206483E-02
2408	8.98526253346364E-02
2409	8.95890942284608E-02
2410	8.91749287586387E-02
2411	8.88954546085092E-02
2412	8.88504443296592E-02
2413	8.88527225607678E-02
2414	8.89345994504399E-02
2415	8.86186150932458E-02
2416	8.81749376276155E-02
2417	8.79574523965857E-02
2418	8.77150226303466E-02
2419	8.76748772138711E-02
2420	8.75539549879577E-02
2421	8.73065930216256E-02
2422	8.70792310926703E-02
2423	8.65163444128591E-02
2424	8.58275352598365E-02
2425	8.52163384364193E-02
2426	8.43207795305302E-02
2427	8.40100717403405E-02
2428	8.40382576463291E-02
2429	0.084107145950367
2430	8.45543056283114E-02
2431	8.47086676773603E-02
2432	8.47829808730206E-02
2433	0.084536808531352
2434	8.40896870610346E-02
2435	8.37524222615968E-02
2436	8.31922671422519E-02
2437	8.29458114903814E-02
2438	8.31619392947423E-02
2439	8.29806466403099E-02
2440	8.28284951688495E-02
2441	8.23298885678373E-02
2442	0.081534109077552
2443	8.10203106351861E-02
2444	8.01180147485183E-02
2445	7.97931654036584E-02
2446	7.97858010025476E-02
2447	7.95544108898053E-02
2448	0.079210250717003
2449	7.90644679887953E-02
2450	7.92211493501835E-02
2451	7.90911112058621E-02
2452	7.87127485745843E-02
2453	7.85685815179746E-02
2454	7.81174598171377E-02
2455	0.077834972764044
2456	7.77060971411987E-02
2457	7.73900708898705E-02
2458	7.63146376112545E-02
2459	7.59946506338504E-02
2460	7.60956259889113E-02
2461	7.59068744550759E-02
2462	7.52436317622902E-02
2463	7.50461389802525E-02
2464	7.45424247041061E-02
2465	0.074319083812605
2466	7.44390470805291E-02
2467	7.40006653629172E-02
2468	7.26195749693654E-02
2469	7.23322072221787E-02
2470	7.26240270572865E-02
2471	7.27257875131488E-02
2472	7.29157876812521E-02
2473	7.27893405634804E-02
2474	7.20998571602721E-02
2475	7.18689510862142E-02
2476	7.22258552555758E-02
2477	7.21662843699027E-02
2478	7.19830779407492E-02
2479	7.18108372077393E-02
2480	7.11071659488663E-02
2481	7.09714627951599E-02
2482	7.11559261371458E-02
2483	7.12563385640429E-02
2484	7.15161294610529E-02
2485	7.12064682086653E-02
2486	7.01068005172871E-02
2487	6.97991758271629E-02
2488	6.99042307392707E-02
2489	6.99808482300209E-02
2490	7.02161812281289E-02
2491	7.00628737844218E-02
2492	6.94548954761035E-02
2493	6.89947692206024E-02
2494	6.82293660871937E-02
2495	6.81075690481754E-02
2496	6.81768148181189E-02
2497	6.83267622241055E-02
2498	6.91726024910608E-02
2499	6.92398650944514E-02
2500	6.81130983915574E-02
