350	0.364829277152198
351	0.367792677833975
352	0.39173559481579
353	0.387858996486087
354	0.402232108015297
355	0.386177774806694
356	0.397610653722631
357	0.387983485441113
358	0.381207552468978
359	0.397428388723876
360	0.408855891373493
361	0.393104282278328
362	0.378192002696065
363	0.371380561870934
364	0.385820142617584
365	0.382462209390538
366	0.375949936705933
367	0.380475351018108
368	0.38539176626826
369	0.390548068348146
370	0.393685852214568
371	0.370176945249858
372	0.370482570088022
373	0.378341497496167
374	0.382133621306392
375	0.365241407886827
376	0.369967311435934
377	0.376801606947428
378	0.375426376168131
379	0.361588248806958
380	0.359051940870442
381	0.363037958736712
382	0.371383447580145
383	0.369597172558705
384	0.358474847805191
385	0.359788746132443
386	0.363410404137042
387	0.355003085150144
388	0.35106087928174
389	0.351619620838606
390	0.354542419429679
391	0.355648726828573
392	0.3480344255363
393	0.34855641238479
394	0.351079923874082
395	0.352617046498605
396	0.347492351484141
397	0.345695594535043
398	0.349555695744896
399	0.349893683905651
400	0.34661824771977
401	0.344892950522069
402	0.347317271315561
403	0.349197488808476
404	0.344742997452871
405	0.341624586146741
406	0.343018908932841
407	0.344971545695307
408	0.343223199941855
409	0.340279197347495
410	0.340283711948219
411	0.343263913516469
412	0.338974926912336
413	0.336830152921187
414	0.334264995452804
415	0.336454990029882
416	0.33738021001326
417	0.332481929695705
418	0.33140235980623
419	0.331360045324352
420	0.331594387285063
421	0.329811284233854
422	0.326000657370208
423	0.324094549735413
424	0.323847621886746
425	0.323294639966702
426	0.320710465469323
427	0.319479104082003
428	0.31881527433075
429	0.317870108247607
430	0.316038012174937
431	0.315050929063683
432	0.314227210215316
433	0.313279326994669
434	0.311370706869317
435	0.310071265028922
436	0.310699694621971
437	0.311150936213307
438	0.309727378052753
439	0.30809677353656
440	0.308655978053491
441	0.309100929841874
442	0.308045945402088
443	0.306801309017135
444	0.30589087306705
445	0.306397464261818
446	0.30591563520482
447	0.304929786149829
448	0.304245615867031
449	0.304453267704696
450	0.304557074886761
451	0.303372542381656
452	0.302648637406768
453	0.302357330712949
454	0.302224323537672
455	0.301849218782187
456	0.300735991906575
457	0.300957507283451
458	0.300770718516323
459	0.299387814872932
460	0.2983549483113
461	0.298232673141551
462	0.298428446371253
463	0.298065563482332
464	0.297047911919225
465	0.296733548668707
466	0.296223367503934
467	0.295613501293827
468	0.294900317251183
469	0.294226352815331
470	0.294077306346027
471	0.294413560416455
472	0.293974441624008
473	0.292863731751734
474	0.292672750363936
475	0.292538340451144
476	0.292136383049552
477	0.291861470208162
478	0.291436933257327
479	0.291518521588957
480	0.291411672386397
481	0.29110217061404
482	0.290588229307234
483	0.290258419326386
484	0.289859476337775
485	0.289629090390778
486	0.289545152459898
487	0.289330547414511
488	0.288905518264519
489	0.288574004770057
490	0.288335736446154
491	0.288346896504438
492	0.288145235863003
493	0.288291584529176
494	0.287970534894428
495	0.28767672289095
496	0.288307091259003
497	0.287953028186907
498	0.287630138938309
499	0.287529473068383
500	0.287745381003714
501	0.287759847984866
502	0.287749230108757
503	0.287304129808663
504	0.287493880543646
505	0.28743075435505
506	0.287374376792324
507	0.28731112151013
508	0.286978849925717
509	0.287093746374347
510	0.287423226834271
511	0.28692160144511
512	0.28690301699615
513	0.287206687322908
514	0.287146417630459
515	0.286995194124818
516	0.28692865842114
517	0.286686190891501
518	0.286775846769059
519	0.286790075091593
520	0.286590965000386
521	0.286578179099582
522	0.286629680224915
523	0.286829400024726
524	0.286780978126332
525	0.286720211496484
526	0.286961394522125
527	0.286990312292765
528	0.287018270978763
529	0.287001459052782
530	0.287004319386919
531	0.287153394955232
532	0.28727976492692
533	0.287311265370786
534	0.287362838522373
535	0.287373372257533
536	0.28753822258123
537	0.287455140508776
538	0.287489123262755
539	0.287614731458085
540	0.287735943819442
541	0.287682254627666
542	0.28757941502558
543	0.287743312303385
544	0.288005305865619
545	0.288118499896963
546	0.287996109718295
547	0.287987210528458
548	0.288272154126366
549	0.288445007909463
550	0.288397600119582
551	0.288496977734716
552	0.288679907023641
553	0.288828136856391
554	0.289042329969807
555	0.289113901601508
556	0.289217305004415
557	0.289414534092895
558	0.289505705270043
559	0.289428330348987
560	0.289539087844648
561	0.289771537433849
562	0.290045304949927
563	0.289975581518536
564	0.290070905158484
565	0.290255178948927
566	0.290382747638423
567	0.290440081229287
568	0.290443445204579
569	0.290561356052321
570	0.290846711188859
571	0.290849564997589
572	0.290714720242907
573	0.290785915290019
574	0.291026767304526
575	0.291074419098917
576	0.291045831985723
577	0.291191783918005
578	0.291324814309932
579	0.291473602883469
580	0.29153709870908
581	0.291493920990405
582	0.291621002455646
583	0.291845867436575
584	0.291807017631608
585	0.291737882049764
586	0.291828602100473
587	0.291908395805915
588	0.291915690511912
589	0.291817117138837
590	0.29182610461252
591	0.291902443921464
592	0.291982160300681
593	0.291929584120324
594	0.291908915027247
595	0.291981471717648
596	0.292104393488495
597	0.292187124198241
598	0.292185881518362
599	0.292224655492508
600	0.292300584323645
601	0.29233773932583
602	0.292286485858582
603	0.292290553017841
604	0.292299994813637
605	0.29241606663876
606	0.292471925668648
607	0.292423462475845
608	0.292475629802483
609	0.292564369628045
610	0.292540950789965
611	0.292574182198371
612	0.292599893230793
613	0.292668939269931
614	0.292673065332817
615	0.292599452047341
616	0.292675639309843
617	0.292861209948361
618	0.292867347817714
619	0.292867131043512
620	0.293008583431886
621	0.293049980958913
622	0.293138745418703
623	0.293262264077923
624	0.293172539609767
625	0.293168604956553
626	0.29321816504174
627	0.293290872208298
628	0.293322411354756
629	0.293345726008142
630	0.29345015290986
631	0.293468542832162
632	0.293465632771244
633	0.293465713581837
634	0.29358398253629
635	0.293700959714137
636	0.29371870166365
637	0.293707738979604
638	0.293794068372728
639	0.293897857209945
640	0.293955247882801
641	0.293987795416797
642	0.293923662652149
643	0.293975814195295
644	0.294030973635353
645	0.294039059343089
646	0.294091551855226
647	0.294159458751977
648	0.294130909066666
649	0.294059751730067
650	0.29410965464656
651	0.294205454508604
652	0.294279837174586
653	0.294297754670326
654	0.294278014117933
655	0.294297183614812
656	0.294286913195316
657	0.294266931759246
658	0.29424912362939
659	0.294201659927725
660	0.294300857850811
661	0.294470243814842
662	0.294594451180132
663	0.294562334782677
664	0.294584876872958
665	0.294639962472468
666	0.294602822945039
667	0.294573926236296
668	0.294688458609359
669	0.294822500199603
670	0.294839396700776
671	0.294753637936357
672	0.294779154375464
673	0.294849140006281
674	0.294956462035898
675	0.294962288563518
676	0.294938377148944
677	0.29494887346298
678	0.295117022616548
679	0.295179480286347
680	0.295098996444433
681	0.295164870728663
682	0.295241582005704
683	0.295227532280264
684	0.295213419373609
685	0.295220413394788
686	0.295330292720036
687	0.295323366492897
688	0.295289585447789
689	0.295200804108971
690	0.29516676902778
691	0.295244504008389
692	0.29527438840985
693	0.29533183193912
694	0.295558667699507
695	0.295950398717358
696	0.296588579065373
697	0.296794507797151
698	0.296545364802681
699	0.29611604933725
700	0.295891755739504
701	0.295765679896757
702	0.295727024347868
703	0.295779127111154
704	0.295852269632914
705	0.295903153184818
706	0.295829381580487
707	0.295872785804458
708	0.295932055333691
709	0.295963634901507
710	0.295925183276306
711	0.295997251835235
712	0.295982038068859
713	0.295997232776188
714	0.295994176870711
715	0.296026205438811
716	0.296016797626724
717	0.296037678498408
718	0.296072234640446
719	0.29605235024258
720	0.295977402447178
721	0.295941061715793
722	0.295888094763787
723	0.295896653448093
724	0.295965194588992
725	0.29604820793133
726	0.296061039498062
727	0.296025503956236
728	0.295992980644171
729	0.295996948939481
730	0.296040035800991
731	0.29602513077407
732	0.296001933150247
733	0.296013599429067
734	0.296068367622349
735	0.296111029757825
736	0.296095382153423
737	0.296069655085796
738	0.296094656195521
739	0.296158869038957
740	0.296181558123092
741	0.296156654263756
742	0.296138911711763
743	0.296186420783393
744	0.296205869993528
745	0.296179782039135
746	0.296182133639806
747	0.296191425962017
748	0.296193158522137
749	0.296204630606038
750	0.296228234954087
751	0.296208024246534
752	0.296181894763074
753	0.296154978270675
754	0.29612840462174
755	0.2961731476122
756	0.296192478859091
757	0.296138047971956
758	0.296134021580585
759	0.296149309800184
760	0.296117611049714
761	0.296036404655846
762	0.295841806379054
763	0.295666612641955
764	0.295611335052551
765	0.295654779770501
766	0.295622945488274
767	0.295701996502165
768	0.295801216389009
769	0.295932106391983
770	0.296018658287511
771	0.296078235418483
772	0.296088169418561
773	0.296102642812512
774	0.296103452900791
775	0.296071144855404
776	0.296105117909566
777	0.296118526930906
778	0.29610734182847
779	0.296129008698939
780	0.296134110136801
781	0.296125381236114
782	0.296087600896893
783	0.296051143654451
784	0.296022877058181
785	0.296080977468792
786	0.296110981491554
787	0.296035137819693
788	0.296012969792369
789	0.296010238462718
790	0.296012942090528
791	0.295959247595938
792	0.295965274526943
793	0.295994123105212
794	0.296008746585798
795	0.295971114137122
796	0.295914114430565
797	0.295913567300281
798	0.295948965448503
799	0.295967629604411
800	0.295900700033491
801	0.295903113496084
802	0.295957900439915
803	0.295963000752659
804	0.295930243501759
805	0.295925826447025
806	0.29599862966123
807	0.295933368746891
808	0.295856824747482
809	0.295849408269301
810	0.295885739095145
811	0.29590129649549
812	0.295872752648455
813	0.295817069121993
814	0.295721122196912
815	0.295739666692029
816	0.295792537988778
817	0.295714457667243
818	0.295640593137862
819	0.295665135622224
820	0.295685435562975
821	0.29565944417375
822	0.295654531689347
823	0.295655000081976
824	0.29569992780229
825	0.295673483200498
826	0.29566378896161
827	0.29563727990764
828	0.295630357139091
829	0.295655887286791
830	0.295631618445219
831	0.295612921162071
832	0.295660195126148
833	0.295662455307371
834	0.295596593489547
835	0.295558538305722
836	0.295558360849592
837	0.29556534042918
838	0.295509579339914
839	0.295476015129271
840	0.295526203099386
841	0.295518201552624
842	0.295532206880932
843	0.295461207976917
844	0.295436459680162
845	0.295436167064452
846	0.295427366685655
847	0.295385656616555
848	0.295378602092298
849	0.295395014316801
850	0.295409831157332
851	0.295328377038673
852	0.295328121964845
853	0.295340702444872
854	0.295325848712411
855	0.295222395959665
856	0.295284436688483
857	0.295305924700915
858	0.295265247741743
859	0.295256680387684
860	0.295247970646439
861	0.295289742414506
862	0.295262371982578
863	0.295213698930202
864	0.295196017047769
865	0.295222210074946
866	0.295196819683174
867	0.295150334713833
868	0.295098933092403
869	0.295113340632362
870	0.295173633551027
871	0.295123359013826
872	0.295037249294637
873	0.294975024206715
874	0.295002127341128
875	0.295069058257292
876	0.294980813965989
877	0.294956214396804
878	0.294920569171697
879	0.294880649806933
880	0.294842230639731
881	0.294857425092954
882	0.294922425167166
883	0.294903317316869
884	0.294873620544217
885	0.294821851615476
886	0.294828386838551
887	0.294894921399378
888	0.294860966380758
889	0.2948078866277
890	0.294812878627739
891	0.294854262073038
892	0.294791597660306
893	0.294737861028389
894	0.294721920760341
895	0.294743056556884
896	0.294743213050685
897	0.294630667040838
898	0.29455511353406
899	0.294596368471622
900	0.294528897273368
901	0.294447626874403
902	0.294397964465301
903	0.29441993072458
904	0.294412890487291
905	0.294425529251419
906	0.294437881940416
907	0.294450060891642
908	0.294439334209045
909	0.294408014080561
910	0.294387567915282
911	0.294410745063307
912	0.294428214715918
913	0.294338872337513
914	0.294215597258897
915	0.294212587901612
916	0.29427969555395
917	0.294243130652744
918	0.294274598161695
919	0.294289420722226
920	0.294284353518906
921	0.294218629776815
922	0.294262593149414
923	0.294266429869234
924	0.29432126689852
925	0.294248475318588
926	0.294179840847239
927	0.294186894832536
928	0.294118694502522
929	0.294129680848195
930	0.294183895028775
931	0.294149408612567
932	0.293948678180415
933	0.293871525939956
934	0.293780404032305
935	0.293791269117536
936	0.29393311506983
937	0.293834458257141
938	0.293752292542319
939	0.293710625681212
940	0.293668116211135
941	0.293785276610205
942	0.293821456809127
943	0.293724566383095
944	0.293804082843366
945	0.293748219331607
946	0.293542185255075
947	0.293434356459653
948	0.293426292063287
949	0.293475335908063
950	0.293457842512843
951	0.293349122771181
952	0.293330526420527
953	0.293394719004028
954	0.2933947516678
955	0.293352567387682
956	0.293348127867012
957	0.293386980123274
958	0.293371961791625
959	0.293368818844043
960	0.293204963259735
961	0.293418709638882
962	0.293518988891675
963	0.293357005521428
964	0.293224589251376
965	0.293339222038722
966	0.293410506164193
967	0.293093223953034
968	0.293043105695703
969	0.293226318042924
970	0.293439696252869
971	0.293361041784834
972	0.293163586719693
973	0.293350946993164
974	0.293379739235754
975	0.293211423192689
976	0.293316650250741
977	0.293540482235778
978	0.293432871921017
979	0.293247043772384
980	0.293180191861913
981	0.29327858790411
982	0.293488705495456
983	0.293168291837634
984	0.293180297765313
985	0.293395775597656
986	0.293317606813315
987	0.293237535186358
988	0.293149739675091
989	0.292995150479769
990	0.293195523746783
991	0.293204765476073
992	0.292785355555932
993	0.292894309297857
994	0.29332880616452
995	0.292961887782248
996	0.292728874783609
997	0.292914464987875
998	0.293031917418816
999	0.293087590740632
1000	0.292884108793255
1001	0.297045091028912
1002	0.296934764261445
1003	0.296864406238508
1004	0.296838499024868
1005	0.296909905616726
1006	0.296886355504741
1007	0.296794589559905
1008	0.296873332415083
1009	0.296856008227228
1010	0.296777893400958
1011	0.296639642975812
1012	0.296612420019593
1013	0.29659711646717
1014	0.296664422904588
1015	0.296745625471046
1016	0.296694753670064
1017	0.29666964810643
1018	0.29661985268458
1019	0.296575278783571
1020	0.296560829256667
1021	0.296585839497111
1022	0.296503933679471
1023	0.296406560862078
1024	0.296439254893473
1025	0.296458532798099
1026	0.296424593538952
1027	0.29643950827229
1028	0.296373536304916
1029	0.296276026628942
1030	0.29622000240912
1031	0.296124633206146
1032	0.296173340910634
1033	0.296047890990073
1034	0.296103891808205
1035	0.296085584303257
1036	0.296078855584067
1037	0.29603015862176
1038	0.296138686653377
1039	0.296090212704355
1040	0.295983460869799
1041	0.295966514814028
1042	0.295928182772885
1043	0.295927101723993
1044	0.29584057232843
1045	0.29592569717476
1046	0.295840145402884
1047	0.295708504690854
1048	0.295682766630931
1049	0.295596122974859
1050	0.295628297422451
1051	0.295713168759353
1052	0.295772678187005
1053	0.295934385715552
1054	0.295992224437427
1055	0.295926962793117
1056	0.29595699766522
1057	0.295940007413574
1058	0.295955110572901
1059	0.295911721857942
1060	0.295891316226673
1061	0.29586626190297
1062	0.295848110347038
1063	0.295743217909418
1064	0.295585239940216
1065	0.295556040108771
1066	0.295623815372267
1067	0.295552446610052
1068	0.295710058269747
1069	0.295746155049147
1070	0.295575093883617
1071	0.295535010353432
1072	0.29557535768663
1073	0.29556088044703
1074	0.295490765697697
1075	0.295413802851489
1076	0.295368948837352
1077	0.29543329614044
1078	0.295359461714893
1079	0.295384051920147
1080	0.295386517009553
1081	0.295295493574962
1082	0.295252366168724
1083	0.295308221962415
1084	0.295298205128726
1085	0.295209314161633
1086	0.295225590602109
1087	0.295167588314597
1088	0.29510953495941
1089	0.295107445422366
1090	0.29504464275218
1091	0.295068500367695
1092	0.295110270191441
1093	0.295072720719249
1094	0.295037955124071
1095	0.295042898291265
1096	0.294971668435165
1097	0.294908183674756
1098	0.294957093081374
1099	0.294926811155567
1100	0.294963445715779
1101	0.294968944808717
1102	0.295024553360414
1103	0.294964156955685
1104	0.294964630302716
1105	0.29487956729027
1106	0.294878509521206
1107	0.294822472987616
1108	0.2948072272705
1109	0.294837108643649
1110	0.294776999509205
1111	0.294744910795525
1112	0.294711615009283
1113	0.294737043223073
1114	0.294740011790589
1115	0.294733980654346
1116	0.294722071519319
1117	0.294794297232233
1118	0.294783017189555
1119	0.294724931762113
1120	0.29465039385371
1121	0.294637021910558
1122	0.294680744277062
1123	0.294688133446231
1124	0.294701084920965
1125	0.294785108814309
1126	0.294776108697547
1127	0.294837897663547
1128	0.294868758870772
1129	0.294890900335983
1130	0.294918080162661
1131	0.294887022099734
1132	0.294860962388787
1133	0.294875122427444
1134	0.294928979475009
1135	0.294972309189108
1136	0.295052800296069
1137	0.295018007756904
1138	0.295045341030112
1139	0.295035078316993
1140	0.295081741605596
1141	0.295143863931525
1142	0.295166256419992
1143	0.295224329823129
1144	0.295183295416661
1145	0.295215902737196
1146	0.295243937320017
1147	0.295284299422272
1148	0.295278970038732
1149	0.295301089020671
1150	0.295260012503137
1151	0.295298139166343
1152	0.295369264589299
1153	0.295363641313986
1154	0.2953979327849
1155	0.295453509536382
1156	0.295478328886298
1157	0.295507632959128
1158	0.295576730413875
1159	0.295613562661355
1160	0.295631026372976
1161	0.295598097003831
1162	0.295668089131879
1163	0.295734861089235
1164	0.29575737118239
1165	0.295814604306324
1166	0.295862745748327
1167	0.295821225037958
1168	0.295812677083635
1169	0.295780438834763
1170	0.295816935628236
1171	0.295914716637032
1172	0.29595606599198
1173	0.295966748073806
1174	0.296068764229032
1175	0.296113012940337
1176	0.296136748947294
1177	0.296195757549109
1178	0.296203463362398
1179	0.29622362737563
1180	0.296223563716392
1181	0.296251129633983
1182	0.296268949959435
1183	0.29630992181819
1184	0.296390529581347
1185	0.296419325808843
1186	0.296423570944967
1187	0.296468704629117
1188	0.296425802912872
1189	0.296440807856915
1190	0.296472474847258
1191	0.29642980079135
1192	0.296460652609163
1193	0.296467399229239
1194	0.296465623091441
1195	0.296511791489708
1196	0.296517335180027
1197	0.296471794515795
1198	0.296473004359773
1199	0.296450505628246
1200	0.296498583296649
1201	0.296542802186955
1202	0.296534443299902
1203	0.296518923453587
1204	0.296559006205456
1205	0.296519546956502
1206	0.296507029109164
1207	0.296554697764211
1208	0.296594801515917
1209	0.296574251931369
1210	0.296536006345772
1211	0.296538713317371
1212	0.296527992061123
1213	0.296514822582167
1214	0.296495519446448
1215	0.296505497747154
1216	0.296467783232467
1217	0.296450384795547
1218	0.296456616158692
1219	0.296473822272222
1220	0.296503234807638
1221	0.296520871870213
1222	0.29651351804416
1223	0.296592372129592
1224	0.296585867683136
1225	0.296568365903539
1226	0.296526624830202
1227	0.296543389057348
1228	0.296524671063842
1229	0.296524274782478
1230	0.296489789205937
1231	0.296490236685002
1232	0.296467252858727
1233	0.296421928829184
1234	0.296460686788002
1235	0.296509151735257
1236	0.296520644760883
1237	0.296523933720049
1238	0.296546924680274
1239	0.296590888265593
1240	0.296586613929319
1241	0.296640880074089
1242	0.296638531689694
1243	0.296651360566642
1244	0.29667998152463
1245	0.296682961089743
1246	0.296669142383334
1247	0.296695166325726
1248	0.296724619718669
1249	0.296762216618795
1250	0.296728593973515
1251	0.296750410222297
1252	0.296741662383949
1253	0.296747674965573
1254	0.296787735327072
1255	0.29678950527784
1256	0.296811381373476
1257	0.296797300086386
1258	0.296755241646063
1259	0.296736800845369
1260	0.296757860817075
1261	0.296801842041003
1262	0.296853884581855
1263	0.29688208720259
1264	0.296893874612268
1265	0.29689117179796
1266	0.296915197953315
1267	0.296976959082043
1268	0.296996835859498
1269	0.297015023594426
1270	0.297042450381992
1271	0.297039795410747
1272	0.297046891674411
1273	0.297054382555
1274	0.297088385364169
1275	0.29716044258106
1276	0.297193677355206
1277	0.297156212959266
1278	0.297164534435452
1279	0.297164845459403
1280	0.297188525906754
1281	0.297241302665264
1282	0.297280791624058
1283	0.29730466014477
1284	0.297360221152872
1285	0.297337452848478
1286	0.297401420716312
1287	0.297424314611713
1288	0.297450768870744
1289	0.297469533877621
1290	0.297451717426324
1291	0.297508374946573
1292	0.297533718402089
1293	0.297553160525285
1294	0.297565001200434
1295	0.29756837292518
1296	0.297477876106195
1297	0.297464479606012
1298	0.297585873007222
1299	0.297586804174565
1300	0.297651191687746
1301	0.297645010837737
1302	0.297566793950479
1303	0.297557781462964
1304	0.297551858676653
1305	0.297527078038394
1306	0.297542315407402
1307	0.297519673055817
1308	0.297590542800223
1309	0.29753905706124
1310	0.297545966801903
1311	0.297520009045309
1312	0.297480392929928
1313	0.297486615127901
1314	0.297519263428139
1315	0.297556717534852
1316	0.297573497035273
1317	0.297598484921587
1318	0.297594968363411
1319	0.297557294875521
1320	0.297567750540438
1321	0.297552608724531
1322	0.297551406691059
1323	0.297563190942263
1324	0.297567480595413
1325	0.297589243209365
1326	0.297623513205777
1327	0.297611836584326
1328	0.297670984134983
1329	0.297694825213116
1330	0.297708845760489
1331	0.297699532918062
1332	0.297718546809126
1333	0.297723908650088
1334	0.297751739884811
1335	0.297719086807884
1336	0.297696915986861
1337	0.297724450562685
1338	0.297772138774676
1339	0.297818274003253
1340	0.297876629018245
1341	0.29793337270773
1342	0.297953277845548
1343	0.297979463460749
1344	0.298057244816006
1345	0.298078434608586
1346	0.298083304401216
1347	0.298093290992002
1348	0.298137969461957
1349	0.298165496685264
1350	0.29816276968438
1351	0.298189723241365
1352	0.29823718746157
1353	0.298280186457899
1354	0.298294334256051
1355	0.298332818237708
1356	0.298368035027386
1357	0.298422594878254
1358	0.298485518435275
1359	0.298580344277446
1360	0.298579865658314
1361	0.298602085438851
1362	0.298624452090395
1363	0.298630047001986
1364	0.298625917761779
1365	0.298620788725711
1366	0.298629523431728
1367	0.298548329642781
1368	0.298528949992043
1369	0.298495276567147
1370	0.298426130603506
1371	0.298376677527749
1372	0.298268094585939
1373	0.298183134490645
1374	0.298078506432344
1375	0.297950974534342
1376	0.297798811619698
1377	0.29761400909026
1378	0.29741485286111
1379	0.297221735068492
1380	0.296964487133272
1381	0.296708336682221
1382	0.296352996328868
1383	0.295928848795039
1384	0.295527370072161
1385	0.295001025644791
1386	0.294530080927163
1387	0.294020721355436
1388	0.293551760937709
1389	0.293075281906838
1390	0.292565634483694
1391	0.292107666842778
1392	0.291717515014797
1393	0.291435134352439
1394	0.291204692640843
1395	0.29104182996362
1396	0.291023075601342
1397	0.291022450618925
1398	0.29105431948737
1399	0.291144592127741
1400	0.291266183243088
1401	0.2913979639707
1402	0.291607013197724
1403	0.291751570427971
1404	0.291905151953875
1405	0.292054267838177
1406	0.292186163874362
1407	0.292302921205164
1408	0.2924176284788
1409	0.292559367480172
1410	0.292756427917187
1411	0.29292319098216
1412	0.293059997720248
1413	0.293203041010958
1414	0.293334904583435
1415	0.293503139025882
1416	0.29372507788014
1417	0.293927033302785
1418	0.294126959096897
1419	0.294325745660058
1420	0.294495153930261
1421	0.294657477295227
1422	0.294818356357821
1423	0.295021314672366
1424	0.295227711019609
1425	0.295412993527829
1426	0.295582909512201
1427	0.295757189888686
1428	0.295843051538248
1429	0.296003979823482
1430	0.296133893509852
1431	0.296248434170097
1432	0.296387208297321
1433	0.296473443746431
1434	0.29659224639273
1435	0.296738275362929
1436	0.296854267333067
1437	0.296920234344173
1438	0.297016196876957
1439	0.297062130313838
1440	0.29714659606072
1441	0.297244060331133
1442	0.297337473059223
1443	0.297480886046192
1444	0.297583351634211
1445	0.297630272355443
1446	0.29769209636669
1447	0.297751376234163
1448	0.297810327407285
1449	0.297910076404272
1450	0.297978060600276
1451	0.298001921317632
1452	0.298058302540277
1453	0.298100212932415
1454	0.298127407909515
1455	0.298222773802217
1456	0.298276581854495
1457	0.298363173215205
1458	0.298434960993932
1459	0.298493693517702
1460	0.298533934988433
1461	0.298599003158058
1462	0.298593376897886
1463	0.298673013838595
1464	0.298724780842087
1465	0.298783313439839
1466	0.298842949479909
1467	0.298865916573633
1468	0.298923050502735
1469	0.298969702929703
1470	0.299026610600702
1471	0.299043429328418
1472	0.299100436369891
1473	0.299117390710751
1474	0.299160015036127
1475	0.299198275905846
1476	0.299159891499583
1477	0.299189178854771
1478	0.299215018359302
1479	0.299253534384507
1480	0.299341615919371
1481	0.299398622567638
1482	0.299418308191221
1483	0.299475569190128
1484	0.29951608269479
1485	0.299543004479408
1486	0.299568568310477
1487	0.299617127231151
1488	0.299649717012167
1489	0.299689282325962
1490	0.299739852007426
1491	0.299770384215952
1492	0.299790184753981
1493	0.299811581230465
1494	0.299822980742564
1495	0.299844466782263
1496	0.29987007408178
1497	0.299869912572168
1498	0.299829577328679
1499	0.299848049861652
1500	0.299917514022799
1501	0.299967391884021
1502	0.299997812759506
1503	0.300057324154943
1504	0.300016270922624
1505	0.300053984186314
1506	0.300053215880769
1507	0.300059589402807
1508	0.300103894682926
1509	0.300164048847963
1510	0.300194865912017
1511	0.300214125478025
1512	0.300212176075051
1513	0.300176756463085
1514	0.300138953362924
1515	0.300130977056746
1516	0.300146578881303
1517	0.300161157690373
1518	0.300195715253983
1519	0.300213369797821
1520	0.300179843339865
1521	0.300180901811841
1522	0.300206900043584
1523	0.300202218400402
1524	0.30021864133144
1525	0.300273400137836
1526	0.300302897455285
1527	0.300345324221708
1528	0.300384748205997
1529	0.300365883142026
1530	0.300415223858023
1531	0.300409983647242
1532	0.300426902574456
1533	0.300425703417257
1534	0.300432862189683
1535	0.30037836835082
1536	0.300362515669501
1537	0.300404328328984
1538	0.30040824604019
1539	0.300403201914987
1540	0.300407130321437
1541	0.30043334506131
1542	0.300437332743908
1543	0.300452763220467
1544	0.300456793676546
1545	0.300482735565685
1546	0.300506862993701
1547	0.30057694196882
1548	0.300591249115844
1549	0.300556169726521
1550	0.300560402611105
1551	0.30056043296039
1552	0.300564685673517
1553	0.300575801937409
1554	0.300610545356494
1555	0.300610852012094
1556	0.300622073976157
1557	0.30061307104275
1558	0.30061411342422
1559	0.30064041840403
1560	0.300641510892424
1561	0.300678940884792
1562	0.300669810124856
1563	0.300677884138811
1564	0.300668720000386
1565	0.300675510853319
1566	0.300680051224952
1567	0.30073579941774
1568	0.300750849564174
1569	0.300748001188729
1570	0.300749298540414
1571	0.300820419139801
1572	0.300842794850693
1573	0.300880001591505
1574	0.300892053244458
1575	0.300852911787435
1576	0.300854407129469
1577	0.30087133336288
1578	0.300883454034479
1579	0.300939828009202
1580	0.300941487604218
1581	0.300948581860445
1582	0.300985703833377
1583	0.300987361435273
1584	0.301024679862211
1585	0.301018361089126
1586	0.301016718166276
1587	0.301039818443246
1588	0.301059787367752
1589	0.301068584216046
1590	0.301099525616005
1591	0.301099863610321
1592	0.30114535971619
1593	0.301188130963048
1594	0.301233977971034
1595	0.30126448965373
1596	0.301299699680907
1597	0.301321084267216
1598	0.301334511050233
1599	0.30131294261062
1600	0.301304299177197
1601	0.301297258413859
1602	0.301273926015547
1603	0.301291068870215
1604	0.301278766950938
1605	0.301298552710238
1606	0.301297396005058
1607	0.301317053699298
1608	0.301315929029338
1609	0.30130850394897
1610	0.301303764393236
1611	0.301325500056587
1612	0.301347017215277
1613	0.301383518772346
1614	0.301393879135758
1615	0.301406446613406
1616	0.301443345199382
1617	0.30147783229331
1618	0.301499930797328
1619	0.301550572423225
1620	0.301584433439612
1621	0.301603035372874
1622	0.301637155554943
1623	0.301597918872094
1624	0.301570438326673
1625	0.301579558582708
1626	0.301590589615585
1627	0.301565091116483
1628	0.301587849337169
1629	0.301624851666811
1630	0.301624310339812
1631	0.301645038703247
1632	0.301632728211952
1633	0.301602692232435
1634	0.301602100368154
1635	0.301633618081389
1636	0.301680729429199
1637	0.30172954217392
1638	0.301777085681747
1639	0.30176873298362
1640	0.301788758522891
1641	0.301869447566777
1642	0.301913972121594
1643	0.301920287815847
1644	0.30193707058739
1645	0.301878788862252
1646	0.30185893841317
1647	0.301914344032746
1648	0.301935097715439
1649	0.301958441356074
1650	0.301979396388814
1651	0.301993431391112
1652	0.302039340433864
1653	0.302086392494138
1654	0.302157660157176
1655	0.302225110441294
1656	0.302305767972196
1657	0.302364878846823
1658	0.302384377361844
1659	0.302416344948396
1660	0.302461481609732
1661	0.302578921847402
1662	0.30261207208992
1663	0.302696576729536
1664	0.302776617365732
1665	0.302820390348568
1666	0.302905159595051
1667	0.302948916425492
1668	0.303038436770864
1669	0.303180995051453
1670	0.303219291142526
1671	0.303263566196573
1672	0.303349514900119
1673	0.30340773525897
1674	0.303481227310241
1675	0.303602852936457
1676	0.303707639739906
1677	0.303847212966544
1678	0.303953085684772
1679	0.304129014752704
1680	0.304262944762214
1681	0.304381245262498
1682	0.304485585565114
1683	0.304660286510445
1684	0.304793099750012
1685	0.304959873068208
1686	0.305094187756284
1687	0.305176413183579
1688	0.305312008459454
1689	0.305412635526623
1690	0.30554959507624
1691	0.305770577406001
1692	0.305895299470011
1693	0.306025774145153
1694	0.306109731156214
1695	0.306147431001383
1696	0.306203897990005
1697	0.306340517391443
1698	0.306461948435249
1699	0.306538956866449
1700	0.306586414373543
1701	0.306663947716036
1702	0.306729962667986
1703	0.306794118867825
1704	0.306860701869929
1705	0.306941839579408
1706	0.307070669328007
1707	0.307154822623966
1708	0.307237360288484
1709	0.307331285539656
1710	0.307372578640572
1711	0.307433994178777
1712	0.307557871380079
1713	0.307607291280604
1714	0.307630994896522
1715	0.307657601432033
1716	0.307766348904348
1717	0.307729142244034
1718	0.30767576908012
1719	0.307690501580158
1720	0.307618051760057
1721	0.307572489586638
1722	0.307582773792446
1723	0.307547201675604
1724	0.307466283932212
1725	0.307333216500971
1726	0.307268904843199
1727	0.307252420656163
1728	0.307135347879121
1729	0.307057909339889
1730	0.306972538364144
1731	0.306814731809908
1732	0.306720312280487
1733	0.306622311963377
1734	0.306509129980461
1735	0.306424941267525
1736	0.306224704109115
1737	0.306172822631781
1738	0.306057296004611
1739	0.305942520598334
1740	0.305971077431742
1741	0.305925440801417
1742	0.30585771604895
1743	0.305844679674945
1744	0.305779169366012
1745	0.305712928505396
1746	0.305699782688288
1747	0.305648553054727
1748	0.305618870037698
1749	0.305584068645646
1750	0.30550253528948
1751	0.305453000573609
1752	0.305365230971132
1753	0.305310699674269
1754	0.305205689254463
1755	0.305088180901352
1756	0.305025523788386
1757	0.304923605205801
1758	0.304839410042805
1759	0.304749040974396
1760	0.304773948683633
1761	0.304799753086782
1762	0.304797955747243
1763	0.304686628788062
1764	0.304543737612163
1765	0.304372648351846
1766	0.304265591457938
1767	0.304210016519269
1768	0.304115826791755
1769	0.304001797087253
1770	0.303859408697281
1771	0.303731922302827
1772	0.303645337995867
1773	0.303649750663323
1774	0.303592940190745
1775	0.303552706904731
1776	0.303559803576849
1777	0.303467214837612
1778	0.30338520340921
1779	0.303312654504232
1780	0.303248081620865
1781	0.303225742783288
1782	0.303216339149679
1783	0.303142598955777
1784	0.303117264193596
1785	0.30312278509554
1786	0.303087350161148
1787	0.30310018644576
1788	0.303093222588859
1789	0.303068425408484
1790	0.30299854873924
1791	0.303019348429961
1792	0.302980892276816
1793	0.302986084544317
1794	0.302958818754149
1795	0.302963967044172
1796	0.302924112003155
1797	0.302896602730488
1798	0.302902409263079
1799	0.302884836886219
1800	0.302865716496736
1801	0.302933200258686
1802	0.302925985762443
1803	0.302952306684528
1804	0.302922685231259
1805	0.302958957678304
1806	0.302896254261965
1807	0.302904086236326
1808	0.302918900947162
1809	0.303021478909465
1810	0.303079343750699
1811	0.303104599019256
1812	0.303066258864109
1813	0.302928534339275
1814	0.302942779908275
1815	0.302931369379009
1816	0.30290775181611
1817	0.302970963970107
1818	0.303038575196991
1819	0.30307295689229
1820	0.303042034619519
1821	0.303132950240223
1822	0.303092461150466
1823	0.303126386631049
1824	0.303156317420922
1825	0.303081614789441
1826	0.303135058115244
1827	0.303143955526842
1828	0.303194669305938
1829	0.30315699515432
1830	0.303198010363577
1831	0.303693855169635
1832	0.303594545347361
1833	0.303592168388829
1834	0.303758320493947
1835	0.30385461750491
1836	0.303884404322923
1837	0.303922724944779
1838	0.303944412151381
1839	0.303982235081999
1840	0.303843287330258
1841	0.303775665910134
1842	0.30380000075418
1843	0.303796977770053
1844	0.303795413564219
1845	0.303762241176951
1846	0.303726426636696
1847	0.303748086674818
1848	0.303810896664884
1849	0.303830214002523
1850	0.304004120982928
1851	0.304127298604974
1852	0.304025168834919
1853	0.304048928381447
1854	0.304094283685694
1855	0.30425216036302
1856	0.304303610558436
1857	0.304385288265421
1858	0.304356466633726
1859	0.304452058952532
1860	0.304402629705104
1861	0.304242171354905
1862	0.304126942573418
1863	0.304021516573055
1864	0.303737812662135
1865	0.303669636559361
1866	0.303753925043495
1867	0.303791050309458
1868	0.303930838120501
1869	0.303972972772314
1870	0.303895646749983
1871	0.303916961919798
1872	0.303916665008036
1873	0.303954678685037
1874	0.30394753759676
1875	0.30397045484407
1876	0.303963310929768
1877	0.303993042483842
1878	0.303897903857519
1879	0.303859274139774
1880	0.303800208877071
1881	0.303771763352267
1882	0.303748753666965
1883	0.3036909467166
1884	0.303623370465999
1885	0.303520568395583
1886	0.303411387537746
1887	0.303260210809817
1888	0.303169205959728
1889	0.303205378328751
1890	0.303129573691786
1891	0.303056755376853
1892	0.30293881678762
1893	0.302829272866015
1894	0.302669346294593
1895	0.30251372624022
1896	0.302345102261056
1897	0.30230275955816
1898	0.302183179444249
1899	0.302115050285141
1900	0.302105052726391
1901	0.302012541977851
1902	0.301759303411217
1903	0.301651960933208
1904	0.301652853690712
1905	0.301542536606619
1906	0.301274405353345
1907	0.30127703869734
1908	0.301230400352977
1909	0.301161921645214
1910	0.30113643852246
1911	0.301220781695344
1912	0.301213226912573
1913	0.30108473458775
1914	0.301032983873195
1915	0.301086639017232
1916	0.301070689970611
1917	0.300949609103552
1918	0.301033158154992
1919	0.30108531683339
1920	0.301175578667292
1921	0.301277587870599
1922	0.301513832781688
1923	0.301565294588943
1924	0.301634129639205
1925	0.301576732003524
1926	0.301390704902405
1927	0.30128384203551
1928	0.301235767866099
1929	0.301218018762791
1930	0.301295855011338
1931	0.301541893023255
1932	0.30155212677849
1933	0.30145640997839
1934	0.301379314504007
1935	0.301229497481256
1936	0.301181834763234
1937	0.301295639379068
1938	0.301314788304811
1939	0.301275913434552
1940	0.301156886338121
1941	0.301153087854108
1942	0.301161991411972
1943	0.301184308128986
1944	0.301331494143931
1945	0.301359594123405
1946	0.301304333419589
1947	0.301263284271009
1948	0.301322779739153
1949	0.301194564407824
1950	0.30121712205622
1951	0.301299396341749
1952	0.301333328986996
1953	0.301389513117031
1954	0.301443459694222
1955	0.301570157301958
1956	0.301523218284767
1957	0.301338775336361
1958	0.301246098835766
1959	0.30103644217862
1960	0.300978763538902
1961	0.30097820338891
1962	0.301199800899083
1963	0.301233559492049
1964	0.301332708199027
1965	0.301352287400885
1966	0.301198532564826
1967	0.301192684721295
1968	0.301216920322332
1969	0.301165654560813
1970	0.301185228302191
1971	0.301148331394609
1972	0.301171729982876
1973	0.301079970060369
1974	0.3011292167432
1975	0.301339318429815
1976	0.301446080118749
1977	0.30155418264152
1978	0.301615180814911
1979	0.301564891879749
1980	0.301597237736607
1981	0.301574259325547
1982	0.301600215653953
1983	0.30167279155325
1984	0.301848349806058
1985	0.301921092390498
1986	0.301835171045669
1987	0.301879161894065
1988	0.301883439023144
1989	0.301942188886339
1990	0.30207930695553
1991	0.302230866646443
1992	0.302381633893697
1993	0.302472873649217
1994	0.302564513853658
1995	0.30271320775976
1996	0.302831508055069
1997	0.302879890684027
1998	0.302958064621508
1999	0.302975016317107
2000	0.303050792089066
2001	0.303151546844647
2002	0.3032506040674
2003	0.303416696625991
2004	0.303496953204127
2005	0.303469637744362
2006	0.303508079193993
2007	0.303724973257617
2008	0.304052541144714
2009	0.304270349075025
2010	0.304665338619373
2011	0.3048866268996
2012	0.304879019402284
2013	0.304994563443352
2014	0.305178050555502
2015	0.305312437763981
2016	0.305382070312626
2017	0.305624691913906
2018	0.305872764749949
2019	0.3060774303861
2020	0.306187409700913
2021	0.306182057718341
2022	0.306310556505568
2023	0.306320952672567
2024	0.306506971493702
2025	0.306973033755987
2026	0.307256650306697
2027	0.307464336636944
2028	0.307544709075564
2029	0.307656614157341
2030	0.307684827681814
2031	0.307786382753269
2032	0.308013070849288
2033	0.308117491037406
2034	0.308144898369988
2035	0.308261215783492
2036	0.308316635745207
2037	0.308465771403469
2038	0.308735391343885
2039	0.308894499503986
2040	0.308932425636708
2041	0.309023069295449
2042	0.309141377731206
2043	0.309190355852408
2044	0.309367263566031
2045	0.309752676405562
2046	0.309911700845424
2047	0.310027943536673
2048	0.310126519670985
2049	0.310056126485231
2050	0.3100726920663
2051	0.310197155437644
2052	0.310229521720822
2053	0.310234032492583
2054	0.310368551270404
2055	0.310453778174242
2056	0.31048546875789
2057	0.310654317288287
2058	0.310739619889946
2059	0.31076875485424
2060	0.310687116043159
2061	0.310739661831466
2062	0.310805802786043
2063	0.310889528716105
2064	0.310986077770816
2065	0.31112545862238
2066	0.311133578385282
2067	0.31121746848538
2068	0.311260677710276
2069	0.311283020336769
2070	0.311338661739997
2071	0.311396327394767
2072	0.311498621244159
2073	0.311634085689249
2074	0.311703527316507
2075	0.311671447128565
2076	0.311666537575941
2077	0.311724579381207
2078	0.311751169396179
2079	0.311837169621108
2080	0.311870100301202
2081	0.311886340562046
2082	0.311858092643536
2083	0.311967828492451
2084	0.312082331489842
2085	0.312131393596072
2086	0.312136176769936
2087	0.312145727875801
2088	0.312107140722092
2089	0.312074890762843
2090	0.312017887748959
2091	0.312091170268737
2092	0.312251431218348
2093	0.312277002513989
2094	0.312371191921598
2095	0.312528034381328
2096	0.312539882170673
2097	0.31264284241293
2098	0.312706892989479
2099	0.312719201214729
2100	0.312638841182194
2101	0.312323642265428
2102	0.31233754609664
2103	0.31243487728464
2104	0.312487486548832
2105	0.312659087752582
2106	0.312700050739925
2107	0.312596822323354
2108	0.312426377330132
2109	0.312488247366803
2110	0.31258847387858
2111	0.312556767041915
2112	0.312653217718289
2113	0.312651968345776
2114	0.312546443207936
2115	0.3124700499686
2116	0.312405071575531
2117	0.312351038711702
2118	0.312279783563521
2119	0.31226904388228
2120	0.312292414797662
2121	0.31226913193608
2122	0.312362461862793
2123	0.312301993940555
2124	0.312170968952961
2125	0.312023433360773
2126	0.311731035381768
2127	0.311475402283721
2128	0.31142478532307
2129	0.311348149162305
2130	0.311302331339191
2131	0.311227174754341
2132	0.311044483563148
2133	0.310732690898779
2134	0.310425178124485
2135	0.309991487469606
2136	0.309626427852909
2137	0.309274979256444
2138	0.308888533584078
2139	0.308597917359444
2140	0.308279195918334
2141	0.307966088267934
2142	0.307798507824442
2143	0.307431491950971
2144	0.307011177150904
2145	0.30677759897146
2146	0.306436209930348
2147	0.306079779197991
2148	0.305732287908739
2149	0.305411813475556
2150	0.3050726965863
2151	0.304694716953037
2152	0.304301006424333
2153	0.30389720089067
2154	0.303530761816082
2155	0.303111501591068
2156	0.302586425620745
2157	0.302230439624153
2158	0.301750918536454
2159	0.301107904940128
2160	0.300604104999333
2161	0.300263081739134
2162	0.299907553454922
2163	0.29949315780993
2164	0.298986298941709
2165	0.298291760631856
2166	0.297710777349244
2167	0.297035046455858
2168	0.296557595105821
2169	0.296172471696035
2170	0.295852322570236
2171	0.295703554282464
2172	0.295387496768692
2173	0.295101714299807
2174	0.295009406467483
2175	0.294791667838299
2176	0.294629301209598
2177	0.294452795638137
2178	0.294310305242282
2179	0.294183696972977
2180	0.294082002474097
2181	0.294017613849221
2182	0.293848367447245
2183	0.293711991974198
2184	0.293609751732007
2185	0.293463247765896
2186	0.293309607730157
2187	0.293026154938272
2188	0.292456476013373
2189	0.292159349121886
2190	0.291887970649057
2191	0.291700729930218
2192	0.291519204786749
2193	0.291219627526289
2194	0.290677662568776
2195	0.29010481709105
2196	0.289791485794465
2197	0.289586906644104
2198	0.289137248078744
2199	0.288689834518941
2200	0.28831064005043
2201	0.287834615354156
2202	0.287355558679621
2203	0.286973854044989
2204	0.286629177300803
2205	0.286196112245716
2206	0.285914629920461
2207	0.285866106735464
2208	0.285650349411064
2209	0.285358802395508
2210	0.285111572066323
2211	0.285080561163677
2212	0.285098816599443
2213	0.285210585152959
2214	0.28531889798411
2215	0.285398834593009
2216	0.285558330849177
2217	0.285810169360393
2218	0.286130492992023
2219	0.286402935955266
2220	0.286708893661454
2221	0.286862780939136
2222	0.286991172588833
2223	0.287263764433576
2224	0.28762788892246
2225	0.28787361664571
2226	0.288147397459709
2227	0.288472562591098
2228	0.288558669088971
2229	0.288827983757306
2230	0.289274561006851
2231	0.289551741368258
2232	0.289677102642219
2233	0.290087650522765
2234	0.290508217251704
2235	0.290907601887471
2236	0.291429837973797
2237	0.291881163539669
2238	0.292217443943175
2239	0.292619595456943
2240	0.292888939609159
2241	0.293276255958341
2242	0.293972017329768
2243	0.294536673191527
2244	0.295159583883731
2245	0.295991960881448
2246	0.296588666696675
2247	0.296849146941757
2248	0.297382722706246
2249	0.297962111856463
2250	0.298539440762192
2251	0.29930684071338
2252	0.299991473724598
2253	0.300707880718585
2254	0.301276357481223
2255	0.301760002868461
2256	0.302361619406351
2257	0.303120693049813
2258	0.303773259152211
2259	0.304551070245937
2260	0.305366474922161
2261	0.305725595124365
2262	0.305992494956592
2263	0.306518954683686
2264	0.306951574371052
2265	0.307263165578652
2266	0.307633602609911
2267	0.307916648424102
2268	0.308206377184933
2269	0.308509504090413
2270	0.309065609392752
2271	0.309391697956107
2272	0.309495042605815
2273	0.309667737659737
2274	0.309663542708291
2275	0.309919982634837
2276	0.310306185701422
2277	0.310535557137385
2278	0.310924099986738
2279	0.311171766708361
2280	0.311229748340379
2281	0.311234657165338
2282	0.311291484948203
2283	0.311193273996617
2284	0.311363718809009
2285	0.311728169278555
2286	0.311931156108145
2287	0.312267738851416
2288	0.312567684643708
2289	0.312706698268579
2290	0.312680440525688
2291	0.31270971855615
2292	0.312798494509345
2293	0.312878470058858
2294	0.313176106852347
2295	0.313618197108159
2296	0.31395208385529
2297	0.314162601050613
2298	0.314449057082058
2299	0.314797664224903
2300	0.315111838504793
2301	0.315518275574761
2302	0.315610065204183
2303	0.315417839596433
2304	0.315388142162811
2305	0.315282853167993
2306	0.31514690896919
2307	0.31523226991898
2308	0.315193145679897
2309	0.314901792608405
2310	0.314720012390218
2311	0.314501500957697
2312	0.314565931485541
2313	0.314580033580705
2314	0.314173621908089
2315	0.313682271030018
2316	0.313249922011708
2317	0.312773886629677
2318	0.31234707818555
2319	0.312245411307242
2320	0.311810350297982
2321	0.311284555223896
2322	0.311188434588527
2323	0.310912025651451
2324	0.310975454754655
2325	0.311227232042963
2326	0.31108741860614
2327	0.310909092548384
2328	0.310515948443624
2329	0.310312074658409
2330	0.31004689504846
2331	0.309857805704688
2332	0.309624703526748
2333	0.309678603914621
2334	0.309839244686345
2335	0.309950037800731
2336	0.310318903006432
2337	0.310609487449999
2338	0.310771985626055
2339	0.310931168032624
2340	0.311201585845707
2341	0.311283800056795
2342	0.311247433278479
2343	0.311149012363319
2344	0.310814024325075
2345	0.31070850896014
2346	0.310703413778941
2347	0.310990685262798
2348	0.310871195111409
2349	0.31082098343251
2350	0.310458543027056
2351	0.309793811591966
2352	0.309589200964266
2353	0.309595478489404
2354	0.309096872908318
2355	0.308595381593612
2356	0.308239677959023
2357	0.307662853550451
2358	0.307516059592744
2359	0.307533568992431
2360	0.307174246939692
2361	0.306596416494527
2362	0.305945896203747
2363	0.305241143643867
2364	0.30461443096701
2365	0.30449921205286
2366	0.304137343158308
2367	0.3039244286054
2368	0.303556478279741
2369	0.303078576674516
2370	0.302654514958432
2371	0.302431100631674
2372	0.301999755457219
2373	0.30164006731059
2374	0.301321189681244
2375	0.300849995115291
2376	0.300266142568234
2377	0.299459088855976
2378	0.298906364965794
2379	0.298297020012374
2380	0.297900893688257
2381	0.297918710365401
2382	0.297568536764474
2383	0.296963763829519
2384	0.296522428548676
2385	0.296069891516828
2386	0.295565839199027
2387	0.295239825285273
2388	0.294779289487833
2389	0.294358121897412
2390	0.293851711371086
2391	0.293161958641072
2392	0.292676618240053
2393	0.292217910539394
2394	0.291847423362206
2395	0.291777381996522
2396	0.291526357528738
2397	0.29085401423175
2398	0.290595172529581
2399	0.290416953121524
2400	0.290353249598427
2401	0.290409371479862
2402	0.290311264048621
2403	0.289604673870065
2404	0.288994777338768
2405	0.288774538858056
2406	0.288419793289529
2407	0.28851838217694
2408	0.288640090419613
2409	0.288241137869237
2410	0.287836921866482
2411	0.287448520592185
2412	0.286906251953566
2413	0.286801782745993
2414	0.286986236987895
2415	0.286936037609217
2416	0.287053503122696
2417	0.286926932882877
2418	0.286576050937947
2419	0.286366055907376
2420	0.285987939124276
2421	0.285666374598048
2422	0.285753780030603
2423	0.285876024963285
2424	0.285789501692711
2425	0.285803330293442
2426	0.285913003687296
2427	0.285846430424791
2428	0.285810360686654
2429	0.285769781353615
2430	0.285578712846029
2431	0.285341396392542
2432	0.285099880998875
2433	0.284828534992226
2434	0.284277891735574
2435	0.284382381650822
2436	0.285036887963024
2437	0.284916684854293
2438	0.284797975737827
2439	0.284718711518571
2440	0.284128790794762
2441	0.283940196167929
2442	0.284351129834499
2443	0.284672537403887
2444	0.284968148801374
2445	0.285237659276866
2446	0.285824681094184
2447	0.285949104562492
2448	0.285471468782666
2449	0.285266316081293
2450	0.285017134214275
2451	0.28488559311736
2452	0.28482381768339
2453	0.284544532832476
2454	0.28399394184025
2455	0.283526851413035
2456	0.282973074291208
2457	0.282724262837553
2458	0.28254784551003
2459	0.282443116302164
2460	0.282514804038076
2461	0.282374945676901
2462	0.28209135868527
2463	0.282014551380201
2464	0.281774928525654
2465	0.281485272884988
2466	0.281030798855201
2467	0.280746749950446
2468	0.280130171700304
2469	0.279904794103859
2470	0.279981205406519
2471	0.279914510156542
2472	0.279944304430151
2473	0.279782482519011
2474	0.279266061066053
2475	0.278956701712989
2476	0.278522296418378
2477	0.277981418584059
2478	0.277119784944741
2479	0.276627798994333
2480	0.275560938436173
2481	0.275337538782935
2482	0.276375472878761
2483	0.276397293420692
2484	0.276272123416054
2485	0.276133713745496
2486	0.275342010950279
2487	0.274850243157306
2488	0.275100208796357
2489	0.275054154499272
2490	0.274986221183268
2491	0.274729671601535
2492	0.274355184152533
2493	0.274091624512315
2494	0.27375695415674
2495	0.273157898067629
2496	0.272522575930361
2497	0.272158304017911
2498	0.271112194306094
2499	0.270727773348973
2500	0.270849452719892
