350	0.270469474449574
351	0.244899714699431
352	0.273709402576755
353	0.254228409224734
354	0.244336737961066
355	0.253647755718764
356	0.273757481313953
357	0.266234795356393
358	0.238003717624634
359	0.219435505299519
360	0.22781816392244
361	0.234143203047623
362	0.232090964254899
363	0.230265673476697
364	0.236086391951038
365	0.23500477534466
366	0.233938679828284
367	0.222808420358978
368	0.225006339667878
369	0.232940845740482
370	0.233881777709869
371	0.221913652196534
372	0.222504072159307
373	0.235191088166037
374	0.235868696840715
375	0.224113675747664
376	0.212323559970604
377	0.217844830244948
378	0.221911820352562
379	0.206359494246166
380	0.211624642163059
381	0.219697286974294
382	0.218076578927746
383	0.206987503141349
384	0.204816070346745
385	0.210536779751363
386	0.214978908440265
387	0.213258435878376
388	0.199515721678898
389	0.203528409243921
390	0.215065405465392
391	0.209335481089911
392	0.203659223832639
393	0.205237518866804
394	0.210084434558282
395	0.208239278553913
396	0.206627322703415
397	0.204126917855126
398	0.208495867411121
399	0.21361442192257
400	0.21072616054188
401	0.206464195972925
402	0.209082847176317
403	0.212827660721336
404	0.209851556661937
405	0.205925577303963
406	0.205809727929084
407	0.209863606506704
408	0.20787383065174
409	0.203928627493022
410	0.203982979801829
411	0.208362890249944
412	0.206381154563295
413	0.206001951260655
414	0.20506418376072
415	0.205385343344515
416	0.204840490296656
417	0.203130059032472
418	0.200774444317421
419	0.202907894527533
420	0.204262314018277
421	0.20323226482973
422	0.20291411924979
423	0.20205815325282
424	0.203359210471982
425	0.202145755613307
426	0.200642518277797
427	0.20106334640057
428	0.201372916059951
429	0.201317386974069
430	0.200350114883296
431	0.19936457791985
432	0.200466741312252
433	0.201749252515057
434	0.200142387814479
435	0.199212074711137
436	0.199834648725743
437	0.200539189054899
438	0.200383647636904
439	0.200326278863089
440	0.200054218133271
441	0.201190687333927
442	0.200971845027736
443	0.201036369336186
444	0.201302699886027
445	0.20216984102742
446	0.201968884529357
447	0.201384125060423
448	0.20151580271882
449	0.202665259458752
450	0.20253532231634
451	0.201985401037039
452	0.202024341063695
453	0.202908969717605
454	0.203176391056274
455	0.203089475688266
456	0.202780751248587
457	0.203014850078523
458	0.203437871279436
459	0.203629913955559
460	0.20275501177744
461	0.203094819725624
462	0.20391332670202
463	0.203686478529204
464	0.203045831597068
465	0.203238982595916
466	0.203787240475048
467	0.204129620480637
468	0.203458715833125
469	0.203010416211969
470	0.203806875447881
471	0.203982017751176
472	0.203844086163885
473	0.203937680666275
474	0.203989827640426
475	0.204401817515326
476	0.20443812795486
477	0.203840283812397
478	0.203937808233595
479	0.205062505390518
480	0.205566548989544
481	0.205468781833466
482	0.205164613267256
483	0.205569975604815
484	0.206066064599135
485	0.205390972905776
486	0.205128107261072
487	0.205821988696832
488	0.206540015788822
489	0.206662602712046
490	0.206380022207303
491	0.206713117896076
492	0.207312633935265
493	0.207354959744371
494	0.207423551692294
495	0.207677442792578
496	0.20837402251713
497	0.208756042290189
498	0.208389909448667
499	0.20835957530251
500	0.209315834577947
501	0.21002509624536
502	0.210379730823776
503	0.210432293366414
504	0.210381396026069
505	0.210937140449323
506	0.211752986593698
507	0.211508059795947
508	0.211953946505404
509	0.212718911571941
510	0.213141685692425
511	0.213041472396665
512	0.213305198874309
513	0.213896428245624
514	0.214560185256234
515	0.214571722383718
516	0.214883300722661
517	0.215297845663919
518	0.215680486505682
519	0.21606437839887
520	0.216195685986908
521	0.216388456956188
522	0.216935356959043
523	0.217313249703273
524	0.217756823099638
525	0.218300126339714
526	0.218788202588694
527	0.219109024904978
528	0.219435437333002
529	0.219574952223282
530	0.220076169876787
531	0.220643561521919
532	0.221003969178681
533	0.221288465504096
534	0.221848360849838
535	0.222422423509871
536	0.222888933557715
537	0.222958473766573
538	0.223226082378618
539	0.223876027398129
540	0.224419453476306
541	0.224451452512421
542	0.224884369610209
543	0.225507823118602
544	0.225859156088362
545	0.226191764995768
546	0.226529789258483
547	0.227072284615143
548	0.227603973570033
549	0.22801824303734
550	0.228432097734431
551	0.228756848104205
552	0.229273222866802
553	0.229853176155859
554	0.230272828115402
555	0.230672860147121
556	0.231278919377288
557	0.231816334073913
558	0.231988075354509
559	0.232421747328504
560	0.232970817312922
561	0.233570487513515
562	0.233894484250372
563	0.234270834960868
564	0.23486422834369
565	0.235468938082165
566	0.235985738566475
567	0.23633978871797
568	0.236678453602783
569	0.237109034451311
570	0.237692556991801
571	0.238169639863092
572	0.238421595837225
573	0.238840869530841
574	0.239394279464503
575	0.239851770355635
576	0.239993407517154
577	0.240398489886829
578	0.240919481584131
579	0.24131648722408
580	0.241555049812398
581	0.241896730173131
582	0.242309919142778
583	0.242876692634146
584	0.243123656008167
585	0.243461838703803
586	0.243797597210686
587	0.244282775172549
588	0.244577940919555
589	0.244761166469212
590	0.245080637789679
591	0.245527772953866
592	0.245803350504885
593	0.2460569659641
594	0.246323544467468
595	0.246695186514514
596	0.247082599069157
597	0.247370439517134
598	0.247479686608364
599	0.247806647525949
600	0.248145516439659
601	0.248366088393957
602	0.248516652252719
603	0.248751231042017
604	0.249167277402629
605	0.249578299697048
606	0.249794089247588
607	0.249931035162177
608	0.250190472304455
609	0.25057399801467
610	0.250797319486129
611	0.251063913544478
612	0.251290847304689
613	0.251649336206291
614	0.251951391770562
615	0.252221506285992
616	0.252539057843853
617	0.252798862092562
618	0.253027664913124
619	0.253126059706765
620	0.253363383514564
621	0.253777767379006
622	0.254113325753255
623	0.254394864147643
624	0.254612218272454
625	0.254856641784212
626	0.25524098834389
627	0.255474143232436
628	0.255681531908486
629	0.255945648898968
630	0.256208886257607
631	0.256548182289819
632	0.256722320258449
633	0.256862130948333
634	0.257109925935459
635	0.257433965085299
636	0.257676226994575
637	0.257820281393708
638	0.258018296628178
639	0.258447999770445
640	0.258692510680422
641	0.258780984664846
642	0.259060214942557
643	0.259341144609391
644	0.259572959196069
645	0.259716238507515
646	0.259814444220647
647	0.260016047395734
648	0.260314961316568
649	0.260456363612871
650	0.260572641675785
651	0.260809312040453
652	0.261107004021435
653	0.261203290129917
654	0.261272133407218
655	0.261505607240422
656	0.261741933700379
657	0.26184682011841
658	0.261912677831289
659	0.26203890363833
660	0.262351503799354
661	0.262610739341779
662	0.262687960693639
663	0.262849822316263
664	0.263112920610239
665	0.263331409902154
666	0.263524396405659
667	0.263545059056897
668	0.263738468987774
669	0.264003611190554
670	0.264244370186457
671	0.264449538527396
672	0.264587229149538
673	0.264804049953404
674	0.265079325260783
675	0.265220352437179
676	0.265333395784012
677	0.265570596775984
678	0.265843395983874
679	0.266072456024061
680	0.266193686078286
681	0.266372577666037
682	0.266649867650891
683	0.266877841621901
684	0.266980600859551
685	0.267175944018218
686	0.267400668947122
687	0.267610251977341
688	0.267734356099699
689	0.267900939672049
690	0.268053016424213
691	0.268274205646586
692	0.268413074642268
693	0.268617575185071
694	0.269023692867092
695	0.269621996849293
696	0.270305325228344
697	0.270616278543557
698	0.270550651946741
699	0.270318819103373
700	0.270193122825501
701	0.270222404017628
702	0.270430879134566
703	0.270683748783757
704	0.27085354527318
705	0.271010831661985
706	0.271211677150562
707	0.27141434255396
708	0.271644347781746
709	0.271846627486702
710	0.271918500050588
711	0.272129921305959
712	0.272339296301691
713	0.27251707929082
714	0.272664259324219
715	0.272887782587959
716	0.273103204124452
717	0.273361991837284
718	0.273496489010453
719	0.273565131421499
720	0.273701185984563
721	0.273857115811582
722	0.273980214627183
723	0.274154211020777
724	0.274265189119806
725	0.274514798758867
726	0.274675954267647
727	0.274762253434231
728	0.274932856456499
729	0.275135076994205
730	0.275355388440468
731	0.275440311139754
732	0.275533363335623
733	0.275711829720058
734	0.275899879978563
735	0.276069783111385
736	0.27618086600848
737	0.276350603778189
738	0.276572988812209
739	0.276746119278666
740	0.276815700284299
741	0.276936962242172
742	0.277130960985652
743	0.277312580997803
744	0.277376368998073
745	0.277519509893607
746	0.277735731784017
747	0.277896312123383
748	0.278005813075321
749	0.278112345020574
750	0.278233753604144
751	0.278408715385735
752	0.27856537030745
753	0.278656802803979
754	0.278757611402772
755	0.278926674880697
756	0.279052887457485
757	0.279122365666482
758	0.279231376834937
759	0.279378261619583
760	0.279510883778921
761	0.279599398016707
762	0.27960716678756
763	0.279662741392872
764	0.279796758907847
765	0.279833795742372
766	0.279943499658223
767	0.280093776966367
768	0.2803037200365
769	0.280483714900442
770	0.280636363979473
771	0.280775905496478
772	0.280984231690284
773	0.281128909545869
774	0.281201224613192
775	0.28129680230203
776	0.281418908899113
777	0.28156201802173
778	0.281648404891507
779	0.281754876385508
780	0.281870836205449
781	0.282002272426726
782	0.282087788584888
783	0.28213142158617
784	0.282218281442065
785	0.282356930460843
786	0.282451088103123
787	0.282527553073063
788	0.282618349364971
789	0.28277125674258
790	0.282885181163419
791	0.282912424837581
792	0.283028321179944
793	0.283172705924929
794	0.283307215521143
795	0.283373424384923
796	0.283472436030108
797	0.283597454376254
798	0.283715425702708
799	0.283807872914614
800	0.283876917444465
801	0.283997838679341
802	0.284113852139504
803	0.284192629794599
804	0.284234163939854
805	0.284335003537542
806	0.284448000379137
807	0.284588937686904
808	0.284680945438768
809	0.284771988772755
810	0.284962380816785
811	0.285065618165786
812	0.285114896862132
813	0.285171601172127
814	0.285306337962076
815	0.285494765198942
816	0.285615517304364
817	0.285631618519428
818	0.285745634405549
819	0.285880066013574
820	0.286007178132065
821	0.286033553206958
822	0.286163180226155
823	0.286324282435623
824	0.286459791843707
825	0.286491555843984
826	0.28655028468987
827	0.286680856847505
828	0.286801154834751
829	0.286858692868557
830	0.286941865690626
831	0.287071460777731
832	0.287154421705768
833	0.287219507713924
834	0.287247208115803
835	0.287321220303848
836	0.287476551298826
837	0.287581271774956
838	0.287643629845658
839	0.28769817882881
840	0.287832761518765
841	0.287966161784449
842	0.287970005294757
843	0.287962161788651
844	0.288092450307535
845	0.288197237113545
846	0.288234382688923
847	0.288256022487713
848	0.288324662573101
849	0.288447737060056
850	0.288523713484137
851	0.288541333957105
852	0.288603155803697
853	0.288778163773808
854	0.288872316199641
855	0.288743337904756
856	0.288897824817651
857	0.289070614616642
858	0.289117099763971
859	0.289101704800483
860	0.289163422535032
861	0.289267670399429
862	0.289439347135378
863	0.289457896543133
864	0.28947010244189
865	0.28952091009664
866	0.289668744429337
867	0.289757216182482
868	0.289820847263874
869	0.289982864997701
870	0.290111833094572
871	0.290121930467391
872	0.290054902846566
873	0.29018295927048
874	0.29040800239524
875	0.290493037262502
876	0.29047732391525
877	0.29051877868966
878	0.290699906480776
879	0.290897351346362
880	0.29098746981931
881	0.291064220219907
882	0.29116500855795
883	0.291408550434955
884	0.291439144845497
885	0.291503959053833
886	0.291569992671231
887	0.291821467378716
888	0.291884186304442
889	0.291950635560797
890	0.292194753643127
891	0.292389880531939
892	0.29231931981538
893	0.292400164582398
894	0.292646579918497
895	0.292818236931344
896	0.292813733234707
897	0.292793942671302
898	0.292919120218093
899	0.2932358379078
900	0.293263940219973
901	0.293271483366861
902	0.293294258240994
903	0.293460160063136
904	0.293565953448917
905	0.293648301059551
906	0.293738260986536
907	0.293944949570789
908	0.294057523982532
909	0.294100953501869
910	0.294078358035787
911	0.294131394807037
912	0.294362392501972
913	0.294487252280368
914	0.294524147434635
915	0.29465867832188
916	0.294857823196707
917	0.294877281527319
918	0.294923688211674
919	0.295035061434949
920	0.295266138447609
921	0.295346694204053
922	0.295320240031521
923	0.295417046745122
924	0.295629461714306
925	0.295695558564262
926	0.295599718133642
927	0.295584318907762
928	0.29594082267812
929	0.296063042585213
930	0.296056005857734
931	0.296067277835606
932	0.296324206135522
933	0.296457959408235
934	0.296383398391031
935	0.29632042870172
936	0.296591960827561
937	0.296793322318259
938	0.296779001231007
939	0.296731591196898
940	0.296971498880035
941	0.297044418537307
942	0.296965750581492
943	0.297069207621699
944	0.297301948995194
945	0.297344662641772
946	0.297353950912736
947	0.297169112661806
948	0.297376832348107
949	0.297726925832681
950	0.297624149421884
951	0.297455467450723
952	0.297665049730107
953	0.297898055901876
954	0.297924822994775
955	0.297831826631121
956	0.297966369796109
957	0.29825131077408
958	0.298476094109541
959	0.298467153454371
960	0.298432082829207
961	0.298665368754111
962	0.298764540936728
963	0.298695838604473
964	0.298697059472826
965	0.299064531849216
966	0.299261001398341
967	0.299196088861304
968	0.299136005937738
969	0.299475705792983
970	0.299668731939006
971	0.299680907180417
972	0.299546346573186
973	0.299817797559156
974	0.300222914968145
975	0.299915073288656
976	0.299799360685707
977	0.300168024097041
978	0.300639989427411
979	0.300560406460425
980	0.300408657782182
981	0.300438356640145
982	0.300886166631644
983	0.300635780378672
984	0.300459831073391
985	0.300898566001888
986	0.30124627289291
987	0.301081872134399
988	0.301072512218281
989	0.301190036748032
990	0.301379955627225
991	0.301408334900875
992	0.301410895625772
993	0.30164765032226
994	0.301877323731796
995	0.301869962074485
996	0.301871347276523
997	0.302211228991782
998	0.302310589799848
999	0.302282657933031
1000	0.301818206914109
1001	0.301165176295503
1002	0.301194970053566
1003	0.301208281008576
1004	0.301295647768139
1005	0.301337565523924
1006	0.301521532151303
1007	0.301598974082559
1008	0.301697713287593
1009	0.30177308325944
1010	0.301825791677668
1011	0.30189944483674
1012	0.302011272851385
1013	0.30208288218773
1014	0.302137542921661
1015	0.302306313422579
1016	0.302339269183497
1017	0.302490594246247
1018	0.302522042667447
1019	0.302684461499393
1020	0.302829259623999
1021	0.302740982617925
1022	0.302883725343824
1023	0.302850186429797
1024	0.302922645944467
1025	0.302918386748669
1026	0.303100355991404
1027	0.303280442763949
1028	0.303282226313862
1029	0.303392773785547
1030	0.303417308879816
1031	0.303385629837469
1032	0.303348257352243
1033	0.303497464024008
1034	0.303686806556639
1035	0.303832137153491
1036	0.304034127835277
1037	0.304040548099283
1038	0.303848098364973
1039	0.303886651115826
1040	0.303932791269777
1041	0.303970391146727
1042	0.304147945856324
1043	0.304261980617407
1044	0.304327271012355
1045	0.304452115386211
1046	0.304545512981766
1047	0.304742531832496
1048	0.304862962772441
1049	0.304866623673012
1050	0.304947626966396
1051	0.305089653086695
1052	0.305168707494885
1053	0.305245978937769
1054	0.305352256363228
1055	0.305450910836592
1056	0.305422187566503
1057	0.305530514047757
1058	0.305624090718495
1059	0.305803965947803
1060	0.305930771024029
1061	0.306037756875118
1062	0.306173994337579
1063	0.306258388147494
1064	0.306327524879543
1065	0.306417432584345
1066	0.306629579113922
1067	0.306642736017321
1068	0.306688509492471
1069	0.306802153811562
1070	0.306786961164233
1071	0.306872680146457
1072	0.307052453516035
1073	0.30713187319557
1074	0.307158023583388
1075	0.307242466966429
1076	0.307347833296877
1077	0.307374218390295
1078	0.307464394962066
1079	0.30765001986706
1080	0.307723983855336
1081	0.30773109497752
1082	0.307784906811453
1083	0.307860703897769
1084	0.307926984753641
1085	0.30799927587111
1086	0.308075723352569
1087	0.308136087139345
1088	0.308270790850669
1089	0.3082646288525
1090	0.308352021528346
1091	0.308435182641648
1092	0.308534383414225
1093	0.308691082771234
1094	0.30881248882307
1095	0.308824887799942
1096	0.308943969565971
1097	0.308976334834458
1098	0.309051413157039
1099	0.309140879277213
1100	0.309215593927
1101	0.309295215821338
1102	0.309358385951081
1103	0.30943862331019
1104	0.309562315116307
1105	0.30969235042124
1106	0.309822982001469
1107	0.309906603018131
1108	0.309994234921323
1109	0.310063238182561
1110	0.310134120557024
1111	0.310123857948841
1112	0.310193416221809
1113	0.310300442346316
1114	0.310377634512387
1115	0.310465932510957
1116	0.310668078885223
1117	0.310723620770631
1118	0.310727169571501
1119	0.31083005030779
1120	0.31090230352212
1121	0.310968956123516
1122	0.311041270893197
1123	0.311166394239884
1124	0.311218544411905
1125	0.311341551677351
1126	0.311421884855988
1127	0.311453457409459
1128	0.311483408655999
1129	0.311478507545847
1130	0.311594680465625
1131	0.311671059163824
1132	0.311782013019307
1133	0.311945995490524
1134	0.31198760196337
1135	0.312027542111872
1136	0.312121092031076
1137	0.312176196129899
1138	0.312260991897022
1139	0.312308741387847
1140	0.312366943913063
1141	0.312452732669657
1142	0.312532490410791
1143	0.312607608586144
1144	0.312670330063327
1145	0.312730441661036
1146	0.312803405087194
1147	0.312808280428421
1148	0.312896964173683
1149	0.312975361357251
1150	0.313110804139459
1151	0.313167605224964
1152	0.313265343884313
1153	0.313356652827117
1154	0.313380365402909
1155	0.313400930675627
1156	0.3134969768151
1157	0.313588423111932
1158	0.313666819210186
1159	0.31371566751906
1160	0.313834555864736
1161	0.31386746513703
1162	0.313951044335448
1163	0.314081261711274
1164	0.314186884128926
1165	0.314254118842573
1166	0.314330139933161
1167	0.314408996188617
1168	0.314525468717601
1169	0.314634944376538
1170	0.31470363540098
1171	0.314727573016253
1172	0.31476935482794
1173	0.31486239143635
1174	0.314966753836792
1175	0.315064249086737
1176	0.315182598459007
1177	0.315258782446018
1178	0.315351202813192
1179	0.315421889551963
1180	0.315434466690098
1181	0.315528072165015
1182	0.31556096545782
1183	0.315643649288629
1184	0.315742098716731
1185	0.315846877150953
1186	0.315900455092669
1187	0.315995852739684
1188	0.316021732553976
1189	0.316070466932475
1190	0.316173191864032
1191	0.316214511543168
1192	0.316259888609999
1193	0.31631817164444
1194	0.316400899653243
1195	0.31643207432157
1196	0.316485258050169
1197	0.316502727597493
1198	0.31654114572371
1199	0.316616201174839
1200	0.316652363954212
1201	0.316651854098081
1202	0.316743943154619
1203	0.316798132404072
1204	0.316830478709156
1205	0.316872737668032
1206	0.316938349691516
1207	0.316967943871337
1208	0.317025041974316
1209	0.317104063116335
1210	0.317166370327248
1211	0.317230900998
1212	0.31729062481161
1213	0.317340752267056
1214	0.317345685737202
1215	0.317381519950635
1216	0.317377217882684
1217	0.317425303515743
1218	0.317489377955149
1219	0.317535506992992
1220	0.317539795684473
1221	0.317591917737081
1222	0.317592535246724
1223	0.317606292731394
1224	0.317679023762266
1225	0.317781746740219
1226	0.31785041250282
1227	0.317934315753289
1228	0.318001128815178
1229	0.317998297259119
1230	0.318077374462709
1231	0.318151848413509
1232	0.318216843887681
1233	0.318296273525705
1234	0.318283974282391
1235	0.318386366392926
1236	0.31839867037667
1237	0.318465944234007
1238	0.318529205501927
1239	0.318524957789988
1240	0.31857421242796
1241	0.318659855077137
1242	0.318727769682906
1243	0.318767056133704
1244	0.318810848755246
1245	0.318897210783428
1246	0.318969935497167
1247	0.319030021330637
1248	0.319115511258524
1249	0.31920041904753
1250	0.319241453678276
1251	0.319324854174093
1252	0.319363672793694
1253	0.319433195954927
1254	0.319485202028238
1255	0.319501967566008
1256	0.319502809035937
1257	0.319556932968293
1258	0.31961217153662
1259	0.319691404695204
1260	0.319774201879221
1261	0.319839638093562
1262	0.319875895728272
1263	0.319966601650663
1264	0.320052206182733
1265	0.32006924007781
1266	0.320119592128705
1267	0.320143254149386
1268	0.320204865923287
1269	0.320211114312053
1270	0.320231945992887
1271	0.320296766708959
1272	0.320354293367663
1273	0.320415968005036
1274	0.320469287833862
1275	0.320608493636127
1276	0.320657882819401
1277	0.320693904887598
1278	0.320766472231753
1279	0.32084658133677
1280	0.320902497077722
1281	0.32095474256332
1282	0.320966175624843
1283	0.321008483493174
1284	0.321071290033103
1285	0.321077801810595
1286	0.321139847199903
1287	0.321215699088521
1288	0.32123673102158
1289	0.32131206611384
1290	0.321361854992718
1291	0.321381141551605
1292	0.321424716952374
1293	0.321459628992763
1294	0.321454607261861
1295	0.321535860277138
1296	0.321605602067157
1297	0.321649431143818
1298	0.321754168110952
1299	0.32183285598905
1300	0.32182036024041
1301	0.321847956499016
1302	0.321910730948438
1303	0.322005775564464
1304	0.322041516305498
1305	0.322073614403487
1306	0.322036882353695
1307	0.322107839074281
1308	0.322173921087813
1309	0.322241951027362
1310	0.322326006333018
1311	0.32245023304136
1312	0.322484418254819
1313	0.32256472884605
1314	0.322563361870581
1315	0.322542584559034
1316	0.322563698561491
1317	0.322559531932876
1318	0.32261515664246
1319	0.322702218694704
1320	0.322719593207578
1321	0.322767666866012
1322	0.322803619529572
1323	0.322789207827711
1324	0.322802962789982
1325	0.322844734894048
1326	0.322848589217029
1327	0.322934879172445
1328	0.322968439232264
1329	0.322998705688749
1330	0.323020950822357
1331	0.323021643765331
1332	0.322995595592926
1333	0.323007343689419
1334	0.322976043750668
1335	0.32301224277593
1336	0.323049542827099
1337	0.323043802486963
1338	0.323036651446363
1339	0.323007689395157
1340	0.323024448197515
1341	0.323024831641484
1342	0.323036378067664
1343	0.323050873385284
1344	0.323160619207151
1345	0.323172890291469
1346	0.32318828421594
1347	0.323200189547203
1348	0.323165476913989
1349	0.323167023612134
1350	0.32316015243113
1351	0.323208890737306
1352	0.323208214264881
1353	0.32321948812455
1354	0.323276555887486
1355	0.323309163529889
1356	0.323263378072232
1357	0.323285830359289
1358	0.323288738291114
1359	0.323308515099115
1360	0.323326827740157
1361	0.323350567445014
1362	0.323353936892705
1363	0.323337547080945
1364	0.323326541096158
1365	0.323318003979778
1366	0.32329705208288
1367	0.323241825244372
1368	0.323198622609813
1369	0.323094359711922
1370	0.323016010114935
1371	0.322866208630988
1372	0.322723042633797
1373	0.322558603348003
1374	0.322382020352266
1375	0.322199528069415
1376	0.321969367254388
1377	0.321718264421989
1378	0.32138589597241
1379	0.32104935904695
1380	0.320638045214638
1381	0.320160310717803
1382	0.319556402784307
1383	0.318893343671516
1384	0.3181386905771
1385	0.317265748725976
1386	0.316390318959997
1387	0.315460335769987
1388	0.314505963947545
1389	0.313520624140954
1390	0.31254205897194
1391	0.311652431452566
1392	0.310830723371057
1393	0.310286089125385
1394	0.309848827602708
1395	0.309636250882156
1396	0.309640316619754
1397	0.309729035738235
1398	0.309965481739081
1399	0.3101930073856
1400	0.310546835241428
1401	0.310818072049164
1402	0.311115483303402
1403	0.311335925148115
1404	0.311487320972815
1405	0.311637643212824
1406	0.311666630225448
1407	0.31174894900816
1408	0.311809034077023
1409	0.311860893623093
1410	0.311929565023374
1411	0.312016981953359
1412	0.312059123082272
1413	0.312144702122538
1414	0.312238825695696
1415	0.312351138800712
1416	0.312483586826302
1417	0.312622715753414
1418	0.31275828969125
1419	0.312867219759652
1420	0.313014991992206
1421	0.313151616740589
1422	0.313258788118621
1423	0.313415879610845
1424	0.313549322561255
1425	0.313685211212164
1426	0.313827195884557
1427	0.31393439282758
1428	0.314047586777767
1429	0.314165168186218
1430	0.314297157921793
1431	0.314439483470193
1432	0.314561135481993
1433	0.31466027339754
1434	0.314742789071341
1435	0.314866575979805
1436	0.314996355586629
1437	0.315076906535534
1438	0.315187272719069
1439	0.315293733691778
1440	0.315384656232551
1441	0.315446934096151
1442	0.315536595458964
1443	0.315636074888879
1444	0.315735241920577
1445	0.315821702830483
1446	0.315939623816401
1447	0.316004488201694
1448	0.316073748873356
1449	0.316160346786943
1450	0.316248395881864
1451	0.316352101885446
1452	0.316429816697294
1453	0.316484605426088
1454	0.316571943880332
1455	0.316601750867043
1456	0.316658552222197
1457	0.316793343575215
1458	0.316889397565146
1459	0.316961428612642
1460	0.317016919495884
1461	0.317065566655006
1462	0.317115017084612
1463	0.317187822545293
1464	0.317296752145089
1465	0.317376321125425
1466	0.317496986086747
1467	0.31762609110916
1468	0.317721564350883
1469	0.317821630465349
1470	0.317882672028904
1471	0.317983185341562
1472	0.31809592845921
1473	0.318166895169399
1474	0.318273059069437
1475	0.318364980478033
1476	0.31848418507377
1477	0.318566969080333
1478	0.318717366746885
1479	0.318819948484828
1480	0.318893109510071
1481	0.318975493646088
1482	0.319064585544172
1483	0.319157136120141
1484	0.319263825867942
1485	0.319337403188762
1486	0.319358225369872
1487	0.319432089534794
1488	0.319497016103374
1489	0.319571246729127
1490	0.319714003067005
1491	0.319809637299503
1492	0.319901282094555
1493	0.319987520642054
1494	0.320053547420086
1495	0.320130282648812
1496	0.320153697328567
1497	0.320219597914724
1498	0.320305413397741
1499	0.320350559652089
1500	0.320366697218083
1501	0.320412043650703
1502	0.320461826590984
1503	0.3205074147719
1504	0.320634917919643
1505	0.320712176736894
1506	0.320756720099512
1507	0.32081302012951
1508	0.320930398844597
1509	0.320987088562138
1510	0.320993132838437
1511	0.32105005716888
1512	0.321116445809811
1513	0.321126183420051
1514	0.321191664342521
1515	0.321215788721847
1516	0.321255620468055
1517	0.321278930619389
1518	0.321332745374166
1519	0.32139148957432
1520	0.321474392870468
1521	0.321569602131883
1522	0.321616774153696
1523	0.321639695094235
1524	0.321687106185702
1525	0.321715340810241
1526	0.321774498376559
1527	0.321828955438839
1528	0.321866497818557
1529	0.321852999802008
1530	0.321911572273023
1531	0.321943841090101
1532	0.322002727501844
1533	0.322052993357163
1534	0.322101705456838
1535	0.322174032364952
1536	0.322190327971762
1537	0.322232219476445
1538	0.322236977264474
1539	0.322243932521538
1540	0.322292272022572
1541	0.322347730671466
1542	0.322385736296328
1543	0.322486708318234
1544	0.322502595955184
1545	0.322505645069318
1546	0.322521613493186
1547	0.32247639215373
1548	0.322503124700081
1549	0.322512518324653
1550	0.322551275508987
1551	0.322602952473252
1552	0.32265280178319
1553	0.322687967817634
1554	0.3227153058061
1555	0.322739542312222
1556	0.322744171577028
1557	0.322776278674929
1558	0.322814896264436
1559	0.322868095759143
1560	0.322896014034005
1561	0.322891535949494
1562	0.322930611722892
1563	0.322949205292984
1564	0.323011707357087
1565	0.323093714666912
1566	0.323145561402966
1567	0.32316330145307
1568	0.323169806604418
1569	0.323185996790239
1570	0.323202688994046
1571	0.323195838010646
1572	0.323223829875192
1573	0.323268499873941
1574	0.32332030530332
1575	0.323354168682128
1576	0.323406308904763
1577	0.323389226172674
1578	0.323406522520085
1579	0.323416456433079
1580	0.323433865132897
1581	0.323473153618904
1582	0.323514639602555
1583	0.323539187772353
1584	0.323580929191179
1585	0.323677062274062
1586	0.323753770488042
1587	0.323742180527192
1588	0.323806720966237
1589	0.323846810777591
1590	0.323875933905111
1591	0.323948797090893
1592	0.32401426110894
1593	0.32403239549901
1594	0.3240503965097
1595	0.324096035826543
1596	0.324114233794494
1597	0.324151243356601
1598	0.324207071107949
1599	0.324270819152653
1600	0.324315208662132
1601	0.324292976825967
1602	0.324312761374953
1603	0.324362884957236
1604	0.324443644622165
1605	0.324518737813859
1606	0.324600127156792
1607	0.324657375632139
1608	0.324714270611781
1609	0.324722221071088
1610	0.32475428905467
1611	0.324789487429846
1612	0.324796538016604
1613	0.324878674402783
1614	0.324936733459138
1615	0.324942974517196
1616	0.324989119337105
1617	0.325022788768897
1618	0.325043688140248
1619	0.325145493931293
1620	0.325203881496416
1621	0.325236786973454
1622	0.325270747795061
1623	0.325228103196981
1624	0.32524969482556
1625	0.325293827066969
1626	0.325328190544862
1627	0.325409768193487
1628	0.325495864477061
1629	0.325500329336844
1630	0.325497452077043
1631	0.325546629088592
1632	0.325582879767814
1633	0.325670052495618
1634	0.325719469755459
1635	0.325744607262207
1636	0.325793502315932
1637	0.325820019803117
1638	0.32584263586392
1639	0.325818402621546
1640	0.325854064146981
1641	0.325899522421125
1642	0.325921641403742
1643	0.325956845167475
1644	0.325952164994412
1645	0.325960392658864
1646	0.325969733853061
1647	0.325992389377332
1648	0.32605645173859
1649	0.326033645987919
1650	0.326098094616629
1651	0.326151692225305
1652	0.326174962307305
1653	0.326306851012415
1654	0.326411953932569
1655	0.32648765604427
1656	0.326523795655121
1657	0.326497499180799
1658	0.326546592307478
1659	0.326676781862807
1660	0.326684062145068
1661	0.326721696449269
1662	0.326785825974743
1663	0.326802677532062
1664	0.326839763674694
1665	0.326917010115978
1666	0.326955470618271
1667	0.327047390832661
1668	0.327116062495479
1669	0.327170217244938
1670	0.327255241289115
1671	0.327311737663554
1672	0.327412455428112
1673	0.32748451635615
1674	0.327557675063523
1675	0.327673050814201
1676	0.327761312724769
1677	0.327923489436058
1678	0.328012783779753
1679	0.3280723794598
1680	0.328147309721199
1681	0.328263912278926
1682	0.32833970384455
1683	0.328428028888431
1684	0.328489360948945
1685	0.328530964292507
1686	0.328637658193123
1687	0.328670993978177
1688	0.328763820922103
1689	0.328876693149484
1690	0.328985435407854
1691	0.329054850848397
1692	0.329149697185658
1693	0.32927457052911
1694	0.32938611066185
1695	0.329503056960208
1696	0.329539505398643
1697	0.329614309640032
1698	0.329666947177074
1699	0.329716385706616
1700	0.32977001932415
1701	0.329837068069749
1702	0.329891697677333
1703	0.329911516593568
1704	0.329981974160679
1705	0.330089681544109
1706	0.33009380138649
1707	0.330120855554446
1708	0.330199420081845
1709	0.330175455176183
1710	0.330267061351857
1711	0.330300924487017
1712	0.330306210232097
1713	0.330370289985886
1714	0.330340464012107
1715	0.330259698571987
1716	0.330182580106978
1717	0.33010395100244
1718	0.330011077025289
1719	0.329954625136614
1720	0.329904484512629
1721	0.329829865924399
1722	0.329757395746249
1723	0.329689960459888
1724	0.329580238140892
1725	0.329476142089619
1726	0.329350909876616
1727	0.329279150037263
1728	0.329212506736311
1729	0.329070316301349
1730	0.32895839284153
1731	0.32878238621048
1732	0.328718628742598
1733	0.328662701725949
1734	0.328544039584847
1735	0.328463802251663
1736	0.328387939206059
1737	0.328288119337014
1738	0.32817768226756
1739	0.328169315474068
1740	0.328110708109803
1741	0.328061169848445
1742	0.328034285217994
1743	0.327983857938656
1744	0.32786365569894
1745	0.327827724488671
1746	0.327791183659642
1747	0.327733342081953
1748	0.327703526214256
1749	0.327653673415092
1750	0.327614230817211
1751	0.327547720047011
1752	0.327490358355576
1753	0.327440373349424
1754	0.327324156858612
1755	0.327265965794127
1756	0.327216997180594
1757	0.327135007113973
1758	0.32711075929959
1759	0.327011283724011
1760	0.326959660768923
1761	0.326819810020755
1762	0.326644753777792
1763	0.32653976256283
1764	0.326528673905213
1765	0.326467449069435
1766	0.326382218460351
1767	0.326351360038627
1768	0.326290186226614
1769	0.326208858500304
1770	0.326119611446506
1771	0.325991355565777
1772	0.325830915501282
1773	0.325829155590348
1774	0.325821502221006
1775	0.325753331551738
1776	0.325723454900358
1777	0.325677666349454
1778	0.325556643133822
1779	0.32552737607208
1780	0.325540167280527
1781	0.325477344855317
1782	0.325446171917834
1783	0.325446937440444
1784	0.325447172332985
1785	0.32542604813295
1786	0.325385565481993
1787	0.325386989783321
1788	0.325331485383756
1789	0.32535672512761
1790	0.325334395777082
1791	0.325313036961106
1792	0.325374361926773
1793	0.325363977699921
1794	0.325334746313477
1795	0.325364228847937
1796	0.325320812502469
1797	0.325337011541567
1798	0.325349372156062
1799	0.325328584320007
1800	0.325381262675676
1801	0.325359266039875
1802	0.325391763756027
1803	0.325386982479838
1804	0.325400187664346
1805	0.325349225240545
1806	0.3254011940654
1807	0.325446519977915
1808	0.325498293207569
1809	0.325511930968389
1810	0.325575709566782
1811	0.325553260907896
1812	0.325600726073752
1813	0.325550271018244
1814	0.325558398213792
1815	0.325644112659091
1816	0.325649616866374
1817	0.325719222393475
1818	0.325846689019431
1819	0.325834671081485
1820	0.32580447036201
1821	0.325799275782769
1822	0.325794419018701
1823	0.325760767294381
1824	0.325750899694559
1825	0.325712689250029
1826	0.325742992327899
1827	0.325827450422705
1828	0.325852862135271
1829	0.325863006733581
1830	0.325832260608364
1831	0.324788140773719
1832	0.324844310353441
1833	0.324980058969975
1834	0.324957423750886
1835	0.325042793416406
1836	0.325124954744587
1837	0.325147695582481
1838	0.325183048869542
1839	0.325224535617424
1840	0.325282455596837
1841	0.325266271604751
1842	0.325238964634339
1843	0.325214177179055
1844	0.325311629191818
1845	0.325368201368322
1846	0.325464025298176
1847	0.325462942137954
1848	0.325415870315528
1849	0.325500424885969
1850	0.325411511493159
1851	0.325539971146491
1852	0.325769298395309
1853	0.325730432716413
1854	0.32569090735991
1855	0.325563553087362
1856	0.325436746040547
1857	0.325184883493195
1858	0.325033807922815
1859	0.324952230308145
1860	0.325014547840261
1861	0.325056140641823
1862	0.324937287256567
1863	0.324827591951898
1864	0.324690882293378
1865	0.324548581325101
1866	0.324359738491831
1867	0.324250457773423
1868	0.324261171049082
1869	0.324082621183119
1870	0.323852231076047
1871	0.323781468898241
1872	0.323574512182339
1873	0.323278272876535
1874	0.322981632786537
1875	0.322806177878764
1876	0.322440155278442
1877	0.321954910271178
1878	0.321433015474227
1879	0.320990653587746
1880	0.320478878203921
1881	0.319948906864523
1882	0.319570733503974
1883	0.318997205117358
1884	0.318305877832947
1885	0.317578160912532
1886	0.316926104007977
1887	0.316058018071246
1888	0.31507138260799
1889	0.314071664003012
1890	0.313013892211267
1891	0.311782948804388
1892	0.31068733720953
1893	0.309567663983377
1894	0.308574036248799
1895	0.307757366687819
1896	0.306775817276979
1897	0.305732839564538
1898	0.304756876185215
1899	0.303800566641986
1900	0.302727824543415
1901	0.301870844874897
1902	0.301142101611183
1903	0.300523200295854
1904	0.299953134338746
1905	0.29953235895444
1906	0.299151312064406
1907	0.298950075116358
1908	0.298646031728022
1909	0.298336625015374
1910	0.298123803548059
1911	0.297906188386255
1912	0.29779271254194
1913	0.297784058168219
1914	0.297777844189411
1915	0.297832522268774
1916	0.297835092155358
1917	0.297921079632533
1918	0.29794761622085
1919	0.297958841654249
1920	0.297952180691695
1921	0.297960247343213
1922	0.297877617371747
1923	0.297991521695091
1924	0.29832886183477
1925	0.298459616728011
1926	0.298636209744084
1927	0.298804481592894
1928	0.298951923108814
1929	0.298897443688342
1930	0.299079513974883
1931	0.299435664381627
1932	0.299579132736946
1933	0.299698127117625
1934	0.299814970300186
1935	0.299713669830651
1936	0.299807027877159
1937	0.299899225803641
1938	0.300058925024382
1939	0.300273401491662
1940	0.300624276900708
1941	0.300843737242076
1942	0.301022123556377
1943	0.301217947046193
1944	0.301319950815971
1945	0.301474972898652
1946	0.301669772786604
1947	0.301821644927854
1948	0.302002172328697
1949	0.302125648927396
1950	0.302291775496927
1951	0.30241456403238
1952	0.302649371278579
1953	0.303031243302792
1954	0.303239381137579
1955	0.303437326856483
1956	0.303627551057588
1957	0.30376753763694
1958	0.303908730418718
1959	0.304098740390294
1960	0.30423887835659
1961	0.30439946917367
1962	0.304529270373128
1963	0.304715604943659
1964	0.305061829947693
1965	0.305242896497907
1966	0.305397854509714
1967	0.305562848868368
1968	0.305727108401955
1969	0.305924623755113
1970	0.306250603173151
1971	0.30648396318779
1972	0.306701129637165
1973	0.306904304944599
1974	0.307042561092686
1975	0.307095875489759
1976	0.307243198542003
1977	0.307392965058476
1978	0.3075892011185
1979	0.307884674543238
1980	0.308112257258414
1981	0.308396778049989
1982	0.308548270525829
1983	0.308747686848046
1984	0.308978303004193
1985	0.309129471876607
1986	0.309222420451738
1987	0.309393738973848
1988	0.309713093224159
1989	0.309960314541998
1990	0.310280273626335
1991	0.310535047008229
1992	0.310742374136282
1993	0.311002198453415
1994	0.311187267194561
1995	0.311365244039548
1996	0.311577991013228
1997	0.311696968914063
1998	0.311919451622192
1999	0.312152788657104
2000	0.312394265064359
2001	0.312662062254884
2002	0.312924544424743
2003	0.313234948567845
2004	0.313479931412999
2005	0.313687159829962
2006	0.313777450348342
2007	0.313985267117537
2008	0.314248337235901
2009	0.314495472883522
2010	0.314789571601513
2011	0.315028361656358
2012	0.315102755476244
2013	0.315244651641103
2014	0.31539576696732
2015	0.315492034557308
2016	0.31568791233814
2017	0.315885847132459
2018	0.31590936773544
2019	0.316025950340343
2020	0.316136863717869
2021	0.316230007443266
2022	0.316378911440717
2023	0.31663707936026
2024	0.316816529007828
2025	0.316982792805749
2026	0.317122344289742
2027	0.317290867288546
2028	0.317356404421645
2029	0.317464544779411
2030	0.317468884562514
2031	0.317420335672066
2032	0.317263423809795
2033	0.317225505691989
2034	0.317188135633076
2035	0.317221327065536
2036	0.317429721633806
2037	0.317544219330853
2038	0.317624755414818
2039	0.317690224292556
2040	0.317694350708638
2041	0.317670174377628
2042	0.317577472876243
2043	0.317436375424457
2044	0.31735146524914
2045	0.317134804260822
2046	0.317120010036859
2047	0.317262277105033
2048	0.317307098930895
2049	0.317432200517868
2050	0.317466136979621
2051	0.317403911108922
2052	0.317187791128826
2053	0.317098972028928
2054	0.316904828650948
2055	0.316935334695279
2056	0.317022162750537
2057	0.316963461352231
2058	0.316994106528076
2059	0.317018110779187
2060	0.316966671892229
2061	0.31694168755847
2062	0.31693925009094
2063	0.316997306043284
2064	0.316995581946484
2065	0.316960431321222
2066	0.316951813344865
2067	0.317031530942426
2068	0.317165355661129
2069	0.317234008173816
2070	0.317330282150201
2071	0.317380835267019
2072	0.317407037367352
2073	0.317346026657716
2074	0.317372247593102
2075	0.317449388278541
2076	0.317525540243279
2077	0.317720890610311
2078	0.317754641522606
2079	0.317713615749235
2080	0.317798434371179
2081	0.317855630800459
2082	0.31770415861882
2083	0.317722943112039
2084	0.317897738206452
2085	0.317953631406529
2086	0.317976432012468
2087	0.318096115738016
2088	0.318313081725372
2089	0.318339288405299
2090	0.318305638476548
2091	0.318320296960103
2092	0.318332112734622
2093	0.318277293855836
2094	0.318227498750118
2095	0.318282424923553
2096	0.318304041111632
2097	0.318211032429635
2098	0.318290125564586
2099	0.318361405272402
2100	0.318439342361055
2101	0.318526836292911
2102	0.318549368272689
2103	0.318572683708091
2104	0.318593906865982
2105	0.318547671219908
2106	0.318502404136113
2107	0.318534261115067
2108	0.318511238344253
2109	0.318526263957757
2110	0.318385354852125
2111	0.318299735754856
2112	0.31839956367184
2113	0.318352510880859
2114	0.318339219986832
2115	0.318324466010994
2116	0.318244918378087
2117	0.318264617384774
2118	0.318317533555904
2119	0.318337412681695
2120	0.318374571848495
2121	0.318350608937339
2122	0.318233773420648
2123	0.318143869963415
2124	0.318050348225801
2125	0.317872722775493
2126	0.317642909466694
2127	0.31749762175151
2128	0.317267084194353
2129	0.31701188742838
2130	0.316809746626829
2131	0.316472360584574
2132	0.316242626279364
2133	0.316085386526053
2134	0.315877705596721
2135	0.315688082790586
2136	0.315421591789836
2137	0.315138101819564
2138	0.31457801445284
2139	0.314049285413038
2140	0.313715221514412
2141	0.313394785632126
2142	0.313079464780299
2143	0.312952916200819
2144	0.312592330896651
2145	0.312026605089699
2146	0.311590324096659
2147	0.311159929975124
2148	0.31054060060131
2149	0.310099619284083
2150	0.309890270704475
2151	0.309447720959994
2152	0.309080072208569
2153	0.308587523602887
2154	0.307944892790806
2155	0.307323669243037
2156	0.306659532477258
2157	0.305920025505818
2158	0.305075132565702
2159	0.304083739561322
2160	0.303087307312683
2161	0.30218999702221
2162	0.301364885233503
2163	0.300540459748055
2164	0.299705871251426
2165	0.298721566351996
2166	0.298059870919097
2167	0.297412995161279
2168	0.296971832610437
2169	0.296702179038584
2170	0.296490018339579
2171	0.29630384755222
2172	0.296240202936476
2173	0.296421049224785
2174	0.296594015736715
2175	0.296856342281445
2176	0.297305153049067
2177	0.297533382153069
2178	0.297656453458032
2179	0.297721894376104
2180	0.297660909719694
2181	0.297682833248775
2182	0.297814384518901
2183	0.297849315348799
2184	0.297896453822383
2185	0.29788711875673
2186	0.297820673717307
2187	0.297640112682282
2188	0.297384775573583
2189	0.297152351678689
2190	0.296829751066761
2191	0.296602104877938
2192	0.296223512700191
2193	0.295731804104113
2194	0.29537967918084
2195	0.294908608069045
2196	0.294514852550041
2197	0.29425096065683
2198	0.293819741616699
2199	0.29330430381844
2200	0.292876072192852
2201	0.292585113838975
2202	0.292133761176557
2203	0.291602911481266
2204	0.291217320983678
2205	0.290895266465708
2206	0.290661878342589
2207	0.290684873556542
2208	0.290549657636243
2209	0.290482974144147
2210	0.290260277044412
2211	0.289978924397207
2212	0.289834931313211
2213	0.289760914474764
2214	0.289732829209748
2215	0.289753275299847
2216	0.289775415740483
2217	0.289870287106388
2218	0.289939271644025
2219	0.290036051601838
2220	0.290307822932148
2221	0.290374712816302
2222	0.290530658627006
2223	0.290846518529027
2224	0.291263046604879
2225	0.291647262801755
2226	0.2921954178871
2227	0.292595752434555
2228	0.292810475928677
2229	0.293079159622415
2230	0.293259749810036
2231	0.293558210006713
2232	0.294044831928697
2233	0.294452869965173
2234	0.294748694939741
2235	0.294999253685404
2236	0.295092908415043
2237	0.295151391158622
2238	0.295491926355811
2239	0.295905038971598
2240	0.296202525361068
2241	0.296658132992617
2242	0.297151619425278
2243	0.297457628414654
2244	0.297784965417712
2245	0.297975688652103
2246	0.298302545044596
2247	0.298586815031565
2248	0.298962592569588
2249	0.299407107419911
2250	0.299761786004791
2251	0.300130641367546
2252	0.300517497060424
2253	0.301007743607406
2254	0.301473343577154
2255	0.301920794466019
2256	0.302400642074137
2257	0.302830090619004
2258	0.303167321864806
2259	0.303500535578707
2260	0.303794993768315
2261	0.30415790994314
2262	0.304534033982314
2263	0.30499486977234
2264	0.305402134932054
2265	0.305699611013405
2266	0.306068776614501
2267	0.306223898412133
2268	0.306251716842514
2269	0.30634282480889
2270	0.306516915056277
2271	0.306502372358154
2272	0.306417619848763
2273	0.30644013998658
2274	0.306294411255683
2275	0.306346488280852
2276	0.30666477682507
2277	0.306831020255673
2278	0.307085651857052
2279	0.307140660690211
2280	0.306893826128171
2281	0.306833648533801
2282	0.306861632868176
2283	0.306656181095547
2284	0.306740035083227
2285	0.307007376927212
2286	0.307173919994884
2287	0.307204711505432
2288	0.307082041852762
2289	0.306969960095909
2290	0.306919486260618
2291	0.306895733887236
2292	0.307106624170342
2293	0.307350567378298
2294	0.307566547709412
2295	0.307690307245674
2296	0.307810585118156
2297	0.307986142423884
2298	0.308072298954124
2299	0.30819418177813
2300	0.308200255081174
2301	0.30823599922845
2302	0.308209355889028
2303	0.308090545700526
2304	0.308029950983145
2305	0.30801219518117
2306	0.307938249010607
2307	0.308047575584979
2308	0.307893313409164
2309	0.307492317450538
2310	0.307179091038014
2311	0.306723363786766
2312	0.306180950719043
2313	0.305843053321417
2314	0.30564511495966
2315	0.305390233167238
2316	0.305287056325357
2317	0.305181763877862
2318	0.304987789737773
2319	0.304626537600329
2320	0.304192395601762
2321	0.303682058341933
2322	0.303340329038241
2323	0.303243298954401
2324	0.303306429615382
2325	0.303481858748553
2326	0.303409895329699
2327	0.30347420308417
2328	0.303550140417006
2329	0.303582236219814
2330	0.303483287670358
2331	0.303609646712016
2332	0.303784149154648
2333	0.303894920105477
2334	0.304082757363108
2335	0.30425537095268
2336	0.30438934334728
2337	0.304475894031452
2338	0.304509771307021
2339	0.304639973966214
2340	0.304585837803172
2341	0.304514942800775
2342	0.304638518386017
2343	0.304672130568082
2344	0.304622676480044
2345	0.304569658563315
2346	0.304415907403441
2347	0.304043806025638
2348	0.303909936295888
2349	0.303843981739889
2350	0.303917745892822
2351	0.303930303043028
2352	0.303560981425494
2353	0.303071520538255
2354	0.302492575884178
2355	0.301993345176896
2356	0.301742876829052
2357	0.301553038371543
2358	0.301355320609005
2359	0.301165378525028
2360	0.300871152967312
2361	0.300500805647839
2362	0.300199072698072
2363	0.300078836489065
2364	0.299714044263362
2365	0.299261240813695
2366	0.298970777691974
2367	0.298505102819465
2368	0.298132502870687
2369	0.298119340089538
2370	0.2978033098186
2371	0.297046495746487
2372	0.296609670328009
2373	0.296131741184953
2374	0.295673182480455
2375	0.295644128354933
2376	0.295200156569531
2377	0.29446101141964
2378	0.293789866722166
2379	0.292780675798196
2380	0.292021400990073
2381	0.291367305069654
2382	0.290910633447878
2383	0.290603741881745
2384	0.290330889956396
2385	0.290423835406803
2386	0.290168982769924
2387	0.289764434578682
2388	0.289132534187399
2389	0.287929655940199
2390	0.287204411572446
2391	0.28667867565434
2392	0.286150354008308
2393	0.285761910865456
2394	0.28540289795098
2395	0.285161859527271
2396	0.284738675092675
2397	0.284362885829986
2398	0.283884965397165
2399	0.283185359882362
2400	0.282591199643995
2401	0.282184317356597
2402	0.282239832378882
2403	0.281910137383903
2404	0.281323035391292
2405	0.281032959762343
2406	0.280427952452388
2407	0.279775776742278
2408	0.279563894880723
2409	0.27919286638952
2410	0.278651403325057
2411	0.278287021782378
2412	0.278081933425984
2413	0.277782354627008
2414	0.277423995287059
2415	0.277027290045385
2416	0.276643113389437
2417	0.276543862087899
2418	0.276141630341077
2419	0.275759194442131
2420	0.275497159349762
2421	0.274768317096279
2422	0.274631692673679
2423	0.274760346656033
2424	0.274212992996137
2425	0.274196469342972
2426	0.274390092734309
2427	0.274374458741786
2428	0.274414976409778
2429	0.274180590769285
2430	0.273816622836221
2431	0.273478335378273
2432	0.273087390149728
2433	0.272811853983421
2434	0.27231122611202
2435	0.272208657945777
2436	0.272498449286289
2437	0.272368212713093
2438	0.272628047026869
2439	0.272394327917554
2440	0.271672970647324
2441	0.271061907407668
2442	0.270232508801382
2443	0.269870949524214
2444	0.269367020831105
2445	0.269043663340364
2446	0.268993031311009
2447	0.268683812948463
2448	0.268191495632788
2449	0.267843759490622
2450	0.26773613082722
2451	0.267218231969675
2452	0.266424404381579
2453	0.266032754995765
2454	0.265489053075151
2455	0.264964248232793
2456	0.264850534240671
2457	0.26433840969689
2458	0.263481920703413
2459	0.263133264015102
2460	0.263239838303114
2461	0.262828412015388
2462	0.262673362795085
2463	0.262068476909319
2464	0.260986875740659
2465	0.260362352471213
2466	0.25966492967979
2467	0.259365576849183
2468	0.259492862539121
2469	0.259476149823335
2470	0.259975642581936
2471	0.259546078109727
2472	0.258164063939929
2473	0.257422954435422
2474	0.256149475692892
2475	0.255678709847681
2476	0.255936613435754
2477	0.255796477433123
2478	0.255965847649424
2479	0.255688015076736
2480	0.255449993575431
2481	0.254915534350581
2482	0.254042643767483
2483	0.25348100022175
2484	0.253226623707893
2485	0.252600699441794
2486	0.252035262907503
2487	0.251681553114838
2488	0.251094298875356
2489	0.250515293776172
2490	0.250498230089757
2491	0.250177184334115
2492	0.249414448476645
2493	0.248886850513166
2494	0.247665788946278
2495	0.247569415666236
2496	0.248618886484338
2497	0.248068658659377
2498	0.247305512651455
2499	0.24673938395202
2500	0.245173079609487
