350	0.493121899803675
351	0.484601368484092
352	0.472816217506519
353	0.484412544506343
354	0.480077776445989
355	0.487968175374438
356	0.479800852805079
357	0.481584551077661
358	0.478011614421594
359	0.466001013418714
360	0.464191409008566
361	0.468802496452667
362	0.466618932822341
363	0.465795563305495
364	0.463495808561004
365	0.460235057790037
366	0.462061825384715
367	0.460081955821575
368	0.450146513799195
369	0.451854993681076
370	0.44885677044036
371	0.442847748923263
372	0.437679433750083
373	0.443072532960173
374	0.441521169382627
375	0.430596265093908
376	0.427195150744205
377	0.426341764458717
378	0.425934417566133
379	0.427464275137794
380	0.421614159582152
381	0.417933440678163
382	0.419423136799796
383	0.422756152721543
384	0.411605230852649
385	0.406024664584672
386	0.406143650431882
387	0.407488909601867
388	0.406243496785358
389	0.406431125888994
390	0.403924706604518
391	0.40257531797025
392	0.401903879661031
393	0.401115051843956
394	0.400859547108457
395	0.397157394581887
396	0.397020842670131
397	0.39500799758079
398	0.390716921876719
399	0.389888840558697
400	0.391711669318275
401	0.390809762249475
402	0.38963564345456
403	0.389520214939965
404	0.39147650823081
405	0.388873677321884
406	0.384400252433257
407	0.386888628980979
408	0.388209785864585
409	0.387501984751145
410	0.386014330504206
411	0.383689599150959
412	0.381285468989728
413	0.381146941880194
414	0.378594853036074
415	0.376050694052251
416	0.374873856899845
417	0.372975609431603
418	0.369627256763805
419	0.36947770419657
420	0.368743738905597
421	0.367466406421431
422	0.365057611833975
423	0.363000686954957
424	0.36151834016688
425	0.36013074152196
426	0.358483760735464
427	0.356763659300321
428	0.355145241061472
429	0.35389648888321
430	0.351109983287537
431	0.34958932812515
432	0.34827551981641
433	0.347296588471745
434	0.346401988666036
435	0.345537707564576
436	0.344265697964565
437	0.343933933302153
438	0.343565568194429
439	0.342621043787858
440	0.342173935769472
441	0.341774404109965
442	0.341132014763469
443	0.340079114353734
444	0.339415174441356
445	0.339000967022676
446	0.338374982740797
447	0.337780060978239
448	0.336606545656299
449	0.336311999194968
450	0.336505323848049
451	0.335653739317598
452	0.335126606072917
453	0.334821331985571
454	0.333779573429634
455	0.333006420713458
456	0.332321922863151
457	0.331750337654301
458	0.33118725027293
459	0.330647412771403
460	0.329771950350582
461	0.32951903041743
462	0.329239054333625
463	0.328449037638417
464	0.32815555672515
465	0.327040304449134
466	0.326110617331139
467	0.325891959787968
468	0.325533045462681
469	0.325143832884358
470	0.324492005014411
471	0.323766479441506
472	0.323255185891797
473	0.322687304192507
474	0.3221526454904
475	0.321911845178932
476	0.321689444512351
477	0.321201277038927
478	0.320450705613888
479	0.320008147243479
480	0.319718394825512
481	0.319646098251825
482	0.319315641631251
483	0.318764320758919
484	0.31844546608092
485	0.318161909306771
486	0.317306659907118
487	0.316811576659717
488	0.316262804251765
489	0.316104062588275
490	0.315863056886565
491	0.315632016547998
492	0.315410350423137
493	0.315650254973133
494	0.315444776237489
495	0.315258753662075
496	0.315224355620341
497	0.314983161069961
498	0.314830373503629
499	0.314852618367045
500	0.314765609277454
501	0.314594718813959
502	0.314523291939724
503	0.314095072594606
504	0.313557696924061
505	0.313379853509687
506	0.313515101030667
507	0.313528887763317
508	0.313540516039173
509	0.313613912337394
510	0.313490173114499
511	0.31342714040168
512	0.313156321311729
513	0.313132270705371
514	0.313118546031917
515	0.312977560539189
516	0.312829191504795
517	0.312506123035819
518	0.312296215037796
519	0.312185406329743
520	0.311957250945813
521	0.311895881575614
522	0.311967931777197
523	0.312098161650699
524	0.312173715343464
525	0.312312366386206
526	0.312430642663045
527	0.31229275383202
528	0.31211395076296
529	0.312065795650232
530	0.312077454021606
531	0.31220888624941
532	0.312491077869967
533	0.312538413514868
534	0.312443170516085
535	0.312323486318017
536	0.312509515927548
537	0.312662855335661
538	0.312593482225502
539	0.312672126966205
540	0.312813104134341
541	0.312719068935171
542	0.312674898292118
543	0.312689961041872
544	0.312694055327263
545	0.312758044212874
546	0.312859519638671
547	0.312954370055017
548	0.313125518102641
549	0.313259517835715
550	0.313339648379316
551	0.313315780808614
552	0.31338873617828
553	0.313474020800919
554	0.313643634259537
555	0.31368002666524
556	0.31375693684557
557	0.313808766270607
558	0.313914425985633
559	0.313933642788506
560	0.313932943276818
561	0.314042866139991
562	0.314196225349689
563	0.314367141339362
564	0.314444053187869
565	0.314428324149637
566	0.314571119251161
567	0.314716450399218
568	0.314784671216481
569	0.314847275743453
570	0.314911327508648
571	0.314953470239457
572	0.314967785705124
573	0.314964818127452
574	0.315016281059311
575	0.315190984398232
576	0.315292512039418
577	0.315300801107704
578	0.315284606851831
579	0.315381009756285
580	0.315513340337471
581	0.315552007134562
582	0.315595028910019
583	0.315654961605766
584	0.315741714192719
585	0.315784293618107
586	0.315809637383313
587	0.315862468495112
588	0.315945174572973
589	0.315913154649067
590	0.315879422657327
591	0.315825804869373
592	0.31573883408858
593	0.315741837848778
594	0.315825993543571
595	0.315891610229688
596	0.315991554805919
597	0.31605860315458
598	0.316106815743371
599	0.31613018839857
600	0.316130665193541
601	0.316162792220266
602	0.316166755514267
603	0.316105487182334
604	0.316065509577072
605	0.316076930130119
606	0.316167858463815
607	0.316239808604636
608	0.316097922875617
609	0.316055552750426
610	0.316121287738596
611	0.316111858343921
612	0.316036813724762
613	0.316014903812096
614	0.315921949626859
615	0.3159584091537
616	0.315898680196508
617	0.315853059035207
618	0.315795339706333
619	0.315737335235977
620	0.315757124705762
621	0.315695349188348
622	0.315734079221
623	0.315826255714651
624	0.315844937255375
625	0.31579119472291
626	0.31577634797249
627	0.315772326539288
628	0.315705393029285
629	0.315669647800139
630	0.31558807639283
631	0.315590205929299
632	0.315559310889555
633	0.31553466718631
634	0.315646915716992
635	0.315682658754205
636	0.315693677038245
637	0.31569355146783
638	0.315590850971849
639	0.315576847628723
640	0.315712895145891
641	0.315806052106702
642	0.315707831594699
643	0.31563494431544
644	0.315659478038498
645	0.31568012534547
646	0.315678032275771
647	0.315592283864397
648	0.31560756880779
649	0.315622719897219
650	0.315588015450963
651	0.31556887010305
652	0.315595505543227
653	0.315625561277254
654	0.315606788490794
655	0.315600233304181
656	0.315589210096842
657	0.315581232691684
658	0.315521468202285
659	0.315413383624382
660	0.315480318579779
661	0.31562424212545
662	0.31577660719424
663	0.315797456545148
664	0.315819335639661
665	0.315868402123092
666	0.315851658484887
667	0.315905838175287
668	0.31591207769001
669	0.315881336665697
670	0.315885521410209
671	0.315955462083377
672	0.315932699816773
673	0.315930988947102
674	0.315999502363047
675	0.316052677583227
676	0.316054731869643
677	0.316027736010756
678	0.316082679253397
679	0.31615793784926
680	0.316144444318882
681	0.316101392921236
682	0.316173693126375
683	0.316221795094543
684	0.316245178088172
685	0.316185957395205
686	0.316185791484982
687	0.316245912273927
688	0.316252411007185
689	0.316000022565364
690	0.315810519288579
691	0.315808226100467
692	0.315985058167245
693	0.31611810451154
694	0.31634648655752
695	0.316799133124571
696	0.317439387637917
697	0.317575252492092
698	0.317216943749374
699	0.316666997608467
700	0.316495259116289
701	0.316482166412486
702	0.316477175280909
703	0.316434801005666
704	0.316441233643721
705	0.316471971750616
706	0.31654992526327
707	0.316556485822677
708	0.31658755286532
709	0.316632731995609
710	0.316685731906225
711	0.316640470358806
712	0.316654651861582
713	0.31670702724773
714	0.316714541007393
715	0.316684151226921
716	0.316691566949746
717	0.31672862934813
718	0.316739337503268
719	0.316658996880789
720	0.316479392243765
721	0.31636088739885
722	0.316367971620547
723	0.316435982364475
724	0.316515321741247
725	0.316560601028949
726	0.316578168115269
727	0.316547871672414
728	0.316460293229639
729	0.316484002082559
730	0.316505232857412
731	0.316497437398602
732	0.316519769849347
733	0.316500940697578
734	0.316519000143883
735	0.316600469374098
736	0.316661849737448
737	0.316699022063121
738	0.3166958252622
739	0.316721108957075
740	0.316751068808351
741	0.316761565328474
742	0.316745201224902
743	0.316773513934239
744	0.316794179057275
745	0.316756007638963
746	0.316735655937174
747	0.316746659547489
748	0.316796420464065
749	0.316801652529745
750	0.316776396022206
751	0.316786361768114
752	0.316833016022548
753	0.316809002137845
754	0.316765639485457
755	0.316765493566766
756	0.316783479066569
757	0.316817638654719
758	0.316771443283455
759	0.316740510583646
760	0.316707208090946
761	0.316555697203204
762	0.316209373258438
763	0.315929500656548
764	0.315775240378246
765	0.315805895953373
766	0.315879944652113
767	0.315991673431592
768	0.316167862655903
769	0.316403815916137
770	0.316622754509114
771	0.316716275801226
772	0.316751148729843
773	0.31681113640291
774	0.316871522374011
775	0.316857789799016
776	0.316812418571618
777	0.316819635102014
778	0.316855622568635
779	0.316849451701364
780	0.316811419649678
781	0.316790979828021
782	0.316784539769941
783	0.316791227175263
784	0.316783472009268
785	0.316766614637362
786	0.31677832694063
787	0.316790506492793
788	0.316736514981113
789	0.316724554556262
790	0.316745348757867
791	0.316719672326737
792	0.316702585699215
793	0.316709300893629
794	0.316680624071533
795	0.316724736905625
796	0.316729199552377
797	0.316705343147979
798	0.316685998732217
799	0.316731887145542
800	0.316762062821539
801	0.316704258085322
802	0.316649206599837
803	0.316676327498564
804	0.316699009585929
805	0.316681878694629
806	0.316618101241424
807	0.316626845590203
808	0.316643884907999
809	0.316596078846083
810	0.316533582571352
811	0.316605367453891
812	0.316634577098023
813	0.316621921299364
814	0.316531169116938
815	0.316492896512848
816	0.31648363198386
817	0.316451162567565
818	0.316393240716149
819	0.316306787580143
820	0.316311464211224
821	0.316391116255512
822	0.316381670251952
823	0.316403546290749
824	0.316376128382524
825	0.316344673248727
826	0.316427077897596
827	0.31642866956325
828	0.316441612769481
829	0.316459628235725
830	0.316460194223687
831	0.316479344339125
832	0.316460915453454
833	0.316480892391905
834	0.316467622374585
835	0.316472550446487
836	0.31647395450328
837	0.316532111916562
838	0.316529331131087
839	0.316469313535527
840	0.316427465956374
841	0.316431010436767
842	0.316479895926132
843	0.31648065525337
844	0.31637984821911
845	0.316379769046454
846	0.316455110016534
847	0.316400338947358
848	0.316325599703345
849	0.316280596946676
850	0.316298629999842
851	0.316352286655709
852	0.316327700990071
853	0.316269269735609
854	0.316274448490561
855	0.316244367600205
856	0.316242499450648
857	0.316246689711398
858	0.316227010674221
859	0.31621734730009
860	0.316251711224732
861	0.316251852891904
862	0.316263356985
863	0.316240129334948
864	0.316200498349919
865	0.316140573583148
866	0.316098133723166
867	0.316136554438898
868	0.316156830132696
869	0.31613352634085
870	0.316040644136796
871	0.316015954491077
872	0.316147358683352
873	0.316112769100362
874	0.316006551879618
875	0.316050606468413
876	0.316064381359992
877	0.316006508870492
878	0.315977794847921
879	0.315953766595667
880	0.316042302462234
881	0.315988187462127
882	0.315947186273468
883	0.315979776894211
884	0.316013770526206
885	0.316021498101672
886	0.315920937211259
887	0.315881267883069
888	0.315941305634747
889	0.31594347200482
890	0.315907051424908
891	0.315840763087151
892	0.315847674631597
893	0.315875694096007
894	0.315862313638813
895	0.315765704672362
896	0.315742409699834
897	0.315743775559076
898	0.315673846793355
899	0.315570536703438
900	0.315618074997373
901	0.315674275065416
902	0.315606334153672
903	0.31556481740506
904	0.31552706745116
905	0.315502375398785
906	0.315603365351354
907	0.315552095311435
908	0.315527451252959
909	0.315556839657396
910	0.315510613125027
911	0.315472700031639
912	0.31541623263214
913	0.315448843897923
914	0.315440645619113
915	0.315353741446442
916	0.315306291387692
917	0.315370621082439
918	0.315391220495106
919	0.315352881682981
920	0.31528854612724
921	0.315406165974428
922	0.315387772239744
923	0.315340920635373
924	0.315349323075468
925	0.315429506191432
926	0.315437020433771
927	0.315312218544143
928	0.315235232054671
929	0.315297139615746
930	0.315310721640466
931	0.315256594678404
932	0.315096696280925
933	0.314959691138188
934	0.314960388217677
935	0.315062236779102
936	0.314990158725887
937	0.314909063082134
938	0.314945607005638
939	0.314921604247088
940	0.314867960656626
941	0.314912493093124
942	0.314944843385276
943	0.314995871445651
944	0.314959783067956
945	0.314846335665809
946	0.314836282480066
947	0.314811368745441
948	0.314758879455754
949	0.314814008905011
950	0.31481999377286
951	0.314791750421462
952	0.314704761396759
953	0.314678995184834
954	0.314586751554859
955	0.314628184876873
956	0.314664342748652
957	0.314734084234942
958	0.314806007432325
959	0.314765053753412
960	0.314728979878173
961	0.314686552190131
962	0.314767123688021
963	0.314905300267581
964	0.314716324495134
965	0.314638582860401
966	0.314828250026884
967	0.315041874496748
968	0.315035100942381
969	0.31506415186275
970	0.314905638024854
971	0.314968950958751
972	0.315063348466903
973	0.31504453665425
974	0.315040004121979
975	0.315170213197943
976	0.315002715025957
977	0.314915213466655
978	0.314764003835717
979	0.314888740255327
980	0.315101485359608
981	0.315115675743635
982	0.31510834548225
983	0.315071801712092
984	0.315143263353345
985	0.315086162542885
986	0.315013920694799
987	0.315208708050541
988	0.315234363563159
989	0.315278652720022
990	0.315146950393459
991	0.315189342591292
992	0.315440940519859
993	0.315414969015502
994	0.315265017014336
995	0.315313154007088
996	0.315322110366824
997	0.31533656854288
998	0.315261999735664
999	0.315523707357436
1000	0.315497479895641
1001	0.316046863421415
1002	0.315976394305041
1003	0.316013870688382
1004	0.31598615395043
1005	0.315933787084687
1006	0.31585861223474
1007	0.315889724733346
1008	0.315989216903695
1009	0.31605654390201
1010	0.316060896844945
1011	0.316126977250283
1012	0.315911839232614
1013	0.315898948608154
1014	0.315886209923073
1015	0.315814236132025
1016	0.315766281426181
1017	0.315821058999698
1018	0.315773623217376
1019	0.315681010105324
1020	0.315710832955349
1021	0.315728901192097
1022	0.315723490717957
1023	0.315812840708663
1024	0.315772793310426
1025	0.315645623288622
1026	0.315573253014668
1027	0.315440358690719
1028	0.315475826509449
1029	0.315372573112576
1030	0.315402390057713
1031	0.315371922554323
1032	0.315451614379824
1033	0.315388847522546
1034	0.315454270151377
1035	0.315392235380044
1036	0.31531950058484
1037	0.315259000084145
1038	0.315280106759212
1039	0.315220544493756
1040	0.315215205477503
1041	0.315156711907521
1042	0.315210165196995
1043	0.315021081994941
1044	0.315060880621679
1045	0.315058217029439
1046	0.315062182726496
1047	0.314998351374569
1048	0.314938116354491
1049	0.314847103102423
1050	0.314846940632621
1051	0.314987637202422
1052	0.314923565478486
1053	0.314943000029057
1054	0.31490853979639
1055	0.314829976646042
1056	0.314855089125582
1057	0.314858722024606
1058	0.31480484635409
1059	0.314858130837307
1060	0.314775301105268
1061	0.31483609423217
1062	0.314753698222309
1063	0.314791305138898
1064	0.314949717028572
1065	0.314876793983949
1066	0.314832080997561
1067	0.314797085372645
1068	0.314648100151174
1069	0.314624077766667
1070	0.314591675080237
1071	0.314642690636177
1072	0.314707987016539
1073	0.314693353776201
1074	0.314658812300781
1075	0.314569276660625
1076	0.314482048501893
1077	0.314513493455915
1078	0.31449123005599
1079	0.314567204149044
1080	0.314504825258015
1081	0.314418018914614
1082	0.314386365630349
1083	0.314414057016068
1084	0.314420746489239
1085	0.31447832320675
1086	0.314450462933623
1087	0.314371182601331
1088	0.314241787266515
1089	0.314206288568254
1090	0.314187373937199
1091	0.314183387808064
1092	0.314264598538657
1093	0.314258849548567
1094	0.314221555183376
1095	0.314237602123839
1096	0.314271073870679
1097	0.314219567781851
1098	0.314268675017983
1099	0.314220506440488
1100	0.314104415468888
1101	0.314054316144969
1102	0.314006140363913
1103	0.314035525543893
1104	0.314009416496576
1105	0.314008099581854
1106	0.313966713654306
1107	0.313919931710858
1108	0.313896838795221
1109	0.313929310187823
1110	0.313893277534788
1111	0.313944257170824
1112	0.313949920598711
1113	0.313934587598663
1114	0.313967987874624
1115	0.313946086376699
1116	0.313900483763622
1117	0.313841498163921
1118	0.313813392187655
1119	0.313746811655591
1120	0.313722624278857
1121	0.313774841085238
1122	0.313719092137558
1123	0.313720799572798
1124	0.313783010680076
1125	0.313735225107939
1126	0.313788165559372
1127	0.313749164802603
1128	0.31381058991032
1129	0.313737302513414
1130	0.313794900933427
1131	0.313812785198084
1132	0.313823822274001
1133	0.313903482812258
1134	0.313882050100049
1135	0.313956631987172
1136	0.31392146985001
1137	0.313950309500687
1138	0.313940601912173
1139	0.313932988951324
1140	0.313912494141142
1141	0.313991090344668
1142	0.314005652006814
1143	0.313971005620364
1144	0.313984853497444
1145	0.31401609331957
1146	0.314031675355561
1147	0.314080547265952
1148	0.314152453619753
1149	0.314179691550193
1150	0.314214447386989
1151	0.314212136447752
1152	0.314231019802514
1153	0.314252976348792
1154	0.314283581980295
1155	0.314261329661614
1156	0.314324963244238
1157	0.314341502990648
1158	0.314413734577975
1159	0.314432950455367
1160	0.314515099975752
1161	0.314606053651261
1162	0.314610459784364
1163	0.314666029514615
1164	0.314705448028264
1165	0.314695063655382
1166	0.31468977807709
1167	0.314741211624577
1168	0.314778437763172
1169	0.314786532613406
1170	0.314842384932182
1171	0.314897882935334
1172	0.314874664385139
1173	0.314913689540349
1174	0.314961285655455
1175	0.314959992958761
1176	0.314977904719986
1177	0.314984895642767
1178	0.315013810119181
1179	0.315069378289011
1180	0.315153547640755
1181	0.315231528226407
1182	0.315230574967704
1183	0.315248838704799
1184	0.315266458755118
1185	0.315270004549651
1186	0.315278237654923
1187	0.31532756476095
1188	0.315345221114901
1189	0.315338273429919
1190	0.315379007153077
1191	0.3154004252532
1192	0.315380463897059
1193	0.315391015866601
1194	0.315381373962357
1195	0.315393240062612
1196	0.315393827425938
1197	0.315432218051348
1198	0.315442927794985
1199	0.315427970962013
1200	0.315424335271383
1201	0.31541792311191
1202	0.315412352805144
1203	0.315417909299946
1204	0.315401126344723
1205	0.315416549722781
1206	0.315419926286898
1207	0.315387763497197
1208	0.315403457194313
1209	0.31539160045403
1210	0.315390973257713
1211	0.315403384810954
1212	0.315417517639784
1213	0.315415726011148
1214	0.315440136674103
1215	0.315436274782187
1216	0.315448860150587
1217	0.315430857465061
1218	0.315428121816629
1219	0.315396009889593
1220	0.31536235428446
1221	0.315347157732834
1222	0.315354736763626
1223	0.315355145494912
1224	0.3153267333594
1225	0.315363558793813
1226	0.315353565365659
1227	0.31532579221457
1228	0.315339906578161
1229	0.315331025275591
1230	0.315318976238282
1231	0.31535154637298
1232	0.31535154637298
1233	0.315359709320012
1234	0.315383812716699
1235	0.315404511919419
1236	0.315452740767022
1237	0.315438295340484
1238	0.315422127413841
1239	0.315404598085122
1240	0.315400482908858
1241	0.31541460051761
1242	0.315394434145946
1243	0.315455005040488
1244	0.315460211224089
1245	0.315492364112271
1246	0.315520362119673
1247	0.315487968926673
1248	0.315489679286242
1249	0.31549356967632
1250	0.315508963910058
1251	0.31551081376643
1252	0.315558279532944
1253	0.315584443299595
1254	0.31558256595817
1255	0.31559457388959
1256	0.315583688645564
1257	0.315593662716946
1258	0.315600932777482
1259	0.315635351471155
1260	0.315639023251341
1261	0.315647029547407
1262	0.315723182761808
1263	0.315755813142091
1264	0.315762752431906
1265	0.315767922053554
1266	0.31572071840287
1267	0.315708475857738
1268	0.31571042171654
1269	0.315739623551201
1270	0.315778741071818
1271	0.315847933121951
1272	0.315856314919034
1273	0.315905241753679
1274	0.315907566329717
1275	0.315941213078476
1276	0.315937416415701
1277	0.315898663335493
1278	0.315903166751061
1279	0.315972060000716
1280	0.316010654531381
1281	0.316050383478376
1282	0.316083211218911
1283	0.3160604626273
1284	0.3160615110123
1285	0.316061800457239
1286	0.316142839778151
1287	0.316155129067588
1288	0.31619120626049
1289	0.316201658577464
1290	0.316228321178356
1291	0.316223615308255
1292	0.316273170121792
1293	0.316313080395483
1294	0.316321666249637
1295	0.316310332097666
1296	0.316319061923711
1297	0.316327803114172
1298	0.316308045081674
1299	0.3163097502836
1300	0.316363710970041
1301	0.316360703896581
1302	0.316329521734566
1303	0.3163536163696
1304	0.316330759333181
1305	0.316296770028826
1306	0.316334406423047
1307	0.316313810140778
1308	0.316327814428777
1309	0.316243410282187
1310	0.316259135643988
1311	0.316268707227194
1312	0.316341458920013
1313	0.316389096524939
1314	0.316401367955503
1315	0.316383187020347
1316	0.316365364309768
1317	0.316333667980583
1318	0.316327074387434
1319	0.316404210950715
1320	0.316419507156559
1321	0.31641204038833
1322	0.316406908092087
1323	0.316391071069772
1324	0.316381367187538
1325	0.316431344789704
1326	0.316442974553175
1327	0.316442983035459
1328	0.316499349751057
1329	0.316518328809746
1330	0.31649906429029
1331	0.316510932199543
1332	0.316499991756723
1333	0.316506603104672
1334	0.316516312909663
1335	0.316500546794323
1336	0.31656319046952
1337	0.316576081649405
1338	0.316642266704274
1339	0.316658244655233
1340	0.316596825976029
1341	0.31663036231702
1342	0.316616828965359
1343	0.31665157482808
1344	0.316748302422042
1345	0.316779811349235
1346	0.316772253753983
1347	0.316803170172878
1348	0.316756494945943
1349	0.31674232593882
1350	0.316775160617176
1351	0.316761062491206
1352	0.316760943009407
1353	0.316788971744446
1354	0.316827411221708
1355	0.316819035343168
1356	0.316894500877688
1357	0.316910361324371
1358	0.316950008897806
1359	0.316991682832189
1360	0.317021629492087
1361	0.317087857175479
1362	0.317073940711569
1363	0.317078556992055
1364	0.317053504719325
1365	0.317031270410988
1366	0.317029994578265
1367	0.317075764310641
1368	0.317049839758063
1369	0.317015787088303
1370	0.316960351572492
1371	0.316891282248774
1372	0.31678622034356
1373	0.316655321903251
1374	0.316492136643795
1375	0.316337788380538
1376	0.316145790467501
1377	0.315978933217799
1378	0.31572955735778
1379	0.31547148188951
1380	0.315190242345693
1381	0.314884675246571
1382	0.314547128801042
1383	0.314144181881544
1384	0.313712681800122
1385	0.313189830461003
1386	0.31271179124005
1387	0.31224384555312
1388	0.311725971364082
1389	0.311165933992937
1390	0.310654619340046
1391	0.310121691399295
1392	0.309696511123348
1393	0.309385584992498
1394	0.309161824692399
1395	0.309033742068526
1396	0.309014398022649
1397	0.309006608313912
1398	0.309086691782987
1399	0.309189719634149
1400	0.30936111206556
1401	0.309528108756336
1402	0.309723119726605
1403	0.309887712378658
1404	0.310039044464069
1405	0.310172667660235
1406	0.310306578439304
1407	0.310429132063576
1408	0.310549368791109
1409	0.310698454436713
1410	0.310834116138189
1411	0.311018666747788
1412	0.31117866667621
1413	0.311379066939951
1414	0.3115476971168
1415	0.311755171466586
1416	0.31199190584306
1417	0.312206620835963
1418	0.312452403774479
1419	0.312608237879485
1420	0.312794530622001
1421	0.31295082444794
1422	0.313150184726952
1423	0.313328086040646
1424	0.313475768133629
1425	0.313688895994912
1426	0.313848379731055
1427	0.314040645452849
1428	0.314247692840719
1429	0.314425966586768
1430	0.314557063688759
1431	0.314692032718424
1432	0.314841681749
1433	0.314952112704043
1434	0.315082381302319
1435	0.315184908775322
1436	0.315257623996819
1437	0.315327956612961
1438	0.315428352760377
1439	0.3154903284361
1440	0.315589494588494
1441	0.315728007073468
1442	0.315836801370215
1443	0.315953112503632
1444	0.316042388909902
1445	0.316141839370328
1446	0.316202240183984
1447	0.316279780539701
1448	0.316329683068924
1449	0.316375649832379
1450	0.316414982812348
1451	0.316456574683345
1452	0.316505409222113
1453	0.316553791001955
1454	0.31662154459878
1455	0.316705709209876
1456	0.316781733828104
1457	0.316904211095401
1458	0.316969856286949
1459	0.317094673748145
1460	0.317137646170313
1461	0.317166850002282
1462	0.317189538689102
1463	0.317212054726466
1464	0.317237135806348
1465	0.317269857129613
1466	0.317313282589921
1467	0.31737439138335
1468	0.317397417224334
1469	0.317456635398395
1470	0.317474952450311
1471	0.317544021127309
1472	0.317623777258187
1473	0.317693238565629
1474	0.317730543769239
1475	0.317790692914348
1476	0.317840248855677
1477	0.317881340668716
1478	0.317908019556117
1479	0.317939592079709
1480	0.317932294683995
1481	0.317973708838465
1482	0.317959272849165
1483	0.318010590085856
1484	0.318040095048509
1485	0.318101444293263
1486	0.31818254028238
1487	0.318244244156423
1488	0.318296927421496
1489	0.318328020905539
1490	0.31839241784443
1491	0.318413851297923
1492	0.318458362223429
1493	0.318491232495305
1494	0.318509209225696
1495	0.318522362149142
1496	0.318472355735817
1497	0.318464195355683
1498	0.318431087693236
1499	0.318411474660549
1500	0.31847477912706
1501	0.318465176954284
1502	0.318487385146329
1503	0.318487808756389
1504	0.318527061328032
1505	0.318579270046324
1506	0.318680809207735
1507	0.318711808819494
1508	0.318732766109619
1509	0.318733536689698
1510	0.318736876996114
1511	0.318749209449358
1512	0.318715643954495
1513	0.318711204646217
1514	0.318706880815386
1515	0.318703780016576
1516	0.318719552096812
1517	0.318696244463206
1518	0.318717289999406
1519	0.318769151932344
1520	0.318805201601681
1521	0.318821386078963
1522	0.318873945385311
1523	0.318908980647752
1524	0.318951481436716
1525	0.318955232249798
1526	0.318966739024163
1527	0.318987964835591
1528	0.318999553029819
1529	0.318988290132154
1530	0.318956665454615
1531	0.318874255942646
1532	0.318885744212987
1533	0.318908194963696
1534	0.318909249070174
1535	0.318901028379624
1536	0.318923173278687
1537	0.318919692620124
1538	0.318940501464656
1539	0.31903722171364
1540	0.319102213088634
1541	0.319156445858293
1542	0.319177782928304
1543	0.319150104150315
1544	0.319127288208305
1545	0.319142130684508
1546	0.319129958675027
1547	0.319118940227559
1548	0.319072953174837
1549	0.319024053233748
1550	0.318977756305959
1551	0.318954759512431
1552	0.318976109921208
1553	0.318999139191042
1554	0.319042374578846
1555	0.319095112209596
1556	0.31916049808858
1557	0.319143696012981
1558	0.319164131365148
1559	0.319206173270878
1560	0.319204806447768
1561	0.319250976603294
1562	0.319295271618507
1563	0.319239517873783
1564	0.319227129100384
1565	0.319176688871696
1566	0.319153045444426
1567	0.319113167329538
1568	0.319124246782208
1569	0.319169210387943
1570	0.31919011449192
1571	0.319248866197608
1572	0.319292449564683
1573	0.319277768403517
1574	0.319310304887213
1575	0.319356874203303
1576	0.319378363222804
1577	0.319403427058618
1578	0.319425080356912
1579	0.319444707312647
1580	0.319430827385514
1581	0.319370519704501
1582	0.319369392311391
1583	0.319331019454188
1584	0.319282396370198
1585	0.319287611458393
1586	0.319284806362788
1587	0.319270177626485
1588	0.319290455593203
1589	0.319346430341126
1590	0.319426545316141
1591	0.319586827566277
1592	0.319667769745215
1593	0.319742917178879
1594	0.319776124320057
1595	0.319733979546782
1596	0.319755533731121
1597	0.319765606918173
1598	0.319740030373009
1599	0.31968868884882
1600	0.319651014950747
1601	0.319564953875791
1602	0.319538808527609
1603	0.319519451684666
1604	0.319517004306402
1605	0.319600465399927
1606	0.319635700655507
1607	0.319653237946056
1608	0.319663082758028
1609	0.319670364905628
1610	0.319704476673069
1611	0.319743439169022
1612	0.319802166594114
1613	0.319850130194111
1614	0.319897145185339
1615	0.319896106178398
1616	0.319906624849806
1617	0.319874706460495
1618	0.319885224116107
1619	0.319825619978675
1620	0.319836079881952
1621	0.319766168840297
1622	0.319764135072217
1623	0.319758854753781
1624	0.319783307362977
1625	0.319786109634066
1626	0.319796614459853
1627	0.319887076940708
1628	0.319922992187742
1629	0.319972950295398
1630	0.320048703351918
1631	0.320049196651512
1632	0.320112754059893
1633	0.320132052137216
1634	0.320116410889306
1635	0.320115729334938
1636	0.320099981872621
1637	0.320094362954513
1638	0.320038311463755
1639	0.320027113409749
1640	0.319983584189992
1641	0.31996863109955
1642	0.319950716796915
1643	0.319970712731498
1644	0.319978791061875
1645	0.319939725773814
1646	0.319960871857814
1647	0.320029269283016
1648	0.320078726423428
1649	0.320211519935126
1650	0.320261673902627
1651	0.320310524669616
1652	0.32035956393324
1653	0.320417068025523
1654	0.320466645378636
1655	0.320549082162481
1656	0.320584193150479
1657	0.320628255449406
1658	0.320662171712487
1659	0.320708681690127
1660	0.320741431230714
1661	0.320742628258736
1662	0.3207756827009
1663	0.320844086634178
1664	0.320893063883058
1665	0.321011252966498
1666	0.321090417239054
1667	0.321208543023803
1668	0.321276350396149
1669	0.321422748726582
1670	0.321522785423949
1671	0.321626283105687
1672	0.321714749372633
1673	0.321836140589105
1674	0.321941292793311
1675	0.322042646405794
1676	0.322134490538127
1677	0.322182665165442
1678	0.322275268464914
1679	0.322360673308266
1680	0.322468588374013
1681	0.322523308775362
1682	0.322645239089161
1683	0.322743721427142
1684	0.322850837348048
1685	0.323009713320918
1686	0.323163715735441
1687	0.323383207965762
1688	0.323584875616051
1689	0.323758002167999
1690	0.323961822395556
1691	0.324186537120785
1692	0.324377687652611
1693	0.324568656954154
1694	0.324654854875901
1695	0.324699367630961
1696	0.324802730806601
1697	0.324949554228494
1698	0.325008204713243
1699	0.324996810520624
1700	0.325040498197487
1701	0.324997189045563
1702	0.325042256340304
1703	0.32505799042067
1704	0.325118874381617
1705	0.325230943844799
1706	0.325334102817381
1707	0.325407323919158
1708	0.325521197442385
1709	0.32560800265861
1710	0.32574879092023
1711	0.325863298359988
1712	0.326008826615922
1713	0.326115737335995
1714	0.326195161432841
1715	0.326242417283809
1716	0.326233818754705
1717	0.326301104373022
1718	0.326321564029934
1719	0.32624763623263
1720	0.32615078545474
1721	0.326053376296208
1722	0.325908799257449
1723	0.325819812078064
1724	0.325655521019969
1725	0.325574521250259
1726	0.325450535841905
1727	0.325350865086239
1728	0.325266019276456
1729	0.325200215842252
1730	0.325146299599689
1731	0.325076882401236
1732	0.325052504054867
1733	0.324997713048963
1734	0.324899598715152
1735	0.324882676482796
1736	0.32482580460438
1737	0.32473270561285
1738	0.324650777853354
1739	0.324471230734171
1740	0.32435635114797
1741	0.324293477598169
1742	0.32416138928579
1743	0.324063569575371
1744	0.323928977851444
1745	0.323755412830422
1746	0.323656380750774
1747	0.323613572720135
1748	0.3235398713391
1749	0.323514757658572
1750	0.3234835091812
1751	0.32349435291378
1752	0.323473617414783
1753	0.323412096267853
1754	0.323450747490009
1755	0.323452424089311
1756	0.323369584116732
1757	0.323338755682796
1758	0.323206407425047
1759	0.323129577599439
1760	0.323038084747846
1761	0.322958654498419
1762	0.322818871289826
1763	0.322703990432153
1764	0.322568575386101
1765	0.322422753839646
1766	0.322266333280539
1767	0.322102104838395
1768	0.32194080336151
1769	0.321767129833904
1770	0.321607377480771
1771	0.321528279870467
1772	0.321439123289069
1773	0.321463991804716
1774	0.321491602662916
1775	0.321518578764322
1776	0.321478246156246
1777	0.321479268712503
1778	0.321489009457564
1779	0.321446512901162
1780	0.321403261895517
1781	0.321411485226917
1782	0.321394370240807
1783	0.321352408714766
1784	0.32124009861797
1785	0.32114809971183
1786	0.321016839988184
1787	0.320863032162187
1788	0.320807512948635
1789	0.320786373151391
1790	0.320726129499535
1791	0.320635118652557
1792	0.320560596260081
1793	0.320533741700435
1794	0.320572042655204
1795	0.320564484582789
1796	0.320620097039194
1797	0.320571132779963
1798	0.320606007258253
1799	0.320676769171368
1800	0.320666491441322
1801	0.320769401053857
1802	0.320833084368114
1803	0.320842904613467
1804	0.32090964359321
1805	0.320936762804286
1806	0.320929543572727
1807	0.32084201717488
1808	0.32074597975097
1809	0.320647543490192
1810	0.320547669563024
1811	0.320459071023377
1812	0.320473076191156
1813	0.320396838448862
1814	0.320416984700088
1815	0.320408108218859
1816	0.320337557982071
1817	0.320369395279375
1818	0.320446466531443
1819	0.32047715487208
1820	0.320545425841236
1821	0.320584449965655
1822	0.320566266694142
1823	0.320618992663649
1824	0.320640542200237
1825	0.320770722752744
1826	0.32080863896614
1827	0.320843654242033
1828	0.320848604352235
1829	0.320859891249757
1830	0.320827352032002
1831	0.320308801981242
1832	0.320306520092861
1833	0.320324963793314
1834	0.320392039224806
1835	0.320588661364212
1836	0.320601551199288
1837	0.320324922117799
1838	0.320261143942844
1839	0.320228719285198
1840	0.320233356130959
1841	0.320312755130212
1842	0.320571182482049
1843	0.320717207311143
1844	0.320809030594022
1845	0.320908092394562
1846	0.320909666636871
1847	0.320984171390766
1848	0.321072344326796
1849	0.321251516113851
1850	0.321472214748785
1851	0.321494011665999
1852	0.321517845090439
1853	0.321545348499869
1854	0.321547308214577
1855	0.321483814583477
1856	0.321442534108296
1857	0.321488386504544
1858	0.321414571373973
1859	0.321190579582444
1860	0.321108610956783
1861	0.321100859991932
1862	0.321048109828101
1863	0.320943100527242
1864	0.32084377583514
1865	0.32080871439812
1866	0.320670583294457
1867	0.320665964718545
1868	0.320763617757773
1869	0.320951015173995
1870	0.321092395878629
1871	0.321251634029839
1872	0.321338522632966
1873	0.321427883960011
1874	0.321497452242377
1875	0.321514908424547
1876	0.321464163704462
1877	0.321390025092976
1878	0.321307118847338
1879	0.321179146999181
1880	0.320984754938391
1881	0.320866210430117
1882	0.3207487513443
1883	0.320644712258051
1884	0.32056336065097
1885	0.320464856370397
1886	0.32034125993136
1887	0.320243746828563
1888	0.320132566947187
1889	0.319909682663276
1890	0.319873522709817
1891	0.319955141529305
1892	0.319967206404648
1893	0.320169882595781
1894	0.320169882595781
1895	0.320047747803978
1896	0.319987452143263
1897	0.319928924933829
1898	0.319867588469651
1899	0.319859163902023
1900	0.319972372242964
1901	0.319908516356716
1902	0.319771452058854
1903	0.319641670679741
1904	0.319524013454818
1905	0.319328794138214
1906	0.319045633209996
1907	0.318936375500996
1908	0.318836136317815
1909	0.318682188001825
1910	0.318602891160424
1911	0.318738143888141
1912	0.318677940711308
1913	0.318490352701091
1914	0.318409091330421
1915	0.318335506482698
1916	0.318292288678446
1917	0.318343968679783
1918	0.318379919250231
1919	0.318434710768
1920	0.318526462319846
1921	0.318649266256302
1922	0.318768674297272
1923	0.318900363112508
1924	0.319026889704447
1925	0.319158088793961
1926	0.319311125743543
1927	0.319432430194667
1928	0.319514901168783
1929	0.319643407740687
1930	0.319675251945643
1931	0.319648755102648
1932	0.319591924340437
1933	0.319480302093043
1934	0.319385304621612
1935	0.319194880988094
1936	0.319063229477747
1937	0.31898316222315
1938	0.318900701207274
1939	0.318818402533451
1940	0.31879483890561
1941	0.318731224989934
1942	0.318612912269717
1943	0.318595529839609
1944	0.318667360413717
1945	0.318687946821705
1946	0.318779521768435
1947	0.318798740563723
1948	0.318801721520375
1949	0.318702454335402
1950	0.318767442392576
1951	0.318850042163144
1952	0.319018034118056
1953	0.31933416632995
1954	0.319434170002718
1955	0.319514586067163
1956	0.319537651138692
1957	0.319442787507263
1958	0.319407380628217
1959	0.319457670202643
1960	0.319454441172404
1961	0.319416655144501
1962	0.319380312920324
1963	0.31927490851604
1964	0.319103589011502
1965	0.319007298598763
1966	0.318888583032466
1967	0.318839178788829
1968	0.318807568940028
1969	0.318785549911962
1970	0.318761234064034
1971	0.318753144324186
1972	0.318784705710814
1973	0.318878696378308
1974	0.318946986300478
1975	0.318976651286643
1976	0.319054262776849
1977	0.319091666286315
1978	0.319207433061924
1979	0.319344952967415
1980	0.319489846690134
1981	0.319642632944079
1982	0.31970424533819
1983	0.319762998257753
1984	0.31980455865307
1985	0.319881956279015
1986	0.319979474956473
1987	0.320018857238877
1988	0.319931548609241
1989	0.319960509940453
1990	0.319979403956418
1991	0.320086291806902
1992	0.320239113785278
1993	0.320455600141173
1994	0.320514152255375
1995	0.320466859956465
1996	0.320496353758119
1997	0.320467488926457
1998	0.320535582106561
1999	0.320711250725037
2000	0.320818250975761
2001	0.320936618096033
2002	0.321092074711163
2003	0.32123683251553
2004	0.321469882200069
2005	0.321630928255636
2006	0.321917965144569
2007	0.322131836741216
2008	0.32234794234932
2009	0.322522758821247
2010	0.322732575496798
2011	0.322976893132035
2012	0.323200905850549
2013	0.323417532766919
2014	0.323585875997193
2015	0.32370694353608
2016	0.323809102853459
2017	0.323936720737958
2018	0.323955497778088
2019	0.323993291403929
2020	0.324054270612985
2021	0.324000140197784
2022	0.324070914293653
2023	0.324234699780592
2024	0.324394876880071
2025	0.324524191746152
2026	0.324694773052277
2027	0.324893732603493
2028	0.325103537983043
2029	0.32532384714135
2030	0.325557318014738
2031	0.32571029619734
2032	0.325774056488946
2033	0.32597751392238
2034	0.326036074440561
2035	0.326270552913869
2036	0.326730695110654
2037	0.327026641703839
2038	0.327301749914697
2039	0.327507739875477
2040	0.327695697530269
2041	0.32781124258563
2042	0.327891294871146
2043	0.328006097783952
2044	0.328152881308317
2045	0.328399430636496
2046	0.328516783474334
2047	0.328585353725496
2048	0.32860118867364
2049	0.328383915933525
2050	0.328400038379268
2051	0.328512878417454
2052	0.328575083525565
2053	0.328601108033241
2054	0.328633228201005
2055	0.328517536007202
2056	0.32837452328886
2057	0.32844004057412
2058	0.328495176880827
2059	0.328511521307475
2060	0.328551530088813
2061	0.328630174458071
2062	0.328713279958042
2063	0.328843876664983
2064	0.328976733972305
2065	0.329100303474512
2066	0.329316103924149
2067	0.329393615229945
2068	0.329478266533315
2069	0.329754122565095
2070	0.329948768997923
2071	0.330067357995587
2072	0.330178936927369
2073	0.330294861399879
2074	0.330406985076379
2075	0.330427898838835
2076	0.330498339285237
2077	0.330668745698768
2078	0.330686935262425
2079	0.33057752336277
2080	0.330597515584405
2081	0.33066966932626
2082	0.330424180362031
2083	0.330431779288398
2084	0.330443691015314
2085	0.330398135521763
2086	0.330245058341543
2087	0.330263235718349
2088	0.330312156714109
2089	0.33035192065387
2090	0.330540310120497
2091	0.330569491764634
2092	0.330517323467846
2093	0.330483097203537
2094	0.330573251737658
2095	0.330703091509998
2096	0.33086937772225
2097	0.331021856155473
2098	0.331168328843054
2099	0.331128590530382
2100	0.331255281942967
2101	0.331506554698784
2102	0.331655900084485
2103	0.331797846168781
2104	0.331926298116734
2105	0.332081764507332
2106	0.332057969693897
2107	0.331921306048712
2108	0.331894705258288
2109	0.331705332033244
2110	0.331579570851802
2111	0.331505235822154
2112	0.331394679359013
2113	0.331211830593019
2114	0.33101131292733
2115	0.330907906535937
2116	0.330895667262344
2117	0.330780469335875
2118	0.330608070058572
2119	0.330503132590568
2120	0.330293518259743
2121	0.330209935625224
2122	0.330254136613447
2123	0.330262254776283
2124	0.330208158368168
2125	0.330188936932795
2126	0.330063477663755
2127	0.329900976285099
2128	0.329906749573668
2129	0.329722542593028
2130	0.329493103093761
2131	0.32934330871256
2132	0.329084927299288
2133	0.32870148459807
2134	0.328499180548421
2135	0.328414664815262
2136	0.328199914675055
2137	0.328131490950147
2138	0.32791398297686
2139	0.327484913491923
2140	0.32712999885309
2141	0.326739334482222
2142	0.326401501264914
2143	0.32607496084805
2144	0.325602978506486
2145	0.32511947651259
2146	0.324586893770148
2147	0.324076599601168
2148	0.323592006088681
2149	0.323184834298437
2150	0.322812568705682
2151	0.322322192500896
2152	0.321711006759223
2153	0.321217361981188
2154	0.320688027533378
2155	0.320216378986288
2156	0.320010377340007
2157	0.319765481236289
2158	0.319226740614046
2159	0.318679380486859
2160	0.318260808623663
2161	0.317616316155887
2162	0.317123962606575
2163	0.316657799126694
2164	0.316134975038053
2165	0.315363391442222
2166	0.314884392841382
2167	0.314541697220465
2168	0.314096002774749
2169	0.313622826895913
2170	0.313302899109754
2171	0.31307329095365
2172	0.312786103144302
2173	0.312763984181659
2174	0.312775979065386
2175	0.31251397414457
2176	0.31235197547014
2177	0.312332634085675
2178	0.312227810248161
2179	0.312006759498369
2180	0.311827567548823
2181	0.311584037420833
2182	0.311215879917816
2183	0.310914748504899
2184	0.31061640386437
2185	0.310321259449981
2186	0.30990784935175
2187	0.3095639510454
2188	0.309268433405733
2189	0.308990086320597
2190	0.308761567282616
2191	0.308403530989669
2192	0.307948738676868
2193	0.307741077082327
2194	0.307335061092579
2195	0.306978589058183
2196	0.306827080812864
2197	0.306356215634034
2198	0.305953245276616
2199	0.305779021743933
2200	0.305459033794619
2201	0.305194604401115
2202	0.304976485021194
2203	0.304762747038047
2204	0.304481088115281
2205	0.304198538664615
2206	0.303868015315022
2207	0.303403821997772
2208	0.303107791272306
2209	0.302961358689307
2210	0.302794479760362
2211	0.302651599634608
2212	0.302565700043515
2213	0.302425026276895
2214	0.302325251080424
2215	0.302248356834764
2216	0.302353518522454
2217	0.302688604353557
2218	0.302840493005523
2219	0.302974269345634
2220	0.303137814512703
2221	0.303299848718462
2222	0.303481679656483
2223	0.303699838197395
2224	0.304046895632115
2225	0.304292338616605
2226	0.304408710820689
2227	0.304732281035125
2228	0.305123936987516
2229	0.305595310089742
2230	0.3062571410425
2231	0.306817157794112
2232	0.307372550687895
2233	0.308005874533825
2234	0.308421303224504
2235	0.308894714179391
2236	0.309355644384099
2237	0.309622391228044
2238	0.310074178865914
2239	0.310522828320992
2240	0.31093069507764
2241	0.311585780231951
2242	0.312230031484207
2243	0.312740690000038
2244	0.313254454645257
2245	0.313777411246979
2246	0.314371128303411
2247	0.315045944996365
2248	0.315634763062606
2249	0.316306565141875
2250	0.316890233156513
2251	0.317375254935954
2252	0.31787840984712
2253	0.318457845459118
2254	0.319074616817003
2255	0.319707341659678
2256	0.320235757534938
2257	0.320798705683899
2258	0.321426854314608
2259	0.321995658196411
2260	0.322499990863708
2261	0.322997963572386
2262	0.323405240595421
2263	0.323979871209277
2264	0.32476973928717
2265	0.325509703417882
2266	0.326135420643537
2267	0.326583367644165
2268	0.326938713846908
2269	0.327336613339256
2270	0.327695686795308
2271	0.328082552575572
2272	0.328572986709288
2273	0.328900196109104
2274	0.329070670213261
2275	0.329369022350587
2276	0.329781212548426
2277	0.329951565598349
2278	0.329949496397137
2279	0.33007168303506
2280	0.330111389524836
2281	0.330089653527389
2282	0.330346526061039
2283	0.33056142675963
2284	0.330777408492363
2285	0.330794294253294
2286	0.330739297486959
2287	0.330923498264819
2288	0.331273585263965
2289	0.331353131838266
2290	0.331478621285477
2291	0.331571857896123
2292	0.331542380473646
2293	0.331877277412542
2294	0.332201758201296
2295	0.332448663360393
2296	0.332725976608221
2297	0.332957006253948
2298	0.333097091429092
2299	0.333068468049195
2300	0.333317281196831
2301	0.333631562242992
2302	0.333812487384214
2303	0.334181923418697
2304	0.334402465940801
2305	0.334325151001803
2306	0.334200958466249
2307	0.334110166037062
2308	0.33396582551073
2309	0.333998196074518
2310	0.333722960381218
2311	0.333382578429018
2312	0.332907798434348
2313	0.332567002605244
2314	0.332158604745783
2315	0.331927218800912
2316	0.331998954125778
2317	0.331742803884993
2318	0.331478265787119
2319	0.33114586865381
2320	0.330788342172626
2321	0.330548405438808
2322	0.330390080901602
2323	0.330469024777633
2324	0.330389679786664
2325	0.330017674848518
2326	0.32974550252958
2327	0.329576929795766
2328	0.329254437197544
2329	0.32919983100486
2330	0.32962264279447
2331	0.329608111473543
2332	0.329476956145763
2333	0.329461735661334
2334	0.329284097781114
2335	0.329287105624837
2336	0.329474266184158
2337	0.32951748758524
2338	0.329578889110936
2339	0.329602076576954
2340	0.329567471594076
2341	0.329570393592239
2342	0.32969467238489
2343	0.329615026735341
2344	0.32932409991006
2345	0.329325908500899
2346	0.329422477673847
2347	0.329707902897968
2348	0.329794192146676
2349	0.330040672966905
2350	0.330040768160362
2351	0.329512415188414
2352	0.329234766542452
2353	0.329287601339887
2354	0.328879660343402
2355	0.328500245811434
2356	0.328282259035118
2357	0.327783879827024
2358	0.327188370399637
2359	0.326833522662215
2360	0.326438555769469
2361	0.325820732026168
2362	0.325212934926003
2363	0.324877227701374
2364	0.324224617049914
2365	0.323483821395445
2366	0.322931602321386
2367	0.322525501518774
2368	0.322081235038089
2369	0.321665963409909
2370	0.321329712161742
2371	0.320966144657551
2372	0.32048097785401
2373	0.320124367719432
2374	0.319512767754323
2375	0.318283698388168
2376	0.317635206291509
2377	0.317223178847412
2378	0.316706351072151
2379	0.316634360456279
2380	0.316179505137073
2381	0.315297969725406
2382	0.314733380769131
2383	0.314541398734629
2384	0.3141180052633
2385	0.31368893604901
2386	0.313304550714326
2387	0.312758934358568
2388	0.31244233254757
2389	0.312427931570018
2390	0.312184002066406
2391	0.311700243375418
2392	0.31142513815614
2393	0.311051478026736
2394	0.310764342438831
2395	0.310469444327052
2396	0.310231141296357
2397	0.310001522863211
2398	0.309656815557024
2399	0.309086538576913
2400	0.309054345401709
2401	0.308812310521647
2402	0.308157767855953
2403	0.307798907579099
2404	0.307183424356685
2405	0.306782480912056
2406	0.306882035777073
2407	0.306668174131207
2408	0.306501906162497
2409	0.306004191327955
2410	0.305234999060418
2411	0.305005352450219
2412	0.304709323323101
2413	0.304669146521592
2414	0.304567633071234
2415	0.304403107816762
2416	0.304205920884329
2417	0.303495815243824
2418	0.302973726903001
2419	0.303104980069385
2420	0.30289805282579
2421	0.302729813916385
2422	0.302891263711097
2423	0.302419415360274
2424	0.301927737857547
2425	0.301834955997871
2426	0.302176390337555
2427	0.302074977677626
2428	0.302001273814171
2429	0.302082818651243
2430	0.302088510941805
2431	0.302052602129486
2432	0.302368515797792
2433	0.302403620202461
2434	0.301975728523899
2435	0.302069807110425
2436	0.302486805359715
2437	0.302821717167874
2438	0.303570031283124
2439	0.303646130269319
2440	0.303356210689125
2441	0.30323067637819
2442	0.302718523648686
2443	0.302726127035474
2444	0.303313191249475
2445	0.303465977497753
2446	0.303751479864268
2447	0.303590078412903
2448	0.302699163120384
2449	0.302572425621445
2450	0.302273674849034
2451	0.302176454562905
2452	0.302422137282866
2453	0.302404205436622
2454	0.302473614894163
2455	0.302084594424157
2456	0.301446811662092
2457	0.301210012000686
2458	0.300551558929451
2459	0.300140414267219
2460	0.30016904537492
2461	0.299821771351065
2462	0.298907225496307
2463	0.298595325349747
2464	0.298781857275574
2465	0.298588451117089
2466	0.298427946729404
2467	0.298053890971757
2468	0.297458612437658
2469	0.296841677076025
2470	0.2964277548382
2471	0.295960197835749
2472	0.295162538542372
2473	0.294831984328583
2474	0.295193326627466
2475	0.29513301824292
2476	0.295424826763798
2477	0.295471093888877
2478	0.295538785182659
2479	0.295685715361253
2480	0.296081871248289
2481	0.296206282135846
2482	0.296317848841842
2483	0.296019512323618
2484	0.295381174530052
2485	0.294831419944919
2486	0.293854845649086
2487	0.293311593026308
2488	0.292907675910719
2489	0.292453492464493
2490	0.292352087431304
2491	0.292191796033347
2492	0.29247419606024
2493	0.292267186378728
2494	0.292190037318904
2495	0.291839610909019
2496	0.29064453284131
2497	0.290243856579416
2498	0.290278856232158
2499	0.290169094743359
2500	0.290100554184569
