350	0.330205432457521
351	0.310899726230801
352	0.348831635187784
353	0.361117664344753
354	0.367540778896433
355	0.354075212989579
356	0.361163707880449
357	0.35702887331595
358	0.358793341163254
359	0.346309920096577
360	0.352930977143978
361	0.352055144243043
362	0.347667240261232
363	0.350238370220792
364	0.349003575734421
365	0.344985889482788
366	0.351938144243184
367	0.354595975700983
368	0.347636122177955
369	0.350983920921746
370	0.341558428085318
371	0.321815878306563
372	0.330596378300826
373	0.336399378057662
374	0.342617150964454
375	0.335063233517558
376	0.331153158019107
377	0.334136170235993
378	0.334157948608877
379	0.329822234393109
380	0.332254549512666
381	0.328427382232947
382	0.32891977995627
383	0.335347393740554
384	0.324440547058129
385	0.319550900259272
386	0.322746985514454
387	0.324970176881942
388	0.319684564759644
389	0.314300693213087
390	0.315468218908325
391	0.316402207342449
392	0.309154676834187
393	0.30836304518926
394	0.309877020947971
395	0.312604796201438
396	0.313992321735563
397	0.308944410445801
398	0.30697464735957
399	0.306161388537642
400	0.310936836918855
401	0.31108826734567
402	0.308358951911081
403	0.31018529239342
404	0.310040790509373
405	0.305481874447392
406	0.305155400999783
407	0.308213925559103
408	0.310015263119641
409	0.307468410647329
410	0.303597749407098
411	0.305175705179789
412	0.3027960018475
413	0.301629280486211
414	0.299082756616572
415	0.298872054219433
416	0.29955990395298
417	0.297011964497773
418	0.294699847219316
419	0.29458688741305
420	0.295581560707854
421	0.294115584639867
422	0.290401617663715
423	0.28824558781088
424	0.288494825200937
425	0.288358886857805
426	0.284805100777728
427	0.28292715442549
428	0.281439569325425
429	0.2811377547001
430	0.279227841703975
431	0.277735414075431
432	0.277028586507427
433	0.276453832927926
434	0.274378368322219
435	0.273821845182322
436	0.273888108726042
437	0.273441523320939
438	0.272659368898016
439	0.271176993051225
440	0.270712830089937
441	0.271294920973843
442	0.270995266002132
443	0.269681275346257
444	0.268653872110701
445	0.26837225828193
446	0.268363744216933
447	0.267882947745337
448	0.266293571443065
449	0.265556498957301
450	0.26594362630096
451	0.265419720190478
452	0.264422176373369
453	0.264437710745971
454	0.264410537843157
455	0.263935561211724
456	0.262316483550872
457	0.26235268142644
458	0.262381640275858
459	0.260993830526393
460	0.259871340978415
461	0.259258008055868
462	0.259528902917884
463	0.259393587961871
464	0.258673796575422
465	0.25792918385704
466	0.257503243077181
467	0.257420615043386
468	0.256694346687932
469	0.255636784217502
470	0.255052315254434
471	0.255215839672886
472	0.255096277732429
473	0.254451467094169
474	0.253716286032304
475	0.253328249471881
476	0.253286399341775
477	0.252837399997987
478	0.25220138574644
479	0.252042910613993
480	0.251844771070993
481	0.251686605560563
482	0.251019341825928
483	0.25067117415211
484	0.25022837504439
485	0.249993111239701
486	0.249559390890693
487	0.249258142735297
488	0.24881440086075
489	0.248593681782594
490	0.248182301993858
491	0.248334057954453
492	0.248121156166044
493	0.248077663194482
494	0.24756119274666
495	0.247310820686478
496	0.247489002085031
497	0.247552715216629
498	0.247231115105435
499	0.246749673085233
500	0.246688081201427
501	0.246574421486475
502	0.246565155725773
503	0.24624612486758
504	0.246116788417982
505	0.245694440317325
506	0.245557679499229
507	0.245402707746346
508	0.245389628651865
509	0.245599347494521
510	0.245580558355188
511	0.244966919819471
512	0.244984238649588
513	0.245143089014379
514	0.245180298178025
515	0.244775622149275
516	0.244226427545178
517	0.243990590567167
518	0.244146313701272
519	0.244093204224727
520	0.243833561442277
521	0.243625759444668
522	0.243534058773321
523	0.243638978681958
524	0.243506864993943
525	0.243373344976363
526	0.243521147477704
527	0.243706605298924
528	0.243668624003489
529	0.243349554276479
530	0.243363041201076
531	0.24331124061045
532	0.243424937178261
533	0.243395902680944
534	0.243291069359137
535	0.243195153566186
536	0.24317660918064
537	0.243005874767951
538	0.242987927832776
539	0.242999193524206
540	0.243065709355672
541	0.242922973480341
542	0.242790391305243
543	0.242860002542345
544	0.242954426759637
545	0.242859925336548
546	0.242898389772912
547	0.242942011471318
548	0.242946868524418
549	0.242965036373413
550	0.242808321480703
551	0.242701141279726
552	0.242816794782397
553	0.242922818584769
554	0.242963493185985
555	0.242961821850079
556	0.242989623432973
557	0.243038138095135
558	0.243116406377933
559	0.24278846050356
560	0.242839081706914
561	0.242959540487097
562	0.242969749843243
563	0.24284900112337
564	0.242803811805864
565	0.242934385602646
566	0.24296387088901
567	0.242954951396366
568	0.242942963492529
569	0.242899989010074
570	0.243066013262549
571	0.243026739957852
572	0.242836022788567
573	0.242823621536018
574	0.242874021762247
575	0.242940183934362
576	0.242870964341828
577	0.242770493083904
578	0.242814624405522
579	0.242882544097714
580	0.2428777266308
581	0.242647808230893
582	0.242601381383092
583	0.242777691591332
584	0.242812611127272
585	0.242778415387362
586	0.242690772800404
587	0.24273349606191
588	0.24270742437095
589	0.242542760960916
590	0.242378656837849
591	0.242320322524749
592	0.242308177897454
593	0.242251745774387
594	0.242185633743288
595	0.242283566225172
596	0.242393034462726
597	0.242303509799279
598	0.242087967127421
599	0.242035830086552
600	0.242086657582092
601	0.242041076955177
602	0.241917513706023
603	0.241778491501101
604	0.241701500034107
605	0.241756769219203
606	0.241869093799915
607	0.241782417988462
608	0.241692819039829
609	0.241762345331482
610	0.241837453477124
611	0.241811237780301
612	0.241826994365946
613	0.241844198664986
614	0.241931328724672
615	0.241950086899564
616	0.241831979263528
617	0.241850353596369
618	0.241843320188473
619	0.241886569948713
620	0.241950958345154
621	0.241953123711495
622	0.242017156467416
623	0.24204932981797
624	0.241917141848194
625	0.24192435210296
626	0.241933751345217
627	0.241959267105762
628	0.241921971120024
629	0.241875985338169
630	0.241916855841342
631	0.241978139848091
632	0.241880963369787
633	0.241814117323662
634	0.24183975074507
635	0.241908808387744
636	0.241929738915089
637	0.241904256524121
638	0.241898061387758
639	0.241973590224209
640	0.242055779861784
641	0.242019098536813
642	0.241890087123395
643	0.241906400307708
644	0.242015198545676
645	0.241942240882809
646	0.241854470571714
647	0.241884587513946
648	0.241936347358827
649	0.241787619643164
650	0.241726671679642
651	0.241752630681695
652	0.241754338740458
653	0.241877749339929
654	0.241800850530222
655	0.241667258479844
656	0.24172534140966
657	0.241708703236933
658	0.241606871574325
659	0.241518751325065
660	0.241514369129049
661	0.241670618970071
662	0.241759723208625
663	0.241677455358223
664	0.24163543924649
665	0.241756412765574
666	0.241780366741614
667	0.241718080950667
668	0.241667280307132
669	0.241710155976119
670	0.24176185379958
671	0.241686255756767
672	0.24162147434819
673	0.241594414682071
674	0.241639572807336
675	0.241694755990122
676	0.241676205480944
677	0.241602182060605
678	0.241702327594638
679	0.241686567145165
680	0.241608766057077
681	0.241628693668199
682	0.241669335870979
683	0.241690158913538
684	0.241659099917886
685	0.241610652682371
686	0.241651539246893
687	0.241617364817269
688	0.241536518549421
689	0.24140486631697
690	0.241279788405063
691	0.241333944085256
692	0.241396683432508
693	0.241403374922237
694	0.241610047660472
695	0.242070557916043
696	0.242674715510083
697	0.242894716618509
698	0.24260365406283
699	0.242010004503872
700	0.241663002995345
701	0.241538033304043
702	0.241462597551375
703	0.241442414605069
704	0.241424901163145
705	0.241464426981641
706	0.241419330960147
707	0.241398744687956
708	0.241423654066035
709	0.241441112816789
710	0.241384322424274
711	0.241385496191425
712	0.24140705890085
713	0.241423248533582
714	0.241405222163009
715	0.241350485571227
716	0.241283411865462
717	0.241307068663307
718	0.241280861658272
719	0.241257403705242
720	0.241126682878114
721	0.24103359013753
722	0.240971749276711
723	0.240958056060186
724	0.240948111123801
725	0.241026448672236
726	0.241053911507655
727	0.24095392581899
728	0.24083456453625
729	0.240876547790453
730	0.240919379649471
731	0.24088611332661
732	0.240755274255041
733	0.240762986073238
734	0.24075043586023
735	0.240739319222635
736	0.240727637604106
737	0.240684355993912
738	0.240667581815307
739	0.240735760234409
740	0.24070872054714
741	0.240680162578145
742	0.240660304114093
743	0.240653504570682
744	0.240646395985018
745	0.240594343757538
746	0.240616351591611
747	0.240569460692961
748	0.240544428588898
749	0.24052766264978
750	0.240507328717822
751	0.240466841476324
752	0.24045026631739
753	0.240433348986186
754	0.240386099327134
755	0.240369242185798
756	0.240359709622312
757	0.240327592447941
758	0.240282122950165
759	0.240271728402784
760	0.240266581407579
761	0.240205839644985
762	0.239939512436206
763	0.239718212768186
764	0.239604485490145
765	0.239572233384456
766	0.239557248828621
767	0.239585794738674
768	0.239686615160875
769	0.239745231730443
770	0.23976973068422
771	0.239797527627843
772	0.239901648625344
773	0.239951138060952
774	0.239860581665499
775	0.239806404090145
776	0.239837581342739
777	0.239833878770984
778	0.239820685858715
779	0.239775349099869
780	0.239718360887304
781	0.239678860584289
782	0.239677792318425
783	0.239671691757149
784	0.239640963229692
785	0.239634385127363
786	0.239585699297808
787	0.239557024223232
788	0.239500778492023
789	0.239434189388707
790	0.239400768994741
791	0.239409170658701
792	0.239338735717022
793	0.239338651675855
794	0.239341109497449
795	0.239287535687166
796	0.239246919455854
797	0.239221727420256
798	0.239173902954783
799	0.23916301385794
800	0.239081614194379
801	0.239075746136007
802	0.23911627172949
803	0.239124547800844
804	0.239071301323774
805	0.239001409704485
806	0.239002610936713
807	0.238962988992034
808	0.238907831540538
809	0.238861624345141
810	0.238841328108674
811	0.238856326166395
812	0.238843289441798
813	0.238804256553736
814	0.238728137551434
815	0.238714625020624
816	0.238658858936418
817	0.238588408544223
818	0.238495799425224
819	0.238461355491421
820	0.238455434791789
821	0.238458566220212
822	0.238434525039646
823	0.238428827099982
824	0.238413120128266
825	0.238424369076736
826	0.238366114517034
827	0.238319053778177
828	0.238301735449125
829	0.238352970581489
830	0.238277947759148
831	0.238226916849376
832	0.238266993049709
833	0.238270756877287
834	0.238234426780563
835	0.238186989908858
836	0.238112597608558
837	0.238159848895868
838	0.238087231011567
839	0.238035849116885
840	0.238083106517137
841	0.238080116022153
842	0.238068458151055
843	0.238023313590277
844	0.237947360771334
845	0.237939670347045
846	0.23794043477284
847	0.237899555069604
848	0.237832280157819
849	0.237807168652313
850	0.237750284723562
851	0.237739483663782
852	0.237663511693235
853	0.237637728458311
854	0.23763426140966
855	0.237555655367709
856	0.237530122982398
857	0.237518545880766
858	0.237533389674479
859	0.237470296430416
860	0.237403187237769
861	0.237474441618297
862	0.237489262445914
863	0.237460690350951
864	0.237411917082252
865	0.237381553282105
866	0.237363198305826
867	0.23736977697435
868	0.237256764229365
869	0.237242280190684
870	0.237264503813294
871	0.237215032143664
872	0.237110053648104
873	0.237111226678681
874	0.237087097050029
875	0.23709724385434
876	0.237016340769433
877	0.236979647773205
878	0.23697181151735
879	0.236941025846459
880	0.236928569990777
881	0.236884225936731
882	0.23684332069866
883	0.236819446533982
884	0.236833159274916
885	0.236859781274986
886	0.236827583113562
887	0.236769465219143
888	0.236726877845537
889	0.236678777320039
890	0.236663506360168
891	0.236645619540462
892	0.236673187305123
893	0.236653229429721
894	0.236595951145001
895	0.236555435824562
896	0.236533821245451
897	0.236377147220082
898	0.236317119382488
899	0.236365068437002
900	0.23636822923115
901	0.236306646929142
902	0.236154791418533
903	0.236081354211126
904	0.236153610897603
905	0.23614470361151
906	0.236054593642753
907	0.236086348768158
908	0.236058422087878
909	0.236088153054325
910	0.23604067156294
911	0.235921208030302
912	0.235923865116626
913	0.235901795111161
914	0.235871636109511
915	0.235800260319493
916	0.235819151188698
917	0.235804516681915
918	0.235698841465726
919	0.235671344315531
920	0.235715580325694
921	0.23571894897916
922	0.235727280790447
923	0.235684170900354
924	0.235600477563679
925	0.235517366931439
926	0.235514664736392
927	0.235425513014679
928	0.235416007186238
929	0.235447911606255
930	0.235457195240389
931	0.23526735059375
932	0.235211236353742
933	0.235206658133828
934	0.235119082465969
935	0.234998885134176
936	0.235080191192351
937	0.2351144950493
938	0.235101663238494
939	0.234913464387829
940	0.234815039864306
941	0.234835827352733
942	0.234825042529635
943	0.234780429685058
944	0.23481484937418
945	0.23476294299244
946	0.234739717040551
947	0.234557531410399
948	0.234392438413303
949	0.234364701571094
950	0.234405249390588
951	0.234351141583205
952	0.234255162387608
953	0.234379195243349
954	0.234321982541773
955	0.234256851980777
956	0.234210672250677
957	0.234303235882502
958	0.234360812769662
959	0.234300229878894
960	0.234317453648609
961	0.23438498059527
962	0.23445278174469
963	0.234393514468094
964	0.234187750173102
965	0.234144712592039
966	0.234303092713389
967	0.23410711996355
968	0.233847328963938
969	0.233933548501431
970	0.234040261340056
971	0.234162247613887
972	0.234048352003854
973	0.233876166545673
974	0.234048672045127
975	0.234024711920953
976	0.233834992080892
977	0.233992727259211
978	0.234064908105338
979	0.233826724898346
980	0.233682434268618
981	0.233852204414086
982	0.23390697297312
983	0.233807885249994
984	0.233853579214456
985	0.233690213364841
986	0.233594637939882
987	0.233725187365368
988	0.233595749825648
989	0.233282714316757
990	0.233422193227631
991	0.233654625695324
992	0.233613439214508
993	0.233603661497704
994	0.23379789472913
995	0.233638022607835
996	0.233012010906343
997	0.233149408377984
998	0.23348083125576
999	0.23373627702228
1000	0.232940163340154
1001	0.22714187745966
1002	0.227086723604529
1003	0.227022692803564
1004	0.226938208581034
1005	0.226836894518342
1006	0.22684294798032
1007	0.226715261165763
1008	0.226468707339354
1009	0.226400921337789
1010	0.226348583431295
1011	0.226282386969188
1012	0.226461422967252
1013	0.226515604894101
1014	0.226419685480213
1015	0.226439392488905
1016	0.226347887270179
1017	0.226385845073111
1018	0.226295771748256
1019	0.22642427377657
1020	0.226361140229042
1021	0.226231765931542
1022	0.226118964256216
1023	0.226036855224603
1024	0.226039111728055
1025	0.226160402831146
1026	0.226222803734502
1027	0.226139313209233
1028	0.226066400480641
1029	0.225969710223548
1030	0.225796585343167
1031	0.225702740120796
1032	0.225763667525304
1033	0.225647137246705
1034	0.225670733289307
1035	0.225661380743737
1036	0.225462868568615
1037	0.225431456077311
1038	0.225480696055736
1039	0.225449553206265
1040	0.225530513329915
1041	0.22552231934587
1042	0.225621053662263
1043	0.225552763910132
1044	0.225467364907767
1045	0.225501758724954
1046	0.225417603411476
1047	0.225302474603794
1048	0.225264288298129
1049	0.225191266680983
1050	0.225197526106788
1051	0.225127858791501
1052	0.225155883745501
1053	0.225156815224712
1054	0.225184423414524
1055	0.225159137561429
1056	0.225179042958873
1057	0.225213126597021
1058	0.225190229903442
1059	0.225047716976168
1060	0.224978576814895
1061	0.224944397672028
1062	0.225008521313767
1063	0.225003952208018
1064	0.225090006526995
1065	0.225093981717972
1066	0.225036492030672
1067	0.224941181755395
1068	0.225042415818157
1069	0.225005014606134
1070	0.22494657772404
1071	0.224907327378914
1072	0.224880708479999
1073	0.224961861660027
1074	0.224946000456421
1075	0.224927501232958
1076	0.224969527501304
1077	0.224963926850785
1078	0.224939817043813
1079	0.224940131445665
1080	0.224950675251917
1081	0.224898559667551
1082	0.224873986854154
1083	0.224866532154389
1084	0.224932702578237
1085	0.224980150121672
1086	0.224928605004923
1087	0.224964586593184
1088	0.225012064248169
1089	0.22498706115465
1090	0.22496096871819
1091	0.224858863274762
1092	0.22490015538195
1093	0.224877869160429
1094	0.224916620397294
1095	0.224926039137391
1096	0.225006666190728
1097	0.225015222736907
1098	0.224953867529181
1099	0.22493861878845
1100	0.224918962709536
1101	0.224890291235209
1102	0.224881554957392
1103	0.224956324621284
1104	0.224930413225706
1105	0.224902076672667
1106	0.224797725726694
1107	0.224849435815382
1108	0.224903473764654
1109	0.224934005811029
1110	0.224957972332733
1111	0.224881023262943
1112	0.224877167412905
1113	0.224828087832486
1114	0.224742775340352
1115	0.224746940668458
1116	0.224786173977714
1117	0.224783136672047
1118	0.224751656687973
1119	0.224757296809157
1120	0.224726868942776
1121	0.224700184338756
1122	0.224736809547796
1123	0.224700526090951
1124	0.224683332725866
1125	0.224700742604769
1126	0.224702142192688
1127	0.224711081679931
1128	0.224676621901153
1129	0.224639373265307
1130	0.224582444925907
1131	0.224554961266581
1132	0.224604112307464
1133	0.22463995429235
1134	0.224608020307181
1135	0.224608960846191
1136	0.224591929184635
1137	0.224577311518503
1138	0.224543589511631
1139	0.224583773114696
1140	0.224591372334405
1141	0.224572770500191
1142	0.224521917794374
1143	0.22450627481075
1144	0.224550450356208
1145	0.224506180787675
1146	0.224524709072173
1147	0.224595058802568
1148	0.224617905228207
1149	0.224607041687505
1150	0.224612035854837
1151	0.224626423193011
1152	0.224643898200598
1153	0.224615677262355
1154	0.224628042176144
1155	0.224578077135473
1156	0.224608466331
1157	0.224666922242696
1158	0.224676981989002
1159	0.224674165766844
1160	0.224714411645858
1161	0.224766060902874
1162	0.224756285452946
1163	0.224775801325802
1164	0.224783598039086
1165	0.22477414447811
1166	0.22477794530205
1167	0.224860775756739
1168	0.224920040866879
1169	0.2249054556137
1170	0.224908195374058
1171	0.224953015753322
1172	0.224932964697056
1173	0.224964010731974
1174	0.224983682594434
1175	0.225005707121785
1176	0.225009520469539
1177	0.225022986959697
1178	0.225037688314205
1179	0.22507471696069
1180	0.225100825036595
1181	0.225133348493947
1182	0.225114388090631
1183	0.225122147624482
1184	0.225149689175881
1185	0.225142897919863
1186	0.225151552118692
1187	0.225210565104514
1188	0.22521682243079
1189	0.225223559742347
1190	0.225211299663323
1191	0.22518751779613
1192	0.225195157027879
1193	0.225238895881741
1194	0.225242462403285
1195	0.225318502897643
1196	0.225317996711896
1197	0.225256485687797
1198	0.225243236410117
1199	0.225222454643479
1200	0.225205376853275
1201	0.225222416521661
1202	0.225210927922775
1203	0.225230174629658
1204	0.225239729725288
1205	0.225238232967714
1206	0.225211866615242
1207	0.225184113066534
1208	0.225178798395829
1209	0.225141465554867
1210	0.225138508270018
1211	0.225157936525016
1212	0.225147576505573
1213	0.225106501609051
1214	0.225089729110614
1215	0.225105259897307
1216	0.22509781246021
1217	0.225122081117598
1218	0.225109448633562
1219	0.225121062185023
1220	0.225104505958377
1221	0.225049385633163
1222	0.225042534260655
1223	0.225034962298653
1224	0.224999014461638
1225	0.225015294283849
1226	0.224992983815192
1227	0.225001420307135
1228	0.224996572990011
1229	0.225060394091609
1230	0.22507298616265
1231	0.225099454700699
1232	0.225082005064518
1233	0.225055657791447
1234	0.225055657791447
1235	0.225107887233143
1236	0.225116612666073
1237	0.225043943144657
1238	0.225061391909352
1239	0.225038966058673
1240	0.22506514537837
1241	0.22508463853245
1242	0.225069435826053
1243	0.225093183215639
1244	0.225082315290642
1245	0.2251046572614
1246	0.22501200826223
1247	0.225012983470218
1248	0.225026253644737
1249	0.225035981359993
1250	0.225064905413775
1251	0.225092169887123
1252	0.225044246307486
1253	0.225050112303894
1254	0.225050775286839
1255	0.225082978169556
1256	0.225140553078632
1257	0.225151396490472
1258	0.225176222918423
1259	0.225174418560228
1260	0.225143082112361
1261	0.225158893642494
1262	0.225095155617878
1263	0.225128630929436
1264	0.225134513342007
1265	0.225169456808209
1266	0.225150936738074
1267	0.225095298240078
1268	0.225103317850248
1269	0.22518398894174
1270	0.225188211570458
1271	0.225230216358991
1272	0.225239529604405
1273	0.225191648414992
1274	0.225162123713559
1275	0.225119255448238
1276	0.225099512129628
1277	0.225126080677514
1278	0.225178781927816
1279	0.225209791307522
1280	0.225255000510357
1281	0.225257893587886
1282	0.225254698770344
1283	0.225184864632504
1284	0.225214329732691
1285	0.225137266587175
1286	0.225204083366164
1287	0.225229848919179
1288	0.225334125891118
1289	0.225347040898187
1290	0.225345152732839
1291	0.225344527234183
1292	0.225375549876026
1293	0.225431516134799
1294	0.225478312298551
1295	0.225500608108324
1296	0.225462115465655
1297	0.225449701687561
1298	0.225503584058694
1299	0.225533552255392
1300	0.225548205069671
1301	0.225527718634123
1302	0.225497207935682
1303	0.225527878810714
1304	0.225571352146237
1305	0.225599580515714
1306	0.225658122198615
1307	0.225707990888905
1308	0.22575952138833
1309	0.225869731409432
1310	0.225905250278397
1311	0.225924825155871
1312	0.22596717704403
1313	0.225943875858472
1314	0.225983067985763
1315	0.226058530951183
1316	0.22605068050812
1317	0.226026113670495
1318	0.226001577993217
1319	0.226079270875996
1320	0.22605324938917
1321	0.226046843326706
1322	0.226085390437685
1323	0.226092894823444
1324	0.22613339124148
1325	0.226130581966367
1326	0.226150193238854
1327	0.226119937798924
1328	0.22610618596705
1329	0.226103365062448
1330	0.226106791178711
1331	0.226116609150399
1332	0.226082302072415
1333	0.226081418277716
1334	0.22606574065064
1335	0.226020239498641
1336	0.225964296776789
1337	0.225946992891824
1338	0.225977224287473
1339	0.22599324641442
1340	0.225996413849197
1341	0.226010796688499
1342	0.226044759408455
1343	0.226008370166181
1344	0.226000894293246
1345	0.225990088320919
1346	0.225956702454741
1347	0.22593822975592
1348	0.225944708003911
1349	0.225921979473037
1350	0.225851665460942
1351	0.225829922952915
1352	0.22579685122366
1353	0.225780235274155
1354	0.225744863887825
1355	0.225751856836648
1356	0.225710783986824
1357	0.225713589749005
1358	0.225697475243062
1359	0.225688204912967
1360	0.225710533001431
1361	0.22572643859073
1362	0.225709705562693
1363	0.225675977419781
1364	0.225621973288834
1365	0.225503956226138
1366	0.225469099028794
1367	0.225432455649174
1368	0.225385291722751
1369	0.22532064766366
1370	0.225276405303069
1371	0.225219260404986
1372	0.225153922432948
1373	0.225034379936665
1374	0.224934840763689
1375	0.224815200988114
1376	0.224628384086095
1377	0.224452979536302
1378	0.224299782183165
1379	0.224128755352796
1380	0.223925020640255
1381	0.223750899850353
1382	0.223532926658449
1383	0.223179548999553
1384	0.222882534310078
1385	0.222566296348475
1386	0.222217136014304
1387	0.221874731347235
1388	0.221541543311335
1389	0.221213181924994
1390	0.220875711894014
1391	0.220559376962494
1392	0.22032100689849
1393	0.220101466448161
1394	0.219888040308466
1395	0.219778598334605
1396	0.219732789282765
1397	0.219738208211376
1398	0.219764127612877
1399	0.219823505159823
1400	0.219934733666676
1401	0.220025457372353
1402	0.220153090061828
1403	0.220246469035607
1404	0.220356039517109
1405	0.220445859452082
1406	0.220530899558926
1407	0.220610911719669
1408	0.220714096524194
1409	0.220812966070727
1410	0.220935710489594
1411	0.22105347386029
1412	0.221146212593621
1413	0.221260647226189
1414	0.221374164379358
1415	0.221478999602236
1416	0.221627501266192
1417	0.221729147424954
1418	0.2218678494501
1419	0.221988665474893
1420	0.222142386596328
1421	0.222289945870335
1422	0.222407036517978
1423	0.222538320869199
1424	0.222658620938956
1425	0.222787989056084
1426	0.222921125788616
1427	0.22300454514223
1428	0.223115718559662
1429	0.223179999004145
1430	0.223292576011571
1431	0.223409138763449
1432	0.223499615708378
1433	0.223525783214643
1434	0.22359404523539
1435	0.223644738833285
1436	0.223703672750743
1437	0.223781776398278
1438	0.223847393729594
1439	0.223915116485352
1440	0.223964935431796
1441	0.224014483863238
1442	0.224041928800181
1443	0.224090677558118
1444	0.22412476789351
1445	0.224176695060005
1446	0.224253179343953
1447	0.22432653917812
1448	0.224364540626503
1449	0.224401127974384
1450	0.224445870344069
1451	0.224470964559881
1452	0.224499707219827
1453	0.224507794029142
1454	0.224536646096409
1455	0.224551868754147
1456	0.224571217281415
1457	0.224634638424196
1458	0.224697023981508
1459	0.224727576652863
1460	0.224732536791545
1461	0.224777532073668
1462	0.224774819615827
1463	0.224803807372714
1464	0.224816302365195
1465	0.224834671771342
1466	0.224842298403274
1467	0.224878377905985
1468	0.224870524792361
1469	0.22488386433662
1470	0.224899376880101
1471	0.224912786130759
1472	0.224939966933725
1473	0.2249836173175
1474	0.225041804042746
1475	0.225078890486978
1476	0.225087404887438
1477	0.225117816602561
1478	0.225156747428631
1479	0.225163778130416
1480	0.225194184747247
1481	0.225245455077592
1482	0.225252036665944
1483	0.225272981738866
1484	0.225299282724893
1485	0.225289724945059
1486	0.225286117195031
1487	0.225269602744021
1488	0.225248229675182
1489	0.225255467222153
1490	0.225269961320861
1491	0.225301147753515
1492	0.225328759422108
1493	0.225353125116659
1494	0.22538623785336
1495	0.225379729797968
1496	0.225350661153909
1497	0.225351097057288
1498	0.225343990625538
1499	0.225327303202723
1500	0.225349971255441
1501	0.225333247745165
1502	0.225329271338547
1503	0.225319534750551
1504	0.225346274761238
1505	0.225343612413173
1506	0.225347568141148
1507	0.225344899969043
1508	0.225347591909276
1509	0.225337798613999
1510	0.225314729943197
1511	0.225329398834371
1512	0.225310701879299
1513	0.225270840517295
1514	0.225250904234103
1515	0.225257273251258
1516	0.225248695086648
1517	0.225238614315848
1518	0.225251078370435
1519	0.225240314693867
1520	0.225230858040392
1521	0.225216922222884
1522	0.225228500292547
1523	0.225259168215611
1524	0.22526357678115
1525	0.225246806598302
1526	0.225236635477547
1527	0.225223702088764
1528	0.225188334627022
1529	0.22519238054385
1530	0.225196729301879
1531	0.225202379226409
1532	0.225174121920336
1533	0.225155694009807
1534	0.225152645352037
1535	0.225149652914828
1536	0.22515397684459
1537	0.225173386747301
1538	0.22519258459763
1539	0.225179375455008
1540	0.225165618019158
1541	0.225204278045293
1542	0.225190516166261
1543	0.225170119960478
1544	0.225123029097165
1545	0.225103835736241
1546	0.2250714977933
1547	0.225044027653241
1548	0.22503740796973
1549	0.225048368417423
1550	0.225067740002656
1551	0.225059847124811
1552	0.2250456359801
1553	0.225005979005525
1554	0.225014431887559
1555	0.225025480798519
1556	0.225041621400594
1557	0.225037067114385
1558	0.225045631448792
1559	0.225041843063897
1560	0.225050443933267
1561	0.225017661353754
1562	0.225018546777728
1563	0.225040655634054
1564	0.225041582825636
1565	0.225041035863053
1566	0.225060918142521
1567	0.225073402645583
1568	0.225101182644109
1569	0.225129650338053
1570	0.225138547329941
1571	0.225121779269076
1572	0.22511155457759
1573	0.225105818750439
1574	0.225122605962292
1575	0.22507455919423
1576	0.225083456013079
1577	0.225080959413473
1578	0.225097819819089
1579	0.225078376381528
1580	0.22508734403098
1581	0.225113096689983
1582	0.225122157362356
1583	0.225132329756699
1584	0.225141455747769
1585	0.225120928117824
1586	0.225118479777811
1587	0.225127078131412
1588	0.225104929477004
1589	0.225124656234411
1590	0.225146498459109
1591	0.225130572977492
1592	0.225136246510932
1593	0.22513117838493
1594	0.22510060850312
1595	0.225102893452026
1596	0.225100361193624
1597	0.225108866047487
1598	0.225126429203572
1599	0.225167576908902
1600	0.225168794987104
1601	0.225159717389242
1602	0.225177502553417
1603	0.225194127900283
1604	0.22518341365147
1605	0.225185697116515
1606	0.225183279649564
1607	0.225142796738207
1608	0.2251402852101
1609	0.225179545338907
1610	0.225202361794619
1611	0.225184061847885
1612	0.225198526370737
1613	0.225237573596468
1614	0.225243714498738
1615	0.225252790641894
1616	0.22525045823241
1617	0.225230604256954
1618	0.225207325860237
1619	0.225215792609301
1620	0.225200981217591
1621	0.225170372768577
1622	0.225193746950761
1623	0.225166944563643
1624	0.225211570894054
1625	0.22526366796714
1626	0.225308683463574
1627	0.225299044546845
1628	0.225314244941471
1629	0.225258738529115
1630	0.225217356338279
1631	0.225256545122655
1632	0.225245322888489
1633	0.225268224979701
1634	0.225265835713659
1635	0.225249880423053
1636	0.225283018751515
1637	0.225264697684147
1638	0.225258354541687
1639	0.225261659961697
1640	0.225304101867374
1641	0.225284734664968
1642	0.225305435640166
1643	0.225306861792299
1644	0.225336783957396
1645	0.225382665339296
1646	0.225385583886653
1647	0.225399853034949
1648	0.225402825437472
1649	0.225424995448536
1650	0.225468842365337
1651	0.225467859593788
1652	0.225489512981735
1653	0.225523970520301
1654	0.225523248766461
1655	0.225586550919844
1656	0.225623369923012
1657	0.225623821800674
1658	0.225666297534574
1659	0.225679250000286
1660	0.22574108414807
1661	0.225761317453961
1662	0.225772068839745
1663	0.225776875519421
1664	0.225801430290733
1665	0.225826240905419
1666	0.22586484657525
1667	0.225916000967762
1668	0.22596890796638
1669	0.226031216239182
1670	0.226131988746047
1671	0.226235454669379
1672	0.226307810550874
1673	0.226413088103935
1674	0.22647635807658
1675	0.226504825410869
1676	0.226558705948295
1677	0.226645489179896
1678	0.226699963740565
1679	0.226834291750906
1680	0.226953707294569
1681	0.22703735725207
1682	0.227079148301093
1683	0.227207273677255
1684	0.227270008379423
1685	0.227322124219069
1686	0.227385497538252
1687	0.227510616992215
1688	0.227574824312119
1689	0.227680486127789
1690	0.227790855394244
1691	0.227848672552377
1692	0.227949702955551
1693	0.228070658032535
1694	0.228141433846657
1695	0.228197460215457
1696	0.228293941548324
1697	0.228366425746945
1698	0.228442648042396
1699	0.228504595395813
1700	0.228560253077952
1701	0.228594317696636
1702	0.228629068973263
1703	0.228679561089126
1704	0.22876156004406
1705	0.228813089331267
1706	0.228809840577288
1707	0.22881007395719
1708	0.228835151275969
1709	0.228887944945042
1710	0.228942213743707
1711	0.229054765747088
1712	0.22906992014565
1713	0.229082645762593
1714	0.229071797933824
1715	0.229068356097613
1716	0.229061992436747
1717	0.229059550065332
1718	0.229091557450667
1719	0.229141638546768
1720	0.229174051214267
1721	0.229139995427651
1722	0.229161501391585
1723	0.229075729367912
1724	0.229043451734432
1725	0.229046086896672
1726	0.228952822067574
1727	0.228904714575995
1728	0.228796742532414
1729	0.228744100785252
1730	0.22868723675968
1731	0.228614671637143
1732	0.228535957929445
1733	0.228372908672008
1734	0.228265355870741
1735	0.228135355598979
1736	0.228092807195276
1737	0.227978407323175
1738	0.227907695019441
1739	0.227779549242555
1740	0.22772999517047
1741	0.227639460702218
1742	0.227616333819223
1743	0.227598948041497
1744	0.227560622966445
1745	0.227483491536712
1746	0.227458882729828
1747	0.227416789589354
1748	0.227360174976566
1749	0.227315585502492
1750	0.227302518450747
1751	0.227221742114823
1752	0.227210848955428
1753	0.227165279208961
1754	0.227178432637418
1755	0.227106706654784
1756	0.227027348217517
1757	0.226906642329812
1758	0.226809816474268
1759	0.226768907108168
1760	0.226731979674202
1761	0.226603054083346
1762	0.226558171912591
1763	0.226492495074046
1764	0.226396553251133
1765	0.226304340224614
1766	0.226253216160173
1767	0.226266468398509
1768	0.226141674081464
1769	0.226071134061038
1770	0.225952395225728
1771	0.225785350043858
1772	0.225749952404384
1773	0.225657710540618
1774	0.225579857649575
1775	0.225520877938842
1776	0.225470543411016
1777	0.225371813718023
1778	0.225404106678403
1779	0.225348934572549
1780	0.225288727088745
1781	0.225233164850255
1782	0.22524627720504
1783	0.225259270828685
1784	0.225291638502549
1785	0.225322651785803
1786	0.225267590101605
1787	0.225207077793962
1788	0.225170534660367
1789	0.225131285211929
1790	0.225140305294817
1791	0.225047432064488
1792	0.225092063229026
1793	0.22510275573889
1794	0.225100384518443
1795	0.225051605489907
1796	0.225078078493417
1797	0.225101318720332
1798	0.225049288726487
1799	0.224992232677098
1800	0.224961366430334
1801	0.224920292176664
1802	0.224903485464838
1803	0.224975743804141
1804	0.224961426071666
1805	0.224957221540816
1806	0.225006804734429
1807	0.224966196588855
1808	0.224921151611274
1809	0.224914750895209
1810	0.224933804177554
1811	0.224983860856646
1812	0.225048022624145
1813	0.225061387793326
1814	0.224982438331532
1815	0.224999877642703
1816	0.225032126101189
1817	0.224973842471902
1818	0.224974016624573
1819	0.225012164309801
1820	0.224985290617133
1821	0.22504487405775
1822	0.225033283207043
1823	0.224956136968181
1824	0.224892097935783
1825	0.224957317007452
1826	0.224995456729716
1827	0.22500657749307
1828	0.224969237138786
1829	0.224866359321384
1830	0.22487038427605
1831	0.223627793822675
1832	0.223555398226702
1833	0.223532721449025
1834	0.223451274356127
1835	0.223260329771581
1836	0.223240220079502
1837	0.22327716140976
1838	0.223296018038873
1839	0.223405915840053
1840	0.223668097673087
1841	0.223616324589844
1842	0.223473688832002
1843	0.223460743222566
1844	0.223464677574745
1845	0.223432912592258
1846	0.223471657410164
1847	0.223488974183428
1848	0.223505282779442
1849	0.2234108635806
1850	0.223440520410253
1851	0.223522685142395
1852	0.223581170902697
1853	0.223751218026718
1854	0.223742332990964
1855	0.22364709226469
1856	0.223635176750306
1857	0.223756758138833
1858	0.223529695998766
1859	0.223418128313272
1860	0.223349314966562
1861	0.223062544626032
1862	0.223038589429911
1863	0.223051004380548
1864	0.223249461922723
1865	0.22334317200702
1866	0.223530168932478
1867	0.223566463210395
1868	0.223463398629271
1869	0.223378019867648
1870	0.223346767293374
1871	0.223537822658936
1872	0.223579985173074
1873	0.223669070830944
1874	0.223713983521077
1875	0.223662220096566
1876	0.223644668574653
1877	0.223589803839122
1878	0.223651324757307
1879	0.223647754489482
1880	0.223540742170031
1881	0.22347337181
1882	0.223372353587008
1883	0.22331265758401
1884	0.223193566453555
1885	0.223107255643057
1886	0.222939950825147
1887	0.222984998410328
1888	0.22300211608417
1889	0.222849100592384
1890	0.222811353566579
1891	0.222776845757228
1892	0.222813563725942
1893	0.22297347493642
1894	0.223023525368591
1895	0.223065889981995
1896	0.222987785225141
1897	0.222752120170276
1898	0.222686136030146
1899	0.22258497455082
1900	0.22248020797245
1901	0.222399437786424
1902	0.222355116778939
1903	0.222361674157867
1904	0.222434614471518
1905	0.222424324986098
1906	0.222377993171333
1907	0.222411784921229
1908	0.222471419484324
1909	0.222564548250139
1910	0.22258730173356
1911	0.222642969018604
1912	0.222649034815501
1913	0.222476876659487
1914	0.222456780036427
1915	0.222647866132842
1916	0.222683655202281
1917	0.222604284547076
1918	0.222653244069689
1919	0.222547730817136
1920	0.222269049730006
1921	0.222187078641848
1922	0.222183765701625
1923	0.222196884839353
1924	0.222372030967051
1925	0.222479596049633
1926	0.222511981867698
1927	0.222567095347053
1928	0.222622105498162
1929	0.222661449814182
1930	0.222693537399233
1931	0.222689753564813
1932	0.222686074236463
1933	0.222631023139599
1934	0.222598275461454
1935	0.222507646490572
1936	0.222475076200693
1937	0.222432730322652
1938	0.222435765470452
1939	0.222525779220867
1940	0.222770632061874
1941	0.222770203487156
1942	0.222723757943519
1943	0.222684872085238
1944	0.222361778710536
1945	0.222262261325346
1946	0.222368499352178
1947	0.222397260644314
1948	0.22247673935239
1949	0.222468770194232
1950	0.222465470888945
1951	0.222378100202164
1952	0.222333266152442
1953	0.222253727016544
1954	0.222202599842412
1955	0.222228526722476
1956	0.222174279710659
1957	0.222134093853817
1958	0.222124596666885
1959	0.222096407354109
1960	0.222153364785561
1961	0.222197916702762
1962	0.222239639517845
1963	0.222280927519878
1964	0.22240375303846
1965	0.222390998841521
1966	0.222220146065265
1967	0.222223319051501
1968	0.222339125228161
1969	0.22236452365579
1970	0.222421078333672
1971	0.222508311211037
1972	0.22255291788274
1973	0.222394234050765
1974	0.222400688297269
1975	0.22256726045116
1976	0.22257381663619
1977	0.222473113414218
1978	0.222438175293783
1979	0.222310523889764
1980	0.222332897734257
1981	0.222379179987006
1982	0.222431592630491
1983	0.222412513413985
1984	0.222417007132937
1985	0.222369128075074
1986	0.222255637559003
1987	0.222207654116497
1988	0.222078214586972
1989	0.222119777624959
1990	0.222232502202558
1991	0.222328739471539
1992	0.222555266786925
1993	0.222763804213169
1994	0.222908917814921
1995	0.223013853999171
1996	0.223120821623179
1997	0.223207194927478
1998	0.223269411905624
1999	0.223306427327896
2000	0.223359261938396
2001	0.223457066568724
2002	0.223513251673435
2003	0.223542705886671
2004	0.223588465458505
2005	0.223684922530355
2006	0.223741505552368
2007	0.223856733099694
2008	0.223989282971005
2009	0.224134290226032
2010	0.224241538687568
2011	0.2243672705572
2012	0.224473975929297
2013	0.224586856176066
2014	0.224638713039825
2015	0.224644081923034
2016	0.224684373491982
2017	0.224798701707613
2018	0.22490323038028
2019	0.225005242123695
2020	0.225149656669653
2021	0.225306628177117
2022	0.225435352841133
2023	0.225637652740561
2024	0.225757409543501
2025	0.225755181456296
2026	0.225842688380102
2027	0.225967513844129
2028	0.226079160813409
2029	0.226315272347655
2030	0.226559389896299
2031	0.226720910442093
2032	0.226763123654637
2033	0.226874685780603
2034	0.226984099175917
2035	0.227082425145726
2036	0.22711635303472
2037	0.227164233267695
2038	0.227142100389525
2039	0.227227194831956
2040	0.227269046509522
2041	0.22742857109049
2042	0.227596213962482
2043	0.227705628013618
2044	0.227795870673176
2045	0.227789850646088
2046	0.227866504659182
2047	0.227855372255057
2048	0.227962744641882
2049	0.228179892470758
2050	0.228355912182978
2051	0.228517124948236
2052	0.228636242522062
2053	0.22877214186033
2054	0.228838721873867
2055	0.228865024957571
2056	0.228826969177465
2057	0.228718020922461
2058	0.228657002628462
2059	0.228666790484966
2060	0.228638898872548
2061	0.228682249667033
2062	0.22888800086089
2063	0.228993608155151
2064	0.228979688867327
2065	0.229017734469385
2066	0.229045583399231
2067	0.229082390909996
2068	0.229132390847035
2069	0.229177649624684
2070	0.229237766938736
2071	0.229112709610067
2072	0.229067768825677
2073	0.229044226472677
2074	0.229114505754164
2075	0.229165575190431
2076	0.229281918948345
2077	0.229527754595133
2078	0.229644804279232
2079	0.22964011400867
2080	0.229780772306691
2081	0.229931833633821
2082	0.229980909744968
2083	0.230086010100529
2084	0.230156693436387
2085	0.230173051136876
2086	0.230128092071106
2087	0.230115194699902
2088	0.230058082428502
2089	0.230069607467827
2090	0.230109404640281
2091	0.230128346313301
2092	0.230063677782857
2093	0.23019843543502
2094	0.230020644316834
2095	0.229956873072343
2096	0.230193808857935
2097	0.230210477656117
2098	0.230351732534776
2099	0.230543048947796
2100	0.230614715357148
2101	0.230453031299851
2102	0.230417763062731
2103	0.230454519231791
2104	0.23050391636174
2105	0.230582439225781
2106	0.230647232893714
2107	0.230747031079321
2108	0.230670009523492
2109	0.23078093730885
2110	0.230943811867685
2111	0.230996767678219
2112	0.231030629469446
2113	0.23090207585992
2114	0.230733468023472
2115	0.230629126969017
2116	0.230544062503921
2117	0.230497802572041
2118	0.230454887140982
2119	0.230382747514659
2120	0.230357559329022
2121	0.230267037828469
2122	0.2300154115841
2123	0.229854634795181
2124	0.229905969983854
2125	0.229768133117066
2126	0.229690753160222
2127	0.229701997433282
2128	0.229541953964319
2129	0.229408023204059
2130	0.229394256949763
2131	0.229244152211982
2132	0.229066453031077
2133	0.22881909288397
2134	0.228624595486501
2135	0.2283892955364
2136	0.228143675282998
2137	0.227918886004122
2138	0.227733266394264
2139	0.227500125471592
2140	0.227323542924388
2141	0.227103198935531
2142	0.226920467753733
2143	0.226703596499849
2144	0.22637651842629
2145	0.226201353635615
2146	0.226047941674495
2147	0.22590611768076
2148	0.225960548291643
2149	0.225829485144529
2150	0.225687504954283
2151	0.225505293472892
2152	0.225225791598782
2153	0.224945874103902
2154	0.224692532023363
2155	0.224406763766583
2156	0.223911583347315
2157	0.223520662148877
2158	0.223147022619603
2159	0.222758676847076
2160	0.222529170682347
2161	0.222310127235796
2162	0.221981940867302
2163	0.221526750947982
2164	0.221053847580099
2165	0.220485052853602
2166	0.220080336543781
2167	0.219751284918249
2168	0.219486868010584
2169	0.219388565586717
2170	0.219233392368868
2171	0.219020637823215
2172	0.218781718574621
2173	0.218654076657122
2174	0.218459276495117
2175	0.218206069692815
2176	0.218041869735721
2177	0.217830750311947
2178	0.217580201240377
2179	0.217304446715372
2180	0.217185691355767
2181	0.217230807639709
2182	0.217201387051004
2183	0.217091058780216
2184	0.217086771460525
2185	0.216949868451822
2186	0.21666440282827
2187	0.216404589842225
2188	0.216051101773699
2189	0.215835975290674
2190	0.215712275890447
2191	0.215525178904537
2192	0.215306215701271
2193	0.215162771176999
2194	0.214768846189312
2195	0.214391437208728
2196	0.214324181760312
2197	0.214236070108639
2198	0.213948361273742
2199	0.213648898934843
2200	0.213178639835551
2201	0.212690193835213
2202	0.212349522782075
2203	0.212206478849921
2204	0.211898959869247
2205	0.211528832686505
2206	0.211229501045136
2207	0.210892673474992
2208	0.210642144900216
2209	0.210444910854437
2210	0.210457298892749
2211	0.210439119818187
2212	0.210403269178181
2213	0.210500279555216
2214	0.210599523733105
2215	0.210590676301843
2216	0.210747079296183
2217	0.210820506267463
2218	0.21072389180685
2219	0.210923745567944
2220	0.210944282181486
2221	0.211031144214917
2222	0.21140259178415
2223	0.211640064351925
2224	0.211781820497314
2225	0.211988605883759
2226	0.212199212832122
2227	0.212351309017967
2228	0.212557907292851
2229	0.212874522506931
2230	0.21324413180463
2231	0.213407476998219
2232	0.213800753475312
2233	0.214142414153165
2234	0.214319884619627
2235	0.214527191522146
2236	0.214780551939435
2237	0.215000758076851
2238	0.21526722011041
2239	0.215621506514909
2240	0.215858707915712
2241	0.21592158206934
2242	0.21629026006849
2243	0.216708003620567
2244	0.217106149485209
2245	0.217664304321137
2246	0.218107023811283
2247	0.218449570005124
2248	0.218967624801259
2249	0.219591515956375
2250	0.220122699172713
2251	0.220613316790086
2252	0.22105658446881
2253	0.221249401630945
2254	0.221647972640163
2255	0.222147621343334
2256	0.222615607580428
2257	0.223028423633858
2258	0.223551057131298
2259	0.22400370095157
2260	0.22424504560471
2261	0.224663307123911
2262	0.225228780951832
2263	0.22568580127865
2264	0.226085718042787
2265	0.226472875090371
2266	0.226791724923619
2267	0.227035981510573
2268	0.227385208996034
2269	0.227624561821493
2270	0.227793951453252
2271	0.227917977516691
2272	0.227947896202428
2273	0.228029019994096
2274	0.228199416551117
2275	0.228367959752965
2276	0.228689927315397
2277	0.228887388189851
2278	0.229050989188572
2279	0.229212618038487
2280	0.22916082881048
2281	0.229362449517748
2282	0.229536891369207
2283	0.229735427427005
2284	0.229936076290303
2285	0.229940127373585
2286	0.229940540879862
2287	0.229957212474502
2288	0.230082632574949
2289	0.230229316189117
2290	0.230434494416197
2291	0.23055757419827
2292	0.230614242271914
2293	0.230713839530103
2294	0.230906342641583
2295	0.231188183879342
2296	0.231382487916063
2297	0.231671079166652
2298	0.231974268014536
2299	0.232365946075978
2300	0.232506992107443
2301	0.232385198675042
2302	0.232531208438336
2303	0.232459697106473
2304	0.232610839924876
2305	0.233196218631977
2306	0.233259008488921
2307	0.232851321992874
2308	0.232605904321916
2309	0.232111453572063
2310	0.231743627167698
2311	0.231439654790483
2312	0.231323196651428
2313	0.231048246528394
2314	0.230854817060345
2315	0.230714670058211
2316	0.230405972933103
2317	0.23016650995707
2318	0.229893958142364
2319	0.229679038653764
2320	0.229528751121507
2321	0.229444620775651
2322	0.229164159582006
2323	0.22877367560758
2324	0.228607867429452
2325	0.228503132691877
2326	0.228494897128491
2327	0.228415478774827
2328	0.228198400629973
2329	0.228201953323048
2330	0.228232335409894
2331	0.228308019389268
2332	0.228906880339592
2333	0.229139628618098
2334	0.229265969025201
2335	0.229424229045639
2336	0.229615080735309
2337	0.229697532105679
2338	0.229731050466343
2339	0.229637410989973
2340	0.22921279029409
2341	0.229101808461053
2342	0.228905947813747
2343	0.228811946848631
2344	0.229278967884605
2345	0.229291207954503
2346	0.228969858949446
2347	0.228724262639766
2348	0.228518587309764
2349	0.228167192871188
2350	0.228084094751951
2351	0.228113745092184
2352	0.227993420816834
2353	0.228041211748268
2354	0.22806217780093
2355	0.227902651197949
2356	0.22764042679279
2357	0.227157127712685
2358	0.226804615508389
2359	0.226680825373916
2360	0.226395508840167
2361	0.225968065508577
2362	0.225386385462348
2363	0.224781891137942
2364	0.224514500176728
2365	0.224490717984025
2366	0.224303795440452
2367	0.224414106692515
2368	0.224363062710643
2369	0.224122499626284
2370	0.22373689245994
2371	0.223210054718085
2372	0.22267557278651
2373	0.221867407639194
2374	0.22158941272164
2375	0.221821953262045
2376	0.221724469979743
2377	0.221956578281601
2378	0.221818559636082
2379	0.221246866450322
2380	0.220754480937326
2381	0.220120400915386
2382	0.219822641527396
2383	0.219525268582095
2384	0.219270586757581
2385	0.219148989788733
2386	0.218906030367946
2387	0.218459936414839
2388	0.218117519504426
2389	0.218072594388906
2390	0.217717602024769
2391	0.217094453166277
2392	0.216697166953433
2393	0.216348956442603
2394	0.215977891484116
2395	0.215791857340924
2396	0.215527561841295
2397	0.215198334063159
2398	0.215008214199975
2399	0.214978389288129
2400	0.214693796366102
2401	0.214296001083224
2402	0.213966523282405
2403	0.213827457372723
2404	0.213653895110363
2405	0.213268250150625
2406	0.213127973696171
2407	0.213112581032294
2408	0.213068302015709
2409	0.212923936176338
2410	0.212866837736021
2411	0.212537382976407
2412	0.212166229067969
2413	0.212236508689391
2414	0.212225265165373
2415	0.212646806218816
2416	0.212928414449251
2417	0.212593257069464
2418	0.212206578547207
2419	0.211744722541032
2420	0.211141990823602
2421	0.211323457405228
2422	0.211739167082107
2423	0.211610869602241
2424	0.211787705465372
2425	0.211666400309658
2426	0.211325761260106
2427	0.211090888872415
2428	0.210778338360173
2429	0.210557399273806
2430	0.210116916076291
2431	0.210278308659231
2432	0.21095713090621
2433	0.211105067714907
2434	0.211508446112812
2435	0.211425688895579
2436	0.21070854581617
2437	0.210395454358546
2438	0.210208427686672
2439	0.210152367431602
2440	0.21037145083106
2441	0.210315755307387
2442	0.210099026364337
2443	0.210212424905766
2444	0.210712503771089
2445	0.210680062559046
2446	0.210643566956043
2447	0.210604449386798
2448	0.210043481913374
2449	0.209780711096744
2450	0.210041796445189
2451	0.209863199538935
2452	0.20931785972277
2453	0.209446278428897
2454	0.209920236590435
2455	0.21000638725471
2456	0.210446391176568
2457	0.210421550318045
2458	0.209882803593829
2459	0.209761464752362
2460	0.209779409937231
2461	0.209630871643666
2462	0.209587668133247
2463	0.209486182718304
2464	0.209327490842534
2465	0.208882427448124
2466	0.207893232042476
2467	0.20765774041181
2468	0.20755552501026
2469	0.207491505967199
2470	0.208270810663057
2471	0.20811033907789
2472	0.20762294693755
2473	0.207221003005744
2474	0.206090559156537
2475	0.205858729816484
2476	0.206157856665023
2477	0.205925965083854
2478	0.205848499646192
2479	0.205803324421839
2480	0.205217039058502
2481	0.204996580905297
2482	0.205176303319129
2483	0.205128503485961
2484	0.2050260139989
2485	0.204890278981254
2486	0.204832470215774
2487	0.204630254585127
2488	0.20411770390059
2489	0.203806305437597
2490	0.203344926544653
2491	0.203509392870383
2492	0.204499117115299
2493	0.204490305565452
2494	0.204035491910924
2495	0.203872828183462
2496	0.203107742895597
2497	0.202427743581559
2498	0.201816553144651
2499	0.201983142362064
2500	0.202425615453925
