350	0.425661904185333
351	0.406899911837038
352	0.434321424524766
353	0.428838090980957
354	0.415913525325841
355	0.404758190906998
356	0.436230049551387
357	0.434189618644068
358	0.424532758004392
359	0.422403437580307
360	0.441248283879697
361	0.425376563696707
362	0.414976945583407
363	0.410580296503984
364	0.416379746198351
365	0.410741766697445
366	0.412727785044096
367	0.413518483978814
368	0.416004553215709
369	0.414045647639966
370	0.41814327606717
371	0.405720747914665
372	0.409972921271343
373	0.414151527486015
374	0.414884532141679
375	0.400972576437563
376	0.400163442820331
377	0.409575092314872
378	0.405496696664761
379	0.404171787740312
380	0.399841756081168
381	0.390507650861025
382	0.397659229894195
383	0.404403361964095
384	0.388584405583006
385	0.388648701078611
386	0.395265329517724
387	0.390591320444262
388	0.385511045339811
389	0.389083474449743
390	0.387760818472984
391	0.381206322156438
392	0.375354897856932
393	0.380134273217181
394	0.378446223977663
395	0.380181023190718
396	0.378670426469345
397	0.376821310721114
398	0.376336901330937
399	0.374790723302651
400	0.377327468207982
401	0.37428341196467
402	0.373055269269438
403	0.37379080960454
404	0.375207435523778
405	0.371856162370084
406	0.371928385133667
407	0.37195979381497
408	0.372820619497194
409	0.370176906174053
410	0.367839797103532
411	0.367538139029306
412	0.363909367044247
413	0.364070464645144
414	0.361065020394733
415	0.361436372265252
416	0.362924058344981
417	0.360691167688305
418	0.35797555574754
419	0.358187340656574
420	0.357299797681768
421	0.35373571911231
422	0.351416288567755
423	0.351359811556852
424	0.351180491100373
425	0.349247024975842
426	0.347021743699932
427	0.345827336240366
428	0.344994491817661
429	0.344850024616297
430	0.342579414606151
431	0.341164284400679
432	0.34081954946353
433	0.340196427630315
434	0.33867448622987
435	0.337769145392175
436	0.338088983145298
437	0.337534219403357
438	0.336485051392153
439	0.334959196694078
440	0.335041040442023
441	0.334704047454993
442	0.334242249641903
443	0.333914238307647
444	0.332505240636033
445	0.332262775148594
446	0.332129621759507
447	0.331912730644012
448	0.331321713749866
449	0.33068951562889
450	0.33040083525665
451	0.329385864056706
452	0.328556097376893
453	0.328522610030136
454	0.32869447324348
455	0.328612598562869
456	0.327298881677722
457	0.326907069339387
458	0.326109922926221
459	0.324872717401916
460	0.324551621907073
461	0.324375761443866
462	0.324123262161088
463	0.324087731218971
464	0.323685612429875
465	0.322975215786802
466	0.322328129275778
467	0.322225512991856
468	0.322033874798468
469	0.321284548731787
470	0.32055686115789
471	0.320422197609362
472	0.320227934197076
473	0.319988840162995
474	0.319569780277991
475	0.319401771984766
476	0.319177789005937
477	0.318823772617845
478	0.318284840043645
479	0.318533288189277
480	0.318452612788988
481	0.317796347978364
482	0.317422191462943
483	0.317467277280353
484	0.316907098083285
485	0.316764746743925
486	0.316523505333112
487	0.31644979177581
488	0.316458087982126
489	0.315889351576036
490	0.315817607982063
491	0.315949845411208
492	0.315793200177578
493	0.315867123370263
494	0.315564819925574
495	0.315491335832659
496	0.31593638733256
497	0.31561505434228
498	0.315299812573323
499	0.314939279166213
500	0.315233125955236
501	0.315260096747081
502	0.315203481312845
503	0.314961352211724
504	0.314990583402849
505	0.315061725439107
506	0.315083830753424
507	0.315000126404835
508	0.314958884358581
509	0.314997368367327
510	0.31523621299095
511	0.315132590084736
512	0.314917553127099
513	0.315177519685422
514	0.315305659959424
515	0.31518054674115
516	0.314988233255332
517	0.31491749933577
518	0.315177492832372
519	0.315295124779364
520	0.315131103790206
521	0.314745251624609
522	0.314756476151272
523	0.315182535156663
524	0.315267215665383
525	0.315359300897791
526	0.315546576933962
527	0.315484782798511
528	0.315493505559146
529	0.315496767767826
530	0.315643871444325
531	0.31580168943162
532	0.315854467339665
533	0.315933363324234
534	0.315934425502387
535	0.316056739545284
536	0.316293850004897
537	0.316245205771092
538	0.316235025347276
539	0.316613761638957
540	0.31689295652966
541	0.316656390656143
542	0.316552050052554
543	0.316684970562437
544	0.317027414338727
545	0.317090156844761
546	0.317096879775636
547	0.317195313603283
548	0.317557141154138
549	0.317753465441228
550	0.317725695127447
551	0.317838302689978
552	0.318062183704842
553	0.318314113574401
554	0.318503116952499
555	0.318543353137901
556	0.318806009441307
557	0.319090601091708
558	0.319163921149564
559	0.319164919508756
560	0.319367162149316
561	0.319687050048924
562	0.319830320657414
563	0.319800435506054
564	0.319926066918803
565	0.320263686709556
566	0.32040016879839
567	0.320536852147666
568	0.320707855598034
569	0.320863565820047
570	0.321011784588916
571	0.321075068783783
572	0.321119643885484
573	0.321112764082925
574	0.321259348988188
575	0.321397781089258
576	0.321410140964968
577	0.321551834858815
578	0.321686595887271
579	0.321765208601721
580	0.321879016749569
581	0.32178015506782
582	0.321868429065562
583	0.322127748722496
584	0.322251365128641
585	0.322286606184899
586	0.322315322449934
587	0.322395009965873
588	0.322521544802488
589	0.322524973832165
590	0.322542124476232
591	0.322632268186195
592	0.322626480012454
593	0.322576298548384
594	0.322545364106582
595	0.322695137257382
596	0.322845287660382
597	0.323009029057905
598	0.323050750457927
599	0.323153975891013
600	0.323245355895183
601	0.323219041372769
602	0.32324563142297
603	0.323380408981301
604	0.323380455996266
605	0.323388226389953
606	0.323464164273866
607	0.323500560539222
608	0.32354584369814
609	0.323739193534262
610	0.323746004350304
611	0.323757448090259
612	0.323781532986778
613	0.323904315792717
614	0.324008776697701
615	0.324014412829347
616	0.32400475193969
617	0.324174925518103
618	0.324170786509308
619	0.324239894446006
620	0.324418769637309
621	0.324456586098773
622	0.324565280434253
623	0.32474064577342
624	0.324666891536711
625	0.324719816304656
626	0.324806234364903
627	0.324895612358206
628	0.324931163804745
629	0.325022306045518
630	0.325141470160631
631	0.325193576777605
632	0.32520061777249
633	0.325326004065852
634	0.325437129848532
635	0.325500404469002
636	0.325608527639941
637	0.325666983053487
638	0.325665520299421
639	0.325747788698838
640	0.325852031612593
641	0.325967366985624
642	0.325867173689836
643	0.325894915190196
644	0.326015366552163
645	0.326097131570817
646	0.326174653258
647	0.326273923027412
648	0.326309122178421
649	0.326227687025971
650	0.32624189058381
651	0.326311807979658
652	0.326399744762342
653	0.326465341270758
654	0.326537303199697
655	0.326520204815698
656	0.326615848187053
657	0.326644213200207
658	0.326588593807842
659	0.326586406369557
660	0.326704995032952
661	0.32686369324458
662	0.326976838143983
663	0.32700165745125
664	0.327014457319815
665	0.327106198566622
666	0.32712510524031
667	0.327191963281388
668	0.327262834891735
669	0.327333744334746
670	0.327446858210698
671	0.32744125323921
672	0.327475578457949
673	0.327520732540919
674	0.327658261759254
675	0.327729912447856
676	0.327714292911333
677	0.327783822509765
678	0.327926381289398
679	0.327960838231716
680	0.327946983796596
681	0.328013910797496
682	0.328102290106872
683	0.328174400683428
684	0.328237989145614
685	0.328216666645471
686	0.32831911543206
687	0.328394121209775
688	0.328363261207065
689	0.3283187802383
690	0.32834879960655
691	0.328411784735194
692	0.328438459146797
693	0.328507893042417
694	0.328805518109476
695	0.32921815562435
696	0.329757392840452
697	0.329969084347648
698	0.329789471687603
699	0.329388919390167
700	0.329116395968711
701	0.329047374978355
702	0.329124336817952
703	0.329184742151754
704	0.329250819320513
705	0.329295646569111
706	0.329246224105853
707	0.329315481025713
708	0.329384374431477
709	0.329423899185037
710	0.329424036806629
711	0.329502074451564
712	0.329564787007203
713	0.329661024258167
714	0.329652010103823
715	0.32965934137762
716	0.329746149168071
717	0.329816908474195
718	0.32973659091222
719	0.329698802133977
720	0.329726199435822
721	0.329755568690861
722	0.3297086474614
723	0.329759828261061
724	0.329855221061635
725	0.329962142984948
726	0.329965812824947
727	0.329910510564004
728	0.329897284865602
729	0.330021204928663
730	0.330078831313373
731	0.330040272552452
732	0.329981166864582
733	0.330109526619615
734	0.330160385136754
735	0.330129237109103
736	0.330139216466144
737	0.330154838175215
738	0.330181943233742
739	0.330253995711301
740	0.33030159814495
741	0.330292184667605
742	0.330271585773202
743	0.330335472857015
744	0.330410828067406
745	0.330397486850114
746	0.330406634372437
747	0.330437976268297
748	0.330472413662282
749	0.330504851962223
750	0.330543985586424
751	0.330544688943844
752	0.330561022548023
753	0.330557997816275
754	0.330552125511704
755	0.330643649941718
756	0.330707689921821
757	0.330706973524611
758	0.330680887076666
759	0.330707004401747
760	0.33071576227382
761	0.330652089685229
762	0.330516395791812
763	0.330391306409525
764	0.33033040084859
765	0.330362303743801
766	0.33037281381189
767	0.330438061081519
768	0.330590238023685
769	0.330658496522415
770	0.330794376825026
771	0.330866556210016
772	0.330907973698121
773	0.330947932437492
774	0.330939874937116
775	0.330932924628155
776	0.330962083610959
777	0.330969152293846
778	0.331019654617098
779	0.331068022509506
780	0.331067379637464
781	0.331042198087384
782	0.331067939779539
783	0.331047443807348
784	0.331025532457841
785	0.331063867853224
786	0.331085493000156
787	0.331112743088242
788	0.331077765843746
789	0.331063071909203
790	0.331089719560699
791	0.331069664032812
792	0.331083186662343
793	0.331107071937478
794	0.331076441541945
795	0.331067248971833
796	0.331080866621735
797	0.33107973747146
798	0.331067999142951
799	0.33109164420431
800	0.331096493681759
801	0.331124477903149
802	0.331185427137197
803	0.331148190906607
804	0.331125058707774
805	0.331138209600058
806	0.331196286303179
807	0.331140359070431
808	0.331108005128524
809	0.331089259374562
810	0.331134359779674
811	0.331150940972997
812	0.331176610301517
813	0.331167113756045
814	0.33109479433046
815	0.331122285758758
816	0.331149480429584
817	0.331090318275762
818	0.331043257384165
819	0.331054462619948
820	0.331120569331911
821	0.331122520843745
822	0.331137248339336
823	0.331149606652672
824	0.331157831577335
825	0.331136993312023
826	0.331152710563574
827	0.331154941839727
828	0.331152846977316
829	0.331228401797055
830	0.331246839979341
831	0.331252253929025
832	0.331280797835002
833	0.331215567760521
834	0.331232732092933
835	0.33124247098951
836	0.331270249682651
837	0.331241399358187
838	0.331191220419025
839	0.33122581911223
840	0.331265207221065
841	0.331253524792726
842	0.331251332666618
843	0.33124897662941
844	0.331233845942637
845	0.331238835273868
846	0.331242114829915
847	0.331263699658994
848	0.331281348143842
849	0.331262085885991
850	0.331265233769111
851	0.331232520564713
852	0.331176272460261
853	0.331245387442483
854	0.331212774895938
855	0.331117170579488
856	0.331106321336884
857	0.331175392308228
858	0.331251938822906
859	0.331200009982958
860	0.331135564356101
861	0.331203358006038
862	0.331218179010803
863	0.331181749306801
864	0.331151662011624
865	0.331176618870901
866	0.331194361982784
867	0.331168961930081
868	0.331125693588611
869	0.331159425644843
870	0.331188056573592
871	0.331166575472303
872	0.331040876811467
873	0.331064778614214
874	0.331055337756803
875	0.331120480538571
876	0.331136097300295
877	0.331055334614349
878	0.331008326290461
879	0.330957006041008
880	0.33097670416241
881	0.331045076023645
882	0.33107201488802
883	0.331046345952166
884	0.330991121044256
885	0.331006766249744
886	0.331016494990596
887	0.331042568632836
888	0.331025226050173
889	0.330957350535784
890	0.330938440039583
891	0.330965950937151
892	0.331029426383614
893	0.330968280025194
894	0.330882986943983
895	0.330949687423235
896	0.33097210460305
897	0.330901885085812
898	0.330940822411442
899	0.330906171320735
900	0.330877537205503
901	0.330852353272948
902	0.330743248472076
903	0.330751145331316
904	0.33082603166317
905	0.330828564657318
906	0.330829451069331
907	0.330770994083746
908	0.330792929371103
909	0.330851793279058
910	0.330783410763161
911	0.330646606168683
912	0.330728736680305
913	0.330839743466556
914	0.330791513552491
915	0.330745267229223
916	0.33072931042213
917	0.330697988667206
918	0.330692343525596
919	0.330661572246898
920	0.3307315014729
921	0.330688919542697
922	0.33061194751432
923	0.330623121117563
924	0.330771330135177
925	0.330781548278804
926	0.330725481316116
927	0.330656805022478
928	0.330596659042822
929	0.330662627966909
930	0.330639733056683
931	0.330548782965774
932	0.330488714718043
933	0.330421161160922
934	0.330316993094898
935	0.330392286441499
936	0.330460815795754
937	0.330364029485492
938	0.330291875959217
939	0.330312712795522
940	0.330331233635548
941	0.330339954798382
942	0.330283008368254
943	0.330284592209012
944	0.330262396956714
945	0.330335758596366
946	0.330179727705698
947	0.330030664718769
948	0.330021363281917
949	0.329976728762543
950	0.329948608282801
951	0.329915955032814
952	0.32983607126536
953	0.330100987253068
954	0.329965743003105
955	0.329725638744654
956	0.329836360034312
957	0.330168164453022
958	0.330086848529588
959	0.329874686204492
960	0.329962624527214
961	0.330075630702769
962	0.329988068504488
963	0.329925589249329
964	0.330045683231129
965	0.330048724696993
966	0.329936055339319
967	0.329876662660115
968	0.329959786070843
969	0.32986004146811
970	0.330057043898987
971	0.330118069819065
972	0.330081555322195
973	0.330114218187981
974	0.330086729625639
975	0.330025926905653
976	0.329951964601813
977	0.330158663619683
978	0.330320442490112
979	0.330076386653747
980	0.329928965959656
981	0.329927772831944
982	0.330148216175861
983	0.330034815653182
984	0.329956590008741
985	0.330176857564086
986	0.330387050859376
987	0.329898633897469
988	0.329670268569605
989	0.329787990932321
990	0.329796675429003
991	0.329852540725777
992	0.329866286450486
993	0.330039490929817
994	0.330120127188106
995	0.329812145877477
996	0.329429560981894
997	0.329665751475003
998	0.329992272303036
999	0.329961920922555
1000	0.329882081870782
1001	0.332335464906786
1002	0.33230654298134
1003	0.332344065778217
1004	0.332402913119447
1005	0.332366861587795
1006	0.332213808293765
1007	0.3321379795371
1008	0.332131248783288
1009	0.332015537162346
1010	0.331884886843532
1011	0.331893879457973
1012	0.33203561962353
1013	0.331923300775297
1014	0.332070171177835
1015	0.332042398365705
1016	0.332129055442414
1017	0.332082412451299
1018	0.332051112761089
1019	0.332124494506773
1020	0.332131601816208
1021	0.332212212476594
1022	0.3321430418786
1023	0.331988963271394
1024	0.331921941870048
1025	0.331821307103464
1026	0.331682292607216
1027	0.331590793040934
1028	0.331528284151348
1029	0.331539515149952
1030	0.33148574132815
1031	0.331497095920285
1032	0.331517243609216
1033	0.331492964073958
1034	0.331422078921497
1035	0.331398673966423
1036	0.331395731708624
1037	0.331442246525484
1038	0.331444382323308
1039	0.33149004329638
1040	0.331501731296936
1041	0.331478692267523
1042	0.331475082053091
1043	0.331449862164615
1044	0.33146056639475
1045	0.331447400283166
1046	0.331457998386188
1047	0.33135974017383
1048	0.331337822542273
1049	0.331340094878618
1050	0.331285954585982
1051	0.331342892586989
1052	0.331320936025507
1053	0.331268210781572
1054	0.331246836512441
1055	0.331286881703586
1056	0.331308185930729
1057	0.331307909442218
1058	0.33127565658055
1059	0.331214031889001
1060	0.331194679206817
1061	0.331174956723982
1062	0.331263374376292
1063	0.331334563223355
1064	0.331223843576403
1065	0.33126537867761
1066	0.331211985567084
1067	0.331195071836654
1068	0.331226087838332
1069	0.331297771535483
1070	0.331238367046738
1071	0.331265395823234
1072	0.331191797644631
1073	0.331076688800348
1074	0.331004928113686
1075	0.330978155119011
1076	0.330970050985052
1077	0.331023116898182
1078	0.331043432314997
1079	0.330897406206851
1080	0.330813205845909
1081	0.330882852842236
1082	0.330826877521729
1083	0.330817459287819
1084	0.330810869698844
1085	0.330960344905103
1086	0.330963830401971
1087	0.330947301585163
1088	0.331021644708272
1089	0.330933007722196
1090	0.33089962998922
1091	0.33090362320903
1092	0.330982536043842
1093	0.331002099784242
1094	0.330981248520029
1095	0.330976850620756
1096	0.330914656961859
1097	0.330910856069687
1098	0.33099211057831
1099	0.330946615550375
1100	0.33093108667038
1101	0.330910935962841
1102	0.330874552411182
1103	0.330894741774489
1104	0.330907986920746
1105	0.330904470850702
1106	0.330829454370204
1107	0.330846946948593
1108	0.330855776432081
1109	0.330822039027205
1110	0.330838585629966
1111	0.330896161047316
1112	0.330871027582553
1113	0.330890404419803
1114	0.33088970130449
1115	0.330806968343043
1116	0.33085982949514
1117	0.33086310282295
1118	0.33087468706359
1119	0.330946470809528
1120	0.330910692440116
1121	0.330965854330638
1122	0.331000584829907
1123	0.33102282308318
1124	0.331035058740558
1125	0.330987063551732
1126	0.330946314419992
1127	0.330999145935409
1128	0.331025017346682
1129	0.331054530895791
1130	0.331044904748676
1131	0.331064336746384
1132	0.331010508014251
1133	0.33099503675088
1134	0.331038690478059
1135	0.331085741727058
1136	0.331082009032007
1137	0.33113730794136
1138	0.331108304823914
1139	0.331188899726208
1140	0.331189566229957
1141	0.331241454013112
1142	0.331279721910819
1143	0.331293690981439
1144	0.331268691517974
1145	0.331246172875615
1146	0.331249034451541
1147	0.331274325449246
1148	0.331337431104798
1149	0.331381381693441
1150	0.3313904550132
1151	0.331409212480762
1152	0.331393698342114
1153	0.331431587940386
1154	0.331414206333731
1155	0.331438962306826
1156	0.331471988365248
1157	0.331506574092943
1158	0.331578778636151
1159	0.331614393783996
1160	0.331639778604706
1161	0.331671155965228
1162	0.33171045355425
1163	0.331703903008063
1164	0.331798170081736
1165	0.331853507217818
1166	0.331875191866314
1167	0.331983567240893
1168	0.332007275624469
1169	0.332000319072117
1170	0.332093338999019
1171	0.332150595410617
1172	0.332147521331219
1173	0.332181067396976
1174	0.332308741880871
1175	0.332340531088331
1176	0.332343188220049
1177	0.332401983555177
1178	0.332440528802509
1179	0.332470845592687
1180	0.332404204762867
1181	0.332447975937895
1182	0.332475079751666
1183	0.332487594798971
1184	0.332615190917784
1185	0.332715992118711
1186	0.332767361544582
1187	0.332743307923007
1188	0.332737938368666
1189	0.332765601235601
1190	0.332800675644409
1191	0.332817105323506
1192	0.33281809638605
1193	0.332817719865074
1194	0.332792054385185
1195	0.332821673664194
1196	0.332848974589907
1197	0.332843804093885
1198	0.332870928465959
1199	0.332893082256576
1200	0.332893656134627
1201	0.332908013282499
1202	0.332866443203851
1203	0.332830923071033
1204	0.332817632766209
1205	0.332846037173626
1206	0.332902068293987
1207	0.332876990924251
1208	0.332846087335842
1209	0.332872597302237
1210	0.332823103352044
1211	0.332836526405326
1212	0.332887310441542
1213	0.332887623712047
1214	0.332803119900024
1215	0.332829428355154
1216	0.332839460084651
1217	0.33280082719754
1218	0.332838115400214
1219	0.332838346461345
1220	0.332788341180927
1221	0.332832913496645
1222	0.332846992715889
1223	0.332839339043071
1224	0.332858531274923
1225	0.332800812340198
1226	0.332788025751671
1227	0.332798565603418
1228	0.332772818395735
1229	0.332795411578673
1230	0.332795474138616
1231	0.332817832966373
1232	0.332792033036705
1233	0.332799225446417
1234	0.332799225446417
1235	0.332842504397929
1236	0.332855405744852
1237	0.332870456457522
1238	0.332896265542572
1239	0.332878508440917
1240	0.332878455530052
1241	0.332923908114831
1242	0.332935485635584
1243	0.332981333954125
1244	0.333015127883726
1245	0.333027980322964
1246	0.333011141331673
1247	0.333011028705038
1248	0.33303456010214
1249	0.333047400649464
1250	0.333063473248913
1251	0.333063347258931
1252	0.333033973865789
1253	0.333059774515931
1254	0.333079793041712
1255	0.333105620307798
1256	0.333164718925091
1257	0.333177610938287
1258	0.333211670417834
1259	0.333263726364384
1260	0.333275364792662
1261	0.333275310266485
1262	0.333196059571347
1263	0.33322209836648
1264	0.333204377209484
1265	0.33327832728318
1266	0.333304529248663
1267	0.333343220508086
1268	0.333409059386762
1269	0.333430629669239
1270	0.333430768385871
1271	0.333459675593975
1272	0.333486365166282
1273	0.333457127076272
1274	0.333483957723612
1275	0.333458558643926
1276	0.333498919555767
1277	0.333508474802299
1278	0.333535803660103
1279	0.333631955265556
1280	0.333646378719771
1281	0.33368766992796
1282	0.333688883805171
1283	0.33366229074942
1284	0.333690930802723
1285	0.333641163522372
1286	0.333683806891955
1287	0.333726790737461
1288	0.33375578620183
1289	0.333799460625303
1290	0.333771605551386
1291	0.333815774957539
1292	0.333874934778046
1293	0.333919873058842
1294	0.333986252311986
1295	0.333960141484913
1296	0.333854108723135
1297	0.333841544904531
1298	0.333917985083103
1299	0.333905336621195
1300	0.333950148760195
1301	0.333951771899732
1302	0.333938327824876
1303	0.333954154703146
1304	0.33402001552379
1305	0.334035492303274
1306	0.334086439616256
1307	0.334116071676756
1308	0.334111904719572
1309	0.334151962596731
1310	0.334165839503519
1311	0.334182593046987
1312	0.334210418267555
1313	0.334263489580038
1314	0.334290312888451
1315	0.334282426443295
1316	0.334264786629898
1317	0.334216096404601
1318	0.334198239318404
1319	0.334227929502296
1320	0.334252636059952
1321	0.334288697882567
1322	0.334326615300983
1323	0.334364037994694
1324	0.334386663500088
1325	0.334411266278875
1326	0.33440522473879
1327	0.334372463206161
1328	0.334380043317333
1329	0.334413449094588
1330	0.334447427646698
1331	0.334506297932956
1332	0.334525331731666
1333	0.334549382584713
1334	0.334564863402329
1335	0.334550879948577
1336	0.334551932106184
1337	0.334517727250282
1338	0.334514208982815
1339	0.334531344325771
1340	0.334555261844465
1341	0.334609037348861
1342	0.334706541646507
1343	0.334721106057054
1344	0.334738053182457
1345	0.334752331302569
1346	0.334749226121874
1347	0.334751183313914
1348	0.334783774796409
1349	0.334797028119316
1350	0.334801356553837
1351	0.334814293846105
1352	0.334816422166038
1353	0.334852315674866
1354	0.334910321681002
1355	0.334945283551834
1356	0.334998703877894
1357	0.335009961916607
1358	0.335039620481334
1359	0.335038349439007
1360	0.335012829295642
1361	0.335045494495056
1362	0.335109323118585
1363	0.335122369195625
1364	0.335143080322047
1365	0.335173447680881
1366	0.33514068363274
1367	0.335075824347174
1368	0.335023621243278
1369	0.334970947898056
1370	0.334889954129188
1371	0.334815336764852
1372	0.334685800198134
1373	0.334534969315512
1374	0.334398386267865
1375	0.334228968927788
1376	0.334034951614399
1377	0.333843527303205
1378	0.333622473656158
1379	0.333396047897991
1380	0.333127957952022
1381	0.332836538232926
1382	0.332472679916854
1383	0.332042147444548
1384	0.33154495774018
1385	0.330966453384559
1386	0.330405947292746
1387	0.32980786696355
1388	0.329255639334148
1389	0.328632962861363
1390	0.328046649962581
1391	0.32751277089849
1392	0.327058214682791
1393	0.326726817931121
1394	0.326484805559036
1395	0.326338920506095
1396	0.32626982422142
1397	0.326295313414328
1398	0.326384402546075
1399	0.32650473474421
1400	0.32673440743596
1401	0.326901189860321
1402	0.327108702279232
1403	0.327293291791939
1404	0.327497013581529
1405	0.32766152182751
1406	0.327843700456377
1407	0.328007509126949
1408	0.328115858191413
1409	0.328250446320132
1410	0.328417739592863
1411	0.328551812339764
1412	0.3287328711247
1413	0.328904523073553
1414	0.329090231663282
1415	0.329290146399209
1416	0.32952272376435
1417	0.329731851261699
1418	0.329987015775665
1419	0.330196072070218
1420	0.330405463397691
1421	0.330600040477473
1422	0.330819760615499
1423	0.331033705873766
1424	0.33120953247238
1425	0.331409670026167
1426	0.331567301299656
1427	0.33176344198533
1428	0.331936248351093
1429	0.332150090419368
1430	0.332302900212512
1431	0.332425674354871
1432	0.332559607431327
1433	0.332663385045055
1434	0.332778393229351
1435	0.332903192898406
1436	0.333018504077289
1437	0.333125568179956
1438	0.333221928876635
1439	0.333344994152043
1440	0.333432026649688
1441	0.33353832254971
1442	0.333635371227369
1443	0.333715902148282
1444	0.333793897511373
1445	0.333890716096552
1446	0.333959332519229
1447	0.334064112295461
1448	0.334133106069766
1449	0.334210822020077
1450	0.334289922013819
1451	0.334333270129583
1452	0.334402960721575
1453	0.334460578680554
1454	0.334501147771879
1455	0.3345644692438
1456	0.334605373747861
1457	0.334640155493639
1458	0.334701069055186
1459	0.334784884533052
1460	0.334847262540365
1461	0.334948638043814
1462	0.335001086655143
1463	0.335064558205315
1464	0.335098758331273
1465	0.335120541047065
1466	0.335150805508837
1467	0.335197751427834
1468	0.335249858675035
1469	0.33531228605316
1470	0.335412355581457
1471	0.335475143885699
1472	0.335460456647779
1473	0.335523463075854
1474	0.335569841265535
1475	0.335623000723569
1476	0.335708253014876
1477	0.335751539645084
1478	0.335824995199795
1479	0.335878731794057
1480	0.335925473360224
1481	0.335969477956752
1482	0.336003833864292
1483	0.336048059960308
1484	0.336086182912618
1485	0.336130635696965
1486	0.336128290391154
1487	0.336162590824364
1488	0.336217219875663
1489	0.336241375231352
1490	0.336245192492301
1491	0.336259070528515
1492	0.336264347420647
1493	0.336298810712228
1494	0.336323345339825
1495	0.336388960435299
1496	0.3364281672504
1497	0.336442373491008
1498	0.336445289399455
1499	0.336449361983473
1500	0.336480447179298
1501	0.336484576617418
1502	0.336513915004079
1503	0.336559963390849
1504	0.336532975144328
1505	0.336558336354607
1506	0.336594746384736
1507	0.336588766923858
1508	0.336563634076322
1509	0.336578550045571
1510	0.336536234324344
1511	0.336603828900012
1512	0.336637366573963
1513	0.336701153816575
1514	0.336711910772712
1515	0.33675205264362
1516	0.336733053880354
1517	0.336758376126354
1518	0.336773603115952
1519	0.336814265688247
1520	0.336837643531108
1521	0.336843376290196
1522	0.336859290506733
1523	0.336824120448733
1524	0.336861446593853
1525	0.336905787882432
1526	0.336921541749058
1527	0.336943389631592
1528	0.336970171242099
1529	0.336992524333513
1530	0.336965345266836
1531	0.337005565182105
1532	0.336978324199929
1533	0.336943310056627
1534	0.336937599088916
1535	0.336944288288159
1536	0.336982444902401
1537	0.337016778534262
1538	0.337044425209097
1539	0.337089771709119
1540	0.337084593937849
1541	0.337057967170022
1542	0.337052723610856
1543	0.337105172053783
1544	0.337099985863126
1545	0.3370939750633
1546	0.337077891471826
1547	0.337087963591717
1548	0.337060540475417
1549	0.337105129767919
1550	0.337099892892736
1551	0.337112043926181
1552	0.33714046256995
1553	0.337118654023133
1554	0.337147559850119
1555	0.337159758825382
1556	0.337200259398256
1557	0.337259421796776
1558	0.337254762095472
1559	0.337199481651584
1560	0.33722882221079
1561	0.337226195618916
1562	0.337209904059538
1563	0.337232188545694
1564	0.337250201137966
1565	0.337272054903183
1566	0.337266947130416
1567	0.337260163082834
1568	0.337266679622439
1569	0.337254214219327
1570	0.337284140353435
1571	0.337302068384281
1572	0.33735567675401
1573	0.337343458831519
1574	0.33735060554951
1575	0.337356699498417
1576	0.337352065211019
1577	0.33739524261479
1578	0.337402532421608
1579	0.337461121665346
1580	0.337491955381944
1581	0.33747948643358
1582	0.337510460989594
1583	0.337554624029012
1584	0.337585838574789
1585	0.337606936334131
1586	0.337638817836113
1587	0.337635986978727
1588	0.33762057562713
1589	0.337619542887861
1590	0.337616185282457
1591	0.337569596199793
1592	0.337577860188925
1593	0.33759217410349
1594	0.337600514648601
1595	0.337561713713103
1596	0.33759414751122
1597	0.337597606806574
1598	0.337642103027006
1599	0.3377352408544
1600	0.337755377320389
1601	0.337784140367879
1602	0.337792496182636
1603	0.337799837207918
1604	0.337820740197282
1605	0.337789538591139
1606	0.337785934007007
1607	0.33784611247433
1608	0.337879851058855
1609	0.337918097788189
1610	0.33795263408181
1611	0.337958225679949
1612	0.337942740544919
1613	0.337920681726729
1614	0.337892310255669
1615	0.337830956290706
1616	0.337827360893389
1617	0.337842942510912
1618	0.337865044096656
1619	0.337936576611009
1620	0.337971873890243
1621	0.337960635755405
1622	0.337957790224971
1623	0.337976681869575
1624	0.337986336311201
1625	0.33800541541411
1626	0.338015170351163
1627	0.338064282544347
1628	0.338126161524661
1629	0.338111738078131
1630	0.338147608109275
1631	0.33822911107445
1632	0.338212978605003
1633	0.338186570678073
1634	0.338183578920345
1635	0.338156911424415
1636	0.33816776785213
1637	0.338226416138601
1638	0.33827714572366
1639	0.338285051704639
1640	0.338309776816864
1641	0.338350898568858
1642	0.338402985039616
1643	0.338396757368438
1644	0.338422595206876
1645	0.338453524261243
1646	0.338479005024683
1647	0.338477954213565
1648	0.33850360925183
1649	0.338482887687355
1650	0.338508674302958
1651	0.338566729860167
1652	0.338620610120299
1653	0.338631257929064
1654	0.338672268076968
1655	0.338737634868139
1656	0.338793841747967
1657	0.33890405044945
1658	0.338948313747845
1659	0.339050340900796
1660	0.339081819136336
1661	0.339141910536316
1662	0.339243942224032
1663	0.339315230204806
1664	0.339375184422629
1665	0.339456404116188
1666	0.339516332457332
1667	0.339637025571967
1668	0.339696989561383
1669	0.339815438478176
1670	0.339903840887509
1671	0.339917453079184
1672	0.34000568265424
1673	0.340091500230736
1674	0.340209311888358
1675	0.340349169735326
1676	0.340453269547895
1677	0.340604912096237
1678	0.340710121535236
1679	0.340777920235302
1680	0.340914162750131
1681	0.341062508467163
1682	0.341215287396257
1683	0.341383493098136
1684	0.341523747075703
1685	0.341682524689293
1686	0.341824318318448
1687	0.341922341322524
1688	0.342110633798163
1689	0.342248980739417
1690	0.342393803306545
1691	0.34256734342209
1692	0.34269818655642
1693	0.342798595527544
1694	0.34292942687213
1695	0.343012989717184
1696	0.343113396841711
1697	0.343251617130116
1698	0.34336760773455
1699	0.343506765985099
1700	0.343591961399544
1701	0.343612210880112
1702	0.343712633088474
1703	0.343827932397442
1704	0.343929257762114
1705	0.344030445105503
1706	0.344124135905046
1707	0.34419393710825
1708	0.344252855813702
1709	0.3443112540088
1710	0.344422075174007
1711	0.344491982635083
1712	0.344545079403212
1713	0.344549677294182
1714	0.344579761086639
1715	0.344595264977047
1716	0.344680571953299
1717	0.344719176390777
1718	0.344749807712188
1719	0.344710097136514
1720	0.344652463180169
1721	0.344549689532931
1722	0.34446451310035
1723	0.344435736000318
1724	0.344346662168434
1725	0.344330902410468
1726	0.34425282525586
1727	0.34416147184571
1728	0.344040412040067
1729	0.343903718356016
1730	0.343796538782286
1731	0.343697626186374
1732	0.343520585498481
1733	0.343404565211371
1734	0.343323107009909
1735	0.34323305831157
1736	0.343113933433817
1737	0.343055128835209
1738	0.34291207779102
1739	0.342833434814063
1740	0.342787725299185
1741	0.342725785457303
1742	0.342680922188333
1743	0.342612582906316
1744	0.342578981867432
1745	0.342522183357712
1746	0.342449008688228
1747	0.34237920834348
1748	0.342368615404593
1749	0.342287889896875
1750	0.342199762423
1751	0.342133909707431
1752	0.342031016038618
1753	0.341965791128171
1754	0.341957819141092
1755	0.341908208769688
1756	0.341786362909844
1757	0.341690202001564
1758	0.341607599442975
1759	0.34145347628139
1760	0.341322327011146
1761	0.3411993239241
1762	0.341132366164959
1763	0.340994816127575
1764	0.340867618371021
1765	0.340744241342809
1766	0.34065863900622
1767	0.340540262974487
1768	0.340410770879019
1769	0.340341930771863
1770	0.340309117111217
1771	0.340230550766869
1772	0.340191964304044
1773	0.340145848737194
1774	0.340018304432437
1775	0.339905257081366
1776	0.339844896426801
1777	0.339771010485983
1778	0.339723422127945
1779	0.33972852891358
1780	0.339686504973158
1781	0.339598261886218
1782	0.339552708548805
1783	0.33951091079477
1784	0.339442932410595
1785	0.339443400404421
1786	0.339386000115822
1787	0.339411662559856
1788	0.33935535152763
1789	0.339250891646584
1790	0.339234030419815
1791	0.339187530125151
1792	0.339172903950433
1793	0.339135521143472
1794	0.339171445418809
1795	0.339133777209982
1796	0.339183184948373
1797	0.339172960663973
1798	0.339076427184027
1799	0.339038151436216
1800	0.339086259734307
1801	0.339072614214135
1802	0.339152874754689
1803	0.339164085953116
1804	0.339201979460231
1805	0.33918516546119
1806	0.339253994395829
1807	0.339225725578886
1808	0.339213420803951
1809	0.339133233321525
1810	0.339113011594187
1811	0.339120555058277
1812	0.33913129495874
1813	0.339086631638716
1814	0.339074265041567
1815	0.339071456216459
1816	0.339058798421478
1817	0.339040408935305
1818	0.339030086377945
1819	0.339080225209788
1820	0.339069594289518
1821	0.339112326921291
1822	0.339105120012237
1823	0.339142718536392
1824	0.339162575178963
1825	0.339262937063032
1826	0.339335234296397
1827	0.339264645580135
1828	0.339296253154119
1829	0.339331645906141
1830	0.339323047864531
1831	0.339119531631297
1832	0.339230539031258
1833	0.339390593931543
1834	0.339361149538605
1835	0.339343229054832
1836	0.339365115280069
1837	0.339373618958951
1838	0.339347525849047
1839	0.339437099219733
1840	0.339464486523878
1841	0.339271929322481
1842	0.33921431734365
1843	0.33928957936552
1844	0.339371648094941
1845	0.339357300476894
1846	0.339441468992745
1847	0.339416107481668
1848	0.339263373184406
1849	0.339037260001891
1850	0.339095603989541
1851	0.339167101974098
1852	0.339186712713886
1853	0.339205582281879
1854	0.339262242866588
1855	0.339328017946154
1856	0.339362884669133
1857	0.339479208300143
1858	0.339579501146993
1859	0.339567116353495
1860	0.339537755977915
1861	0.339492962735785
1862	0.339436311100893
1863	0.339379876527256
1864	0.339335760720809
1865	0.339291762650685
1866	0.339308495223223
1867	0.339307314387151
1868	0.339298610126012
1869	0.339262857793375
1870	0.339215845570287
1871	0.339086284037659
1872	0.338967147571163
1873	0.33877443988609
1874	0.338708163490786
1875	0.33867733492465
1876	0.338611661346397
1877	0.33855438032894
1878	0.338639264795919
1879	0.338702447755214
1880	0.338684980206543
1881	0.338685521475859
1882	0.338778020357923
1883	0.338728915524721
1884	0.338527006955208
1885	0.338407810060171
1886	0.338292687207649
1887	0.338178672446251
1888	0.338129568398412
1889	0.338119127615441
1890	0.338044005441392
1891	0.337961255094949
1892	0.337846128049447
1893	0.337694819952126
1894	0.33753984873313
1895	0.337439533325607
1896	0.337274754640011
1897	0.337074889175607
1898	0.336964004261362
1899	0.336779884147686
1900	0.336552556237509
1901	0.336398633680387
1902	0.33636204853597
1903	0.33624834382431
1904	0.336252591733521
1905	0.336158713922582
1906	0.335947798885533
1907	0.335850741072958
1908	0.335817403801097
1909	0.335860726845165
1910	0.335817443422719
1911	0.335792009742308
1912	0.335798714017857
1913	0.335847688548763
1914	0.33587447837975
1915	0.335953441844615
1916	0.335960604537738
1917	0.335855704201177
1918	0.335896352294404
1919	0.335943033218809
1920	0.336169335085011
1921	0.336176238418555
1922	0.336080164640708
1923	0.336038174002328
1924	0.3358844977066
1925	0.335793898012263
1926	0.335839097603856
1927	0.335817198688726
1928	0.335853929178359
1929	0.335847643460109
1930	0.335835618910244
1931	0.335860212471001
1932	0.335867580728548
1933	0.335818598922507
1934	0.335796862294762
1935	0.335738399876501
1936	0.335745853680586
1937	0.335753776210859
1938	0.335741925083786
1939	0.335759089947406
1940	0.335789815399217
1941	0.335816839625511
1942	0.335783284144506
1943	0.335868295045653
1944	0.336064529596281
1945	0.336130313090625
1946	0.336275844129615
1947	0.336331991201043
1948	0.3362867116049
1949	0.336292996902173
1950	0.336272604201564
1951	0.336262015052827
1952	0.336193523230069
1953	0.336129588264111
1954	0.336080304286771
1955	0.336161939975171
1956	0.336093146846997
1957	0.335959082981766
1958	0.335842582030854
1959	0.33577427234612
1960	0.335677878722705
1961	0.335628844955886
1962	0.335658560920467
1963	0.335647967447261
1964	0.335645604663948
1965	0.335682969472567
1966	0.33574852982058
1967	0.335795845195821
1968	0.335876043426718
1969	0.33588585329024
1970	0.335794858907079
1971	0.335679487551603
1972	0.33574727452968
1973	0.335820815463833
1974	0.335974825046596
1975	0.336413130977372
1976	0.336567647455563
1977	0.336534408020235
1978	0.336526407107634
1979	0.336292295496103
1980	0.336255458446719
1981	0.33626491139286
1982	0.336389179488803
1983	0.336505514644353
1984	0.336704005591288
1985	0.336791794256114
1986	0.336859991350619
1987	0.336890313525884
1988	0.336921192673624
1989	0.337000146637243
1990	0.337083071982676
1991	0.337172277147333
1992	0.337234625628764
1993	0.337234835854855
1994	0.33735363656834
1995	0.337491874777567
1996	0.337640417124939
1997	0.337873830165878
1998	0.338013558320788
1999	0.33811817083069
2000	0.338258836238547
2001	0.33835675682318
2002	0.338516786052805
2003	0.338843664303889
2004	0.339045167690707
2005	0.339185529866797
2006	0.339387444612854
2007	0.339578349750805
2008	0.339658273072463
2009	0.339849793083946
2010	0.340121425836044
2011	0.340313116577683
2012	0.340444418615976
2013	0.340587171105563
2014	0.340704539334755
2015	0.340793098406873
2016	0.340913385688864
2017	0.341111884874469
2018	0.341309543163338
2019	0.341453384862966
2020	0.34162966376051
2021	0.341720393465379
2022	0.341947295801292
2023	0.342240708700881
2024	0.342469471316483
2025	0.342650260021331
2026	0.342831543432387
2027	0.342913299464904
2028	0.342905746427059
2029	0.343039029625319
2030	0.343229346686787
2031	0.343400373216555
2032	0.343553652111792
2033	0.343724480686373
2034	0.343830570555939
2035	0.344011422685499
2036	0.344143770062137
2037	0.344294082429892
2038	0.344557479427781
2039	0.344718845150842
2040	0.34475667597486
2041	0.344855319924365
2042	0.345080458746221
2043	0.345206977412626
2044	0.345422191475643
2045	0.345829009521971
2046	0.3460242897025
2047	0.346151364197031
2048	0.346255800516576
2049	0.346260107109355
2050	0.346344870096187
2051	0.346466688312744
2052	0.346629472787597
2053	0.346657514062632
2054	0.346650365938708
2055	0.346686450663942
2056	0.346649591124726
2057	0.346712468395483
2058	0.346925244508617
2059	0.347021004086004
2060	0.347072785822233
2061	0.347094989801408
2062	0.347130890356217
2063	0.347184165922214
2064	0.347129171479497
2065	0.347204277732101
2066	0.347326925489342
2067	0.347375198218522
2068	0.34740678536663
2069	0.347440418339705
2070	0.347474257816029
2071	0.347521500780296
2072	0.347629793811113
2073	0.34784306618902
2074	0.347890710500089
2075	0.347902602944366
2076	0.34797226248818
2077	0.347991976691769
2078	0.34806190656476
2079	0.348203940315192
2080	0.348272850400892
2081	0.348258073393885
2082	0.348276420572244
2083	0.348278926678778
2084	0.348439289521798
2085	0.348531012737888
2086	0.348689721651896
2087	0.348705828891546
2088	0.348634516694612
2089	0.348671344488228
2090	0.348577453293065
2091	0.348689233251404
2092	0.348916788864767
2093	0.348968030290802
2094	0.348907467328592
2095	0.348962336567853
2096	0.349069568546686
2097	0.349127096282423
2098	0.349208346047486
2099	0.349184530582526
2100	0.349215735539789
2101	0.349179388939807
2102	0.349147524030387
2103	0.349123161698658
2104	0.349170399371071
2105	0.349251397306214
2106	0.349289195956575
2107	0.349455259981593
2108	0.349504384086031
2109	0.349450286761054
2110	0.349363961334914
2111	0.349380873624891
2112	0.349440572572356
2113	0.349489726283152
2114	0.349495569695183
2115	0.349443533260261
2116	0.349411749337094
2117	0.349347844419484
2118	0.34918779235155
2119	0.349101696188248
2120	0.348963349433442
2121	0.348799798932297
2122	0.348611677702799
2123	0.348680700740199
2124	0.348576359043132
2125	0.348424878126738
2126	0.348293566755341
2127	0.34812833591102
2128	0.348036589448127
2129	0.34789833475883
2130	0.3475423857285
2131	0.347159778443727
2132	0.346864487697002
2133	0.346456563042526
2134	0.346169770712184
2135	0.34602982334798
2136	0.345717781037763
2137	0.345202617702952
2138	0.344843645631073
2139	0.344473197791807
2140	0.344102111493521
2141	0.343855408431424
2142	0.343491499059042
2143	0.343267814357554
2144	0.34291597240295
2145	0.342476987734992
2146	0.342158862778255
2147	0.341776424686126
2148	0.341338479051032
2149	0.341022851708248
2150	0.340982361459884
2151	0.340641918741179
2152	0.340255202401905
2153	0.339785574719102
2154	0.339176226117302
2155	0.338616888036358
2156	0.338083080594028
2157	0.337663156118032
2158	0.337148074962121
2159	0.336585703449537
2160	0.335877155234637
2161	0.335097697783527
2162	0.334359368192322
2163	0.33348602021045
2164	0.332707524513976
2165	0.33194149920946
2166	0.331265109207836
2167	0.330623535543042
2168	0.330050347564463
2169	0.329646672238426
2170	0.329307705747856
2171	0.329084069839748
2172	0.328859860273209
2173	0.328844101035821
2174	0.328733929623733
2175	0.328579458604637
2176	0.32860666695586
2177	0.328533662727243
2178	0.328311748974882
2179	0.328140356563377
2180	0.328015718130091
2181	0.327914822460917
2182	0.327869210306865
2183	0.32774555668058
2184	0.32759418152279
2185	0.327394250192641
2186	0.327086148711977
2187	0.326832445360605
2188	0.326618411974927
2189	0.326322791421217
2190	0.325925750577772
2191	0.325602738297793
2192	0.325325053835328
2193	0.324999940929696
2194	0.324767449686617
2195	0.324451913187276
2196	0.323967328690054
2197	0.323472733653824
2198	0.322941565039502
2199	0.322540349710087
2200	0.322221879940429
2201	0.321884086311161
2202	0.321402223043987
2203	0.320650337708366
2204	0.320137470235184
2205	0.319677089953293
2206	0.319333990487965
2207	0.319213996832159
2208	0.319004913374364
2209	0.3188911325905
2210	0.31862811894853
2211	0.318530868857671
2212	0.318626196688814
2213	0.318615152364672
2214	0.318598386191098
2215	0.318508804044272
2216	0.318612884830694
2217	0.318960012023789
2218	0.319304882899621
2219	0.319537315527974
2220	0.319687139014528
2221	0.319977256756424
2222	0.320254035642996
2223	0.320514157567873
2224	0.320805081741015
2225	0.321121979148387
2226	0.321268259410796
2227	0.321627467285475
2228	0.322191578421768
2229	0.322633801751628
2230	0.322977166679391
2231	0.323335080738976
2232	0.323756399731225
2233	0.324252436666751
2234	0.324817084327147
2235	0.325202397032725
2236	0.325584740298674
2237	0.326032525662151
2238	0.326403472726306
2239	0.326904565871779
2240	0.327541460033465
2241	0.328024253803798
2242	0.328493497271388
2243	0.329040396916332
2244	0.329694993364527
2245	0.330451525128493
2246	0.331130042060334
2247	0.331923179582606
2248	0.332582609604511
2249	0.333119289759665
2250	0.333728159129083
2251	0.334349631334142
2252	0.334937185385262
2253	0.335486375854316
2254	0.336098129230112
2255	0.336701437283312
2256	0.337632694025181
2257	0.338413252429791
2258	0.339116606745433
2259	0.339823645689798
2260	0.340432930240876
2261	0.34082116882447
2262	0.341399079516489
2263	0.342067266346333
2264	0.342574097772475
2265	0.343043588542095
2266	0.343614483233094
2267	0.344162614343776
2268	0.344442066117087
2269	0.344716109620901
2270	0.345038437867677
2271	0.345282874953831
2272	0.34538730007149
2273	0.345615800858029
2274	0.345955962345713
2275	0.346267934435104
2276	0.346625423065868
2277	0.346907162501367
2278	0.34712097714521
2279	0.347324332822599
2280	0.347243908747129
2281	0.347379176083254
2282	0.347617141500696
2283	0.347712562189393
2284	0.347860946818266
2285	0.347876780922128
2286	0.348073806992283
2287	0.348278292727144
2288	0.348557437682699
2289	0.34890023082567
2290	0.348882602388304
2291	0.34892093947521
2292	0.34910558878731
2293	0.349241863258252
2294	0.349650940652843
2295	0.349931827576709
2296	0.3502626588531
2297	0.350601777995783
2298	0.350990863444266
2299	0.351669327395966
2300	0.351919986510857
2301	0.352094175501591
2302	0.352219823491462
2303	0.352135203650782
2304	0.352078412898043
2305	0.352045742899907
2306	0.352039396051497
2307	0.352108253009922
2308	0.351912900480545
2309	0.351819023765269
2310	0.35157994586573
2311	0.351033013326887
2312	0.350369624626807
2313	0.350004454936372
2314	0.34961466986727
2315	0.349392076614109
2316	0.349349617971816
2317	0.349055655293091
2318	0.348557013984678
2319	0.348214501477389
2320	0.347864597746939
2321	0.347432477085444
2322	0.347225962072269
2323	0.34703706313651
2324	0.346820998720961
2325	0.346722533005147
2326	0.346567450091345
2327	0.346520151804316
2328	0.346532435441388
2329	0.346350489648242
2330	0.346048862736648
2331	0.345942522332989
2332	0.345654318564804
2333	0.345747581895427
2334	0.34629937172379
2335	0.346517964375286
2336	0.34678715023966
2337	0.346952327522026
2338	0.34694167211573
2339	0.346964015592464
2340	0.346840056916785
2341	0.346902203152016
2342	0.34709644855521
2343	0.347033995319844
2344	0.346890284543919
2345	0.346828858306993
2346	0.346796295047599
2347	0.346679603048854
2348	0.346592220331586
2349	0.346354824215216
2350	0.346022465259548
2351	0.345704044902385
2352	0.345436920968436
2353	0.34522543769042
2354	0.344672000823957
2355	0.344049067129587
2356	0.343858261251881
2357	0.343533573296681
2358	0.343376681512593
2359	0.343263978195384
2360	0.342679473171404
2361	0.341994550698968
2362	0.341362848530816
2363	0.340947688897983
2364	0.340770556027066
2365	0.340305193806825
2366	0.33983633794299
2367	0.339277535171437
2368	0.338868465673389
2369	0.338793597440103
2370	0.338332221310351
2371	0.337791408459524
2372	0.337179982112657
2373	0.336306595150776
2374	0.335657884914299
2375	0.335185248931322
2376	0.334620475544835
2377	0.334102975538798
2378	0.333648378631108
2379	0.333296009717024
2380	0.332857103277847
2381	0.332150374126935
2382	0.331676700940278
2383	0.331253013979648
2384	0.330844097605784
2385	0.330589875236
2386	0.3300470129525
2387	0.329261605210445
2388	0.328756491233715
2389	0.328238078739299
2390	0.327826909816332
2391	0.327655203345393
2392	0.327263821857657
2393	0.326863060094752
2394	0.326279299931794
2395	0.325466486249689
2396	0.324920734196114
2397	0.324246253780084
2398	0.323768144595025
2399	0.323439111555066
2400	0.32379323028548
2401	0.323673684920655
2402	0.323398668990245
2403	0.323134042913745
2404	0.322976007709952
2405	0.322725558293207
2406	0.32259201216933
2407	0.322167068079508
2408	0.321101454767546
2409	0.320576177218751
2410	0.320284076093682
2411	0.320286790630853
2412	0.32061765968955
2413	0.320487306694698
2414	0.320034065993927
2415	0.319683186004985
2416	0.319685852586483
2417	0.319535662733914
2418	0.319249923969278
2419	0.319065345526119
2420	0.318855799925078
2421	0.318780549089004
2422	0.319145671299431
2423	0.319362778935498
2424	0.319245147124432
2425	0.318884320906924
2426	0.318150501218783
2427	0.317900140855512
2428	0.317461921966234
2429	0.317234682855022
2430	0.317603173193394
2431	0.317568531249109
2432	0.317267480178911
2433	0.317199005187698
2434	0.317343730933053
2435	0.317469726578876
2436	0.317902209193084
2437	0.317799123198239
2438	0.317376442561402
2439	0.317203346988023
2440	0.316663234061865
2441	0.31648317763645
2442	0.316746684566599
2443	0.316980723747644
2444	0.317414226371433
2445	0.317374906945923
2446	0.317331714561178
2447	0.317336033775256
2448	0.317029831208508
2449	0.316813005554206
2450	0.317022630614969
2451	0.316878682354902
2452	0.316629105753091
2453	0.316444939045981
2454	0.316380842618853
2455	0.316348610482581
2456	0.316489407020971
2457	0.316110836809244
2458	0.315448361185117
2459	0.315211994246478
2460	0.314789125878278
2461	0.314507811870188
2462	0.315086958012492
2463	0.314879522585831
2464	0.314100960321983
2465	0.313799992473649
2466	0.31324865990776
2467	0.312844524591115
2468	0.312381860383954
2469	0.312168604954009
2470	0.312243522816572
2471	0.311937464059553
2472	0.311625631449909
2473	0.311479767387727
2474	0.3110120317816
2475	0.310616424084405
2476	0.310686913900787
2477	0.31048990973608
2478	0.309665559334617
2479	0.30940012104344
2480	0.309364025592919
2481	0.308839410986248
2482	0.308265413760863
2483	0.307546454411757
2484	0.306023385246161
2485	0.305573197886971
2486	0.305373166183973
2487	0.305348918842599
2488	0.305973814221393
2489	0.306140267929463
2490	0.306411109210585
2491	0.306436987099416
2492	0.306602077895694
2493	0.306154748619531
2494	0.304601524325016
2495	0.304145375381731
2496	0.303669347681903
2497	0.303096708900979
2498	0.302894717214538
2499	0.302951130479293
2500	0.303446382859382
