350	0.389973564192598
351	0.392005011368382
352	0.437402491000845
353	0.415870966139787
354	0.412561461016155
355	0.414741032897327
356	0.408528696913587
357	0.413600744241634
358	0.414571950160854
359	0.408639968445021
360	0.418758935905927
361	0.413127662147454
362	0.404230983297675
363	0.400580611264052
364	0.406265656706618
365	0.397506925207756
366	0.396788614637962
367	0.404517659705468
368	0.399502940618478
369	0.40167313916436
370	0.401974921846903
371	0.384681183943133
372	0.389607326120956
373	0.392987085495238
374	0.392864834904985
375	0.389236295513834
376	0.390058681880071
377	0.393871329579787
378	0.387504486421099
379	0.38300396231582
380	0.386437417790278
381	0.381704799837195
382	0.381498513393632
383	0.384203238470896
384	0.375599363676734
385	0.371640715848072
386	0.369927214029527
387	0.371335870012341
388	0.366765557243226
389	0.365970211387681
390	0.369420059680322
391	0.366966110930295
392	0.363285705655979
393	0.365870001849375
394	0.36448869369993
395	0.364733204527438
396	0.364612657863175
397	0.359883405742852
398	0.358757938709286
399	0.361750224288106
400	0.362721146637929
401	0.360922438259393
402	0.359856392996762
403	0.356819181778627
404	0.35524248279527
405	0.356245225861445
406	0.356362747228863
407	0.357202393379005
408	0.357821659594838
409	0.355686421761291
410	0.35227064608337
411	0.352075692618798
412	0.350344449803214
413	0.347187050712325
414	0.344895120362458
415	0.347648909289749
416	0.34815432032398
417	0.346501259601458
418	0.343353153323021
419	0.3424339806742
420	0.341794270932446
421	0.340586349459131
422	0.337138196540367
423	0.335188046221884
424	0.335147503838908
425	0.333291548716401
426	0.331739262442488
427	0.330996215799737
428	0.329343195848901
429	0.327631229882303
430	0.325806557308686
431	0.324930997454167
432	0.324820631444938
433	0.323612699353671
434	0.322414375064763
435	0.321272082333688
436	0.321731515713117
437	0.321339755862575
438	0.319623392080356
439	0.318678174243268
440	0.318366417269428
441	0.31792775765448
442	0.31760146575976
443	0.317041109832074
444	0.316034455601151
445	0.315652884206825
446	0.314816035622106
447	0.314189281703614
448	0.314011806841657
449	0.313751116540505
450	0.313654578150986
451	0.312594736523852
452	0.31154496171335
453	0.311242035953918
454	0.31133604840876
455	0.310909014175368
456	0.309858920607922
457	0.309595160399893
458	0.309218019315274
459	0.308419581352046
460	0.308059306324284
461	0.307284333457947
462	0.306641923906073
463	0.306199852739588
464	0.305865980221789
465	0.305503349930751
466	0.304907111874371
467	0.304323590078986
468	0.303715479430682
469	0.303450368903964
470	0.303135002286966
471	0.3026655525163
472	0.302251548981745
473	0.301688804691953
474	0.301328007591324
475	0.301270762979936
476	0.300831095622374
477	0.300031987332478
478	0.300000666035891
479	0.299963585171572
480	0.299809316784221
481	0.299181487824032
482	0.29898640558265
483	0.298719120094216
484	0.298211884730763
485	0.297918396971773
486	0.298135473074426
487	0.297978298959086
488	0.297433922185466
489	0.297129105836081
490	0.296801369012877
491	0.296634285492571
492	0.296194289174079
493	0.296419823201433
494	0.296409448979125
495	0.296053689784794
496	0.296188881445511
497	0.296299368501096
498	0.295905663703642
499	0.295352830771547
500	0.29593880270286
501	0.295862127583543
502	0.295581363498087
503	0.295685701111791
504	0.29558466343289
505	0.295371730439395
506	0.295375158032844
507	0.295334732901424
508	0.295216372117804
509	0.29511736285011
510	0.295097449613349
511	0.294874646903092
512	0.294978204817749
513	0.2950136902796
514	0.294982932697237
515	0.294913924150725
516	0.294658543622114
517	0.294528646229396
518	0.294786023329102
519	0.294619729842191
520	0.294359604424065
521	0.294245238588986
522	0.294069282235019
523	0.294288562244458
524	0.294301174960162
525	0.294443094567193
526	0.294520152505368
527	0.294369897679076
528	0.294329860073684
529	0.294233134027502
530	0.294442565352795
531	0.294510609933622
532	0.294596546160245
533	0.294673995584647
534	0.294650167409842
535	0.29462669234382
536	0.294544663783719
537	0.294591633613286
538	0.294600573852613
539	0.294740449627631
540	0.294908949675637
541	0.294720359628812
542	0.29467241139035
543	0.294793725898932
544	0.29511949457551
545	0.295194636252299
546	0.295105876326873
547	0.295067719354431
548	0.295253953830208
549	0.295347033501373
550	0.295233469114156
551	0.295350580264948
552	0.295585018492733
553	0.295717897001047
554	0.29577213871624
555	0.295823389745223
556	0.295912404906966
557	0.296059726465562
558	0.296145454406839
559	0.296046663274436
560	0.296169540206465
561	0.2964236118442
562	0.296641644577885
563	0.29654312360948
564	0.296624375662939
565	0.296830521556204
566	0.296960786604598
567	0.296992406558153
568	0.297011332388517
569	0.297049143177536
570	0.297288601697381
571	0.297264972312155
572	0.297152940890185
573	0.297193894705916
574	0.297251590417533
575	0.297249351461922
576	0.297254531527354
577	0.29735126695942
578	0.297488393152099
579	0.297598374340547
580	0.297601871146357
581	0.297549583911459
582	0.297731018030708
583	0.297797063926482
584	0.297766228809547
585	0.297804446395542
586	0.29781521179743
587	0.297833309862587
588	0.297885884570517
589	0.297773420288405
590	0.297825723543209
591	0.297886712819391
592	0.297884589394377
593	0.297858398142866
594	0.297856371401945
595	0.297937509939549
596	0.298080109020994
597	0.29812709009448
598	0.298042770288836
599	0.298167638522082
600	0.298260446921923
601	0.298164695437095
602	0.298109037552403
603	0.298140851475646
604	0.298227554098491
605	0.298222100616015
606	0.298236439984957
607	0.298250154028152
608	0.298261478882515
609	0.298272060203431
610	0.29825033995018
611	0.298280771164702
612	0.298269022264918
613	0.298345212804063
614	0.298393237222493
615	0.298377750088284
616	0.298426246322134
617	0.298491267030475
618	0.298409913682005
619	0.298437129145845
620	0.298507182650293
621	0.298603113763771
622	0.298645720129069
623	0.298703681951492
624	0.29859229181072
625	0.298666747105399
626	0.298727811516592
627	0.298712226075594
628	0.298724939978053
629	0.298745702431933
630	0.298780615211936
631	0.298794872798375
632	0.298792458285103
633	0.298852691985418
634	0.298919029371099
635	0.298947278026056
636	0.29897432935517
637	0.29890793651331
638	0.298997281737404
639	0.299089164102895
640	0.299160351361502
641	0.299181297158028
642	0.299151564383578
643	0.299158858686256
644	0.299211109584126
645	0.29923619106022
646	0.299215464890269
647	0.299284767703511
648	0.299327123461536
649	0.299219510626803
650	0.299180896889397
651	0.299204655917959
652	0.299218886398393
653	0.299262705007026
654	0.299350011538914
655	0.299333612914116
656	0.299314109794898
657	0.299270833079695
658	0.299209506921702
659	0.299133010334441
660	0.299269526599985
661	0.299441411171137
662	0.299519402157793
663	0.299526102918203
664	0.299548359364322
665	0.299607986405589
666	0.299619848833157
667	0.299609399617534
668	0.299642164023283
669	0.299710673318682
670	0.299762042752465
671	0.299727790056887
672	0.299773329030463
673	0.299768578241227
674	0.299857203772787
675	0.29984568162945
676	0.299855222507243
677	0.2999451617825
678	0.300069509376236
679	0.300084846810071
680	0.300000674053095
681	0.300022394310627
682	0.300122380552755
683	0.300181777493812
684	0.300183330230886
685	0.300144715655825
686	0.300186800684734
687	0.300142332599392
688	0.300070972631698
689	0.300067577684615
690	0.300055926886032
691	0.300125943144391
692	0.300153558472217
693	0.300198032135122
694	0.300447764834881
695	0.300885232819768
696	0.301420637168482
697	0.30159807281103
698	0.301334675737949
699	0.300890246184033
700	0.300718026324333
701	0.300598790035481
702	0.300528264366206
703	0.300532152253918
704	0.300570226708983
705	0.300662007975712
706	0.300665420242196
707	0.300697617028059
708	0.300731535539257
709	0.300753570316159
710	0.300741925657935
711	0.300734962555772
712	0.300723898734384
713	0.30077241877932
714	0.300764107851031
715	0.300827393800688
716	0.300866197545871
717	0.300852734793176
718	0.300830171181614
719	0.300799848188675
720	0.300730240386457
721	0.300707250287414
722	0.30073219484763
723	0.300730382647029
724	0.300773163258488
725	0.300836823827106
726	0.300826717463889
727	0.300784025535594
728	0.300752874229859
729	0.30075951835801
730	0.300827941522892
731	0.30084945693307
732	0.300783518210379
733	0.300867639320268
734	0.300850948405644
735	0.300813802638068
736	0.300831392557407
737	0.300837889242379
738	0.300856309985528
739	0.300902126676326
740	0.300934089716504
741	0.300931171526762
742	0.300911125887433
743	0.300918229524533
744	0.300926885272347
745	0.300899794662459
746	0.300942635253536
747	0.300944623230475
748	0.300932324870146
749	0.300930372335772
750	0.300956989353582
751	0.301006436014577
752	0.30100798511521
753	0.300999144449289
754	0.300938960967659
755	0.300987087606215
756	0.300996161927676
757	0.300951246927928
758	0.300934979895611
759	0.300927521597373
760	0.300931026836241
761	0.300912314257463
762	0.300707936882828
763	0.300562714157455
764	0.300492538877375
765	0.300486343821125
766	0.300487678756932
767	0.30056032575144
768	0.300703265128574
769	0.300817937889362
770	0.300881306595462
771	0.300876033642858
772	0.300945657859928
773	0.301004427436979
774	0.300997665970792
775	0.300977278081564
776	0.30097115674262
777	0.300965741582495
778	0.300951877379139
779	0.300982143360512
780	0.300979502148077
781	0.300919539004367
782	0.30087866159117
783	0.300921431839148
784	0.300911435975987
785	0.300969098756085
786	0.300973214776017
787	0.300926617032298
788	0.300871480701309
789	0.300859260146555
790	0.300876172651379
791	0.300887266136364
792	0.300877162164932
793	0.300876433275775
794	0.300855500398159
795	0.300833679839275
796	0.300806429414455
797	0.300807842284454
798	0.300812756109213
799	0.300863999259047
800	0.300808493131381
801	0.300799559024595
802	0.300847902026989
803	0.300818981221412
804	0.300832874800756
805	0.300828679847245
806	0.300821592089345
807	0.300814020806219
808	0.300776683992246
809	0.300757307848985
810	0.300723283575527
811	0.30073853387956
812	0.300756130587107
813	0.300713255457298
814	0.300642233254708
815	0.300649729490497
816	0.300632721336479
817	0.300583119662185
818	0.300516146750977
819	0.30055104500333
820	0.300593612502684
821	0.300642397393267
822	0.30058092903159
823	0.300571120558332
824	0.300610316191022
825	0.30061440752776
826	0.30059482814023
827	0.30057421462268
828	0.30059159071537
829	0.300628444004863
830	0.300588494398607
831	0.300545463236179
832	0.300530483927667
833	0.300557530898118
834	0.300591968077682
835	0.30054046765953
836	0.300485677151775
837	0.300527515245864
838	0.300482215174089
839	0.300477529537398
840	0.300537927025577
841	0.300527484311386
842	0.300495390263295
843	0.300481014232302
844	0.300448743098921
845	0.300381546034797
846	0.300396532302192
847	0.300433867933132
848	0.300390084413765
849	0.300369817791169
850	0.300353628329566
851	0.300356223151248
852	0.300285725747477
853	0.30026432871262
854	0.300276514169758
855	0.300155678549288
856	0.300138797061297
857	0.30022062089479
858	0.300291515124076
859	0.300259668635343
860	0.300197243776802
861	0.300207734227123
862	0.300180316033525
863	0.300162565892724
864	0.300128391313875
865	0.300085093141285
866	0.300089955979778
867	0.300079770172649
868	0.300067244820706
869	0.300113552658291
870	0.300133905887646
871	0.300080352648504
872	0.300000502473497
873	0.299995558905952
874	0.299989671980961
875	0.299985509594788
876	0.299886029707197
877	0.29982900707915
878	0.299866162314756
879	0.29982991207519
880	0.299797598984262
881	0.2998110601473
882	0.299791507853473
883	0.29974970875246
884	0.299776647540005
885	0.299830974729236
886	0.299850282809932
887	0.299887218370076
888	0.299866961581161
889	0.299775154817746
890	0.299726851063163
891	0.299740305746368
892	0.299783469045003
893	0.299694279282601
894	0.299644842879934
895	0.299720370007937
896	0.29970870916996
897	0.299619579769843
898	0.29960976031989
899	0.299507755384837
900	0.299476597715737
901	0.299480274136558
902	0.299415676752594
903	0.299431953062721
904	0.299407284803848
905	0.299406438501966
906	0.299392981746167
907	0.299447887078562
908	0.299367320965478
909	0.299356415186078
910	0.299333389585827
911	0.299360262772328
912	0.29935060212479
913	0.299275750284746
914	0.29916160752961
915	0.299195990645511
916	0.299160805007271
917	0.299173743155568
918	0.299121384611456
919	0.299091643014384
920	0.299181401828222
921	0.29918124135205
922	0.299228821409455
923	0.299146199871217
924	0.299290582604688
925	0.299191399877501
926	0.299080019232324
927	0.299114640998513
928	0.29903743204057
929	0.299028561697846
930	0.299001501153312
931	0.299038753242826
932	0.29891859681731
933	0.298897892596076
934	0.298894447514712
935	0.298808521260796
936	0.298749255544959
937	0.298770437571743
938	0.298740152819314
939	0.298541719839135
940	0.298554571353855
941	0.298620620127646
942	0.298637400473793
943	0.298605442559934
944	0.29867141793501
945	0.298681981302429
946	0.298494574214631
947	0.298358946804655
948	0.298273819136517
949	0.298274783363336
950	0.298318285989463
951	0.298328873466108
952	0.298238954769419
953	0.298298828745171
954	0.298136405739062
955	0.298019817038778
956	0.2982328351624
957	0.298281619688062
958	0.29823443142346
959	0.298201226525149
960	0.298370188048028
961	0.298336765477239
962	0.29823904077716
963	0.298353017065304
964	0.298321616504456
965	0.298236695307084
966	0.298269606227146
967	0.298001491624976
968	0.2978336161608
969	0.298038063858155
970	0.298210507714566
971	0.29813665962081
972	0.298200647115433
973	0.298176059172782
974	0.298244847314016
975	0.298247935318754
976	0.297977932276883
977	0.298054858300912
978	0.298246806978529
979	0.298131398733987
980	0.298133968360013
981	0.29804239135122
982	0.29816761290473
983	0.298043066390102
984	0.298095338122991
985	0.298060159515825
986	0.298164181543122
987	0.298106550985335
988	0.297914431188231
989	0.297676187405058
990	0.297731130597182
991	0.297905519078896
992	0.297964960025472
993	0.297900707426801
994	0.297882319864167
995	0.297988957444624
996	0.297553488834214
997	0.297446657410584
998	0.297910844320671
999	0.298031108110167
1000	0.297779855584021
1001	0.301490410329264
1002	0.301596971323425
1003	0.301573349850758
1004	0.301411002589033
1005	0.301452326939184
1006	0.301376852552501
1007	0.301255371441022
1008	0.301181478424684
1009	0.301137070182908
1010	0.301221802993493
1011	0.301177697163077
1012	0.301248001043812
1013	0.301324541038572
1014	0.301297859707852
1015	0.301169151934053
1016	0.301091115672147
1017	0.301083348148831
1018	0.301006776518445
1019	0.300933372456481
1020	0.300893299728532
1021	0.300769086744045
1022	0.300661926042933
1023	0.300732497561346
1024	0.300739383867663
1025	0.300847331239288
1026	0.300897747286631
1027	0.300791811604034
1028	0.300699068162981
1029	0.300574645069498
1030	0.300481092913936
1031	0.300467354517783
1032	0.300398164077587
1033	0.300353109217393
1034	0.300298342572275
1035	0.300254442208374
1036	0.300376306446605
1037	0.300405172003527
1038	0.300378916518842
1039	0.300304759914973
1040	0.300359314497102
1041	0.30031662082489
1042	0.300233193412032
1043	0.300211842767679
1044	0.300200668205944
1045	0.300119933529695
1046	0.30001081201923
1047	0.30003935570753
1048	0.300087896932349
1049	0.300162538907177
1050	0.300171357826297
1051	0.300199700397835
1052	0.30014138808487
1053	0.300086757242651
1054	0.300029571304767
1055	0.300000836562141
1056	0.300002626021346
1057	0.300087220125514
1058	0.300026814833651
1059	0.300012364971758
1060	0.299976191973994
1061	0.299930595865699
1062	0.299830586421845
1063	0.299885768154155
1064	0.299846549274503
1065	0.299793705595468
1066	0.299793079301699
1067	0.299785459723918
1068	0.299792400984749
1069	0.299802461631971
1070	0.299758443931761
1071	0.299845946046699
1072	0.299766524472082
1073	0.29973390004932
1074	0.299642716897653
1075	0.299578815715456
1076	0.299582305278407
1077	0.299518364195092
1078	0.299490030203793
1079	0.299432916291031
1080	0.299398156486808
1081	0.299337019044508
1082	0.299335258766739
1083	0.299307835414847
1084	0.299372051235347
1085	0.299363006984607
1086	0.29941868217734
1087	0.299493928926297
1088	0.299419733780685
1089	0.299370849767877
1090	0.299384127589846
1091	0.299395311433715
1092	0.299432007981265
1093	0.299429621940894
1094	0.299336442423895
1095	0.299306791824527
1096	0.299330031729915
1097	0.299300900894114
1098	0.299266305339861
1099	0.299264445473435
1100	0.299244528360176
1101	0.299251053527175
1102	0.299282749914164
1103	0.299281814106808
1104	0.29926218888754
1105	0.299209036065929
1106	0.299103140283894
1107	0.299101545477347
1108	0.299042217075315
1109	0.298968465471096
1110	0.29894388653017
1111	0.298966706236804
1112	0.298967360283545
1113	0.299005594809701
1114	0.299049920116046
1115	0.299039225737554
1116	0.29894682424157
1117	0.298877473243557
1118	0.298858312625945
1119	0.298879459032774
1120	0.298928974561639
1121	0.298922196544213
1122	0.298995309351455
1123	0.299006934119116
1124	0.298948899661302
1125	0.29887343291737
1126	0.298902089004779
1127	0.298937243246147
1128	0.298937468070668
1129	0.298974252154671
1130	0.299004019658353
1131	0.298995527777938
1132	0.298908701565566
1133	0.298815079311073
1134	0.298870013409653
1135	0.298974535679984
1136	0.298944128317534
1137	0.298972094386531
1138	0.299006963490625
1139	0.298920884268563
1140	0.299025475479126
1141	0.299069979110475
1142	0.299129821917735
1143	0.299160934365289
1144	0.299169238710788
1145	0.29914993898935
1146	0.299121319560715
1147	0.299118655985102
1148	0.29919970177041
1149	0.299194962833029
1150	0.299180661690311
1151	0.299211168543443
1152	0.299182131123832
1153	0.299159727480575
1154	0.299199105367811
1155	0.299250620102264
1156	0.29928155012643
1157	0.299359599236713
1158	0.299404635216065
1159	0.299449142320726
1160	0.299488494400468
1161	0.299431068861176
1162	0.299434361403545
1163	0.299481735344161
1164	0.299521266708291
1165	0.29952585430782
1166	0.299565925052872
1167	0.29962069982055
1168	0.299562834510018
1169	0.299567702528261
1170	0.299628885920354
1171	0.299666189695937
1172	0.299677947717426
1173	0.29969294043807
1174	0.299760090258751
1175	0.29979028676469
1176	0.299824577513392
1177	0.299870872264868
1178	0.299896966674974
1179	0.29994681903332
1180	0.299926053870973
1181	0.299942682944614
1182	0.299973369503295
1183	0.300032757029534
1184	0.300125545760416
1185	0.300156317519218
1186	0.300175606315277
1187	0.300168040015737
1188	0.300146050033025
1189	0.300157476292096
1190	0.300180071972318
1191	0.30017471710512
1192	0.300158383217863
1193	0.300135657521409
1194	0.300127448735219
1195	0.300177079481118
1196	0.300176798054764
1197	0.300174952145967
1198	0.30021034508849
1199	0.300156718259242
1200	0.300160464047305
1201	0.300088698455918
1202	0.300133248016018
1203	0.300118787160869
1204	0.300150056193314
1205	0.300133453424793
1206	0.300121415926924
1207	0.30014013405272
1208	0.300149539920128
1209	0.300125929759094
1210	0.300166869796345
1211	0.300166739394317
1212	0.300117592937621
1213	0.300101902251574
1214	0.300106273688828
1215	0.300114000795471
1216	0.300112047540834
1217	0.300131442735104
1218	0.300083263168596
1219	0.30009877714397
1220	0.300061447302202
1221	0.300058297583097
1222	0.300027420660235
1223	0.300006286464718
1224	0.300031878375469
1225	0.300036674449724
1226	0.300032785131386
1227	0.300048593441438
1228	0.300067972187069
1229	0.300026344560806
1230	0.300030218141515
1231	0.300031396387455
1232	0.300008138051637
1233	0.300025548459182
1234	0.300025548459182
1235	0.299993845397288
1236	0.300005473493529
1237	0.300022539411035
1238	0.300045801635381
1239	0.300019530359599
1240	0.300054432347189
1241	0.300024868510497
1242	0.300051376980355
1243	0.300058100737145
1244	0.300035918434911
1245	0.300039809864871
1246	0.30006084135641
1247	0.300088050913713
1248	0.300074985478725
1249	0.300113884667424
1250	0.300143087366462
1251	0.300166497744898
1252	0.300121449271837
1253	0.30012930465299
1254	0.300150746624659
1255	0.300154745851701
1256	0.300150807893441
1257	0.300139204380343
1258	0.300157897139591
1259	0.300142384837142
1260	0.300165577424022
1261	0.300173571641264
1262	0.300166958095671
1263	0.300159274871753
1264	0.300221564483718
1265	0.300258979346983
1266	0.300247456070949
1267	0.30028961204113
1268	0.300313675569839
1269	0.300298446662324
1270	0.300290951534892
1271	0.300323880825242
1272	0.300336326053549
1273	0.300386437014505
1274	0.300387207487668
1275	0.300381631484156
1276	0.30038254877178
1277	0.300389518496932
1278	0.300406694767094
1279	0.300453565091509
1280	0.300487371233743
1281	0.300514358292484
1282	0.300524276973472
1283	0.300552374994183
1284	0.300538025538656
1285	0.30054517448984
1286	0.300580477730219
1287	0.30057447813221
1288	0.30062161155047
1289	0.300653536172804
1290	0.300628087858136
1291	0.300656164099407
1292	0.300631149424429
1293	0.300621019031344
1294	0.30064476271979
1295	0.300660185104781
1296	0.300599115044248
1297	0.300596937839903
1298	0.300612233186317
1299	0.300622929720841
1300	0.30055040076058
1301	0.30059570718717
1302	0.300626525186276
1303	0.300667350714267
1304	0.300674836901135
1305	0.300697659977974
1306	0.300703143731102
1307	0.3007253983428
1308	0.300700584783006
1309	0.300682867756451
1310	0.300686587064817
1311	0.300669130836362
1312	0.300667953733619
1313	0.300699473040041
1314	0.30072396356951
1315	0.300785887629399
1316	0.300791990215407
1317	0.300806828010261
1318	0.300790708152701
1319	0.300734223748283
1320	0.300731081004033
1321	0.30082784111084
1322	0.300853634310196
1323	0.300808018705851
1324	0.300795414212732
1325	0.300781250637064
1326	0.300756113608326
1327	0.300809637781108
1328	0.300808990374051
1329	0.300820951191368
1330	0.300815957997301
1331	0.300852749172671
1332	0.300851188029153
1333	0.300853926396575
1334	0.300868681703285
1335	0.300863028991594
1336	0.300912455071409
1337	0.300879080073324
1338	0.300901852996019
1339	0.300964160656752
1340	0.30095365731926
1341	0.300988081537592
1342	0.301003423295924
1343	0.301007137302801
1344	0.301016558779684
1345	0.301053071364916
1346	0.30106442122295
1347	0.301125232070902
1348	0.301151313058271
1349	0.301157251513282
1350	0.301170882303155
1351	0.301176596604871
1352	0.30118676709639
1353	0.301209734163501
1354	0.30123279671884
1355	0.30125188176063
1356	0.301222243805916
1357	0.301224150272584
1358	0.301228838113621
1359	0.301250883516579
1360	0.301261989676166
1361	0.301278177758689
1362	0.301316917728338
1363	0.301326902411652
1364	0.301337719421878
1365	0.30133278569532
1366	0.301356010591643
1367	0.301333876195282
1368	0.301328953704904
1369	0.301324631362186
1370	0.3012710930561
1371	0.30116844154602
1372	0.301077140120957
1373	0.301007075284412
1374	0.300860184905819
1375	0.300706457692244
1376	0.300544252718587
1377	0.300320570216376
1378	0.300142999657334
1379	0.299943521910024
1380	0.299678738793214
1381	0.299431025506401
1382	0.299097959265348
1383	0.298750167813798
1384	0.298341211756462
1385	0.29789328085642
1386	0.297415133823471
1387	0.296874791285701
1388	0.296349356197948
1389	0.295805960421575
1390	0.295302503615916
1391	0.294859957563413
1392	0.294474689310139
1393	0.294186114778909
1394	0.293971067701412
1395	0.293833848843911
1396	0.293778445600776
1397	0.293804142956799
1398	0.293916451743464
1399	0.294033239012231
1400	0.294170813253779
1401	0.294300760190095
1402	0.294511692266636
1403	0.294654833946216
1404	0.294851298133504
1405	0.294970669526622
1406	0.295043640897756
1407	0.295159580131278
1408	0.295250628316347
1409	0.295363183471193
1410	0.295528358055483
1411	0.295694803908169
1412	0.295835121374467
1413	0.29600677332332
1414	0.296157986180375
1415	0.296326462938729
1416	0.296542472775066
1417	0.296744992664065
1418	0.29696864214762
1419	0.297139604164196
1420	0.297291940382818
1421	0.297450853900054
1422	0.297613573818993
1423	0.297821361636234
1424	0.29800983690532
1425	0.29817563465974
1426	0.298360829109148
1427	0.29851788327773
1428	0.298677857949809
1429	0.29881460089872
1430	0.298975087290925
1431	0.299110086437299
1432	0.299221929115791
1433	0.299354056110456
1434	0.299445986456357
1435	0.299523232492391
1436	0.299641398447236
1437	0.299742244241172
1438	0.29984049498646
1439	0.299953928444914
1440	0.300040910702491
1441	0.300057516061458
1442	0.300124404045087
1443	0.30017372396484
1444	0.300220469179522
1445	0.30035585870014
1446	0.300420385904769
1447	0.300491041717873
1448	0.300552955870745
1449	0.300624360501875
1450	0.300666070214914
1451	0.30076271268969
1452	0.300822336632391
1453	0.300890077703164
1454	0.300949988601034
1455	0.30102982468904
1456	0.301087194310345
1457	0.301126757555961
1458	0.301202224790523
1459	0.301274287048146
1460	0.301301701789994
1461	0.301333792384926
1462	0.301402795706394
1463	0.30147262956564
1464	0.301487043373219
1465	0.301535023277487
1466	0.301572865003417
1467	0.301573134187713
1468	0.301623267503429
1469	0.301643316853066
1470	0.301666012803666
1471	0.301716246978256
1472	0.301761497401322
1473	0.301811978282388
1474	0.301895810537249
1475	0.301937462497421
1476	0.301955316708442
1477	0.301987992763079
1478	0.302034664590134
1479	0.302076692690471
1480	0.302130964619237
1481	0.302161167057932
1482	0.302211471331797
1483	0.302241860890138
1484	0.302294485958813
1485	0.302325066083495
1486	0.302318607021489
1487	0.302309317549974
1488	0.302308475947835
1489	0.30235139599956
1490	0.302410154631091
1491	0.302413129076684
1492	0.302457733172396
1493	0.302482347217519
1494	0.302448002407346
1495	0.302472662106506
1496	0.302540278428963
1497	0.302574513474112
1498	0.302599280018914
1499	0.302621377232528
1500	0.302609490445557
1501	0.302600417925726
1502	0.302577015303841
1503	0.302577353961056
1504	0.302594654683361
1505	0.302604522279826
1506	0.302685350015752
1507	0.302695371541095
1508	0.302702339885196
1509	0.302702851594893
1510	0.302721025616825
1511	0.302711977728971
1512	0.302700807331886
1513	0.302714017965899
1514	0.302681473203777
1515	0.302667071325393
1516	0.302671965434046
1517	0.30266532761598
1518	0.302676201512374
1519	0.302697210679374
1520	0.302681408325183
1521	0.302719768415572
1522	0.302749522922522
1523	0.302768074331211
1524	0.302788221972553
1525	0.30283466497693
1526	0.302835373185765
1527	0.302860181274969
1528	0.302838310073344
1529	0.302856344227124
1530	0.302876794680254
1531	0.302825570026706
1532	0.302813402566107
1533	0.302850812437852
1534	0.302861463516038
1535	0.302884959454773
1536	0.302905632199043
1537	0.302868079697235
1538	0.302875809538163
1539	0.302912700081045
1540	0.302887498174564
1541	0.302843211601419
1542	0.302850951632893
1543	0.302921594272983
1544	0.302929480885947
1545	0.302946050926353
1546	0.302974202707949
1547	0.302955818140711
1548	0.302973945027304
1549	0.302991211822062
1550	0.302999285208777
1551	0.30299202804134
1552	0.30300012767424
1553	0.302941822169099
1554	0.302980560748748
1555	0.30299840911016
1556	0.303013757400151
1557	0.303040418371391
1558	0.303079593121962
1559	0.303061428810912
1560	0.303066651295816
1561	0.303060186636322
1562	0.303089282075228
1563	0.303093880355894
1564	0.303088782754358
1565	0.30316235874665
1566	0.303205389416391
1567	0.303169307615903
1568	0.303153823413547
1569	0.303116768561279
1570	0.303122174361437
1571	0.303173429074241
1572	0.303200064901514
1573	0.303272267039326
1574	0.303253637637819
1575	0.303263027827958
1576	0.303233684233018
1577	0.303208319914993
1578	0.303224634717805
1579	0.303272941229936
1580	0.303278720752252
1581	0.303285452797895
1582	0.303291274790555
1583	0.303320665324244
1584	0.303326569925767
1585	0.303345802019549
1586	0.303348562214833
1587	0.303320141043767
1588	0.303308766141906
1589	0.303406590030531
1590	0.303442242891128
1591	0.303506647095508
1592	0.303520712856421
1593	0.303501170216812
1594	0.303479013491959
1595	0.303495864742932
1596	0.303498969897687
1597	0.303513688287212
1598	0.303531201955082
1599	0.303575629524426
1600	0.303571052492458
1601	0.303544166650042
1602	0.30356186372181
1603	0.303618723308359
1604	0.303610894682112
1605	0.303600953953711
1606	0.30360432465335
1607	0.303572608349752
1608	0.303538690696591
1609	0.303531198048266
1610	0.303568514469754
1611	0.303626867942075
1612	0.303615580881551
1613	0.30363994785488
1614	0.303654903540282
1615	0.303644458384841
1616	0.303647985515227
1617	0.303635644088463
1618	0.30366225442704
1619	0.303695773535224
1620	0.303696039408591
1621	0.303767064368792
1622	0.303767484485489
1623	0.30370946310124
1624	0.303724876543851
1625	0.30369218050677
1626	0.303668957327969
1627	0.303716805707169
1628	0.303782990637421
1629	0.303821672461167
1630	0.303825671085457
1631	0.303821328517702
1632	0.303813448323268
1633	0.303798451227803
1634	0.303802433775035
1635	0.303866605990728
1636	0.303879257157911
1637	0.303887682256725
1638	0.303900438887017
1639	0.303903714600145
1640	0.30392867409827
1641	0.30391046527138
1642	0.303919858379512
1643	0.303933175438891
1644	0.303954898287842
1645	0.303951964800634
1646	0.303977401481459
1647	0.304009181596481
1648	0.304075480899116
1649	0.304084432243605
1650	0.304110418359741
1651	0.304156350787043
1652	0.304166576568568
1653	0.304163383713781
1654	0.304198747683317
1655	0.304217709922383
1656	0.304262386319426
1657	0.304375009636585
1658	0.304442127353339
1659	0.304457577361398
1660	0.304467029247293
1661	0.304506647360519
1662	0.304587846754614
1663	0.304633724209108
1664	0.304719437233312
1665	0.30477513402781
1666	0.304822729313529
1667	0.304880637345428
1668	0.30493246157924
1669	0.305037981892477
1670	0.30512414653732
1671	0.305202113098471
1672	0.305292767603317
1673	0.30537069117535
1674	0.305448885295785
1675	0.305612239938484
1676	0.305721775054448
1677	0.305834572961143
1678	0.305945164604265
1679	0.306068417947307
1680	0.306162963108707
1681	0.30622507539776
1682	0.306334082613469
1683	0.306442519370319
1684	0.30658002697808
1685	0.306749397663253
1686	0.306843569273019
1687	0.306985401712605
1688	0.307125812349922
1689	0.307249566556908
1690	0.307391442247976
1691	0.3075367969437
1692	0.307620583727483
1693	0.307785249752563
1694	0.307873643008702
1695	0.30799823907793
1696	0.308105289599752
1697	0.308250146068893
1698	0.308329796922952
1699	0.308457911865918
1700	0.308556250818665
1701	0.308712673981736
1702	0.308783186926661
1703	0.308835091732929
1704	0.308906174781947
1705	0.308912972298274
1706	0.308952139686485
1707	0.309017221620822
1708	0.30907094534928
1709	0.309084107065482
1710	0.309141546618214
1711	0.309199115021987
1712	0.309266454092855
1713	0.309368207123518
1714	0.30933999339064
1715	0.309388008647471
1716	0.309464966397602
1717	0.309480617536609
1718	0.309546722381922
1719	0.309551034740662
1720	0.309534365683559
1721	0.309448938380437
1722	0.309434471062749
1723	0.309338152702312
1724	0.309298098759415
1725	0.309241044635553
1726	0.309195837065077
1727	0.309163875265422
1728	0.309028740237264
1729	0.308888448541298
1730	0.308808882164291
1731	0.308662874361886
1732	0.308586488758855
1733	0.308489131585423
1734	0.30833206545818
1735	0.308198651169827
1736	0.308083368337822
1737	0.307940336274782
1738	0.307852535218984
1739	0.307780959562797
1740	0.307708701785172
1741	0.307651366669643
1742	0.307584632569527
1743	0.307568844233603
1744	0.307517219698366
1745	0.307414943566328
1746	0.307405955281971
1747	0.3074054517553
1748	0.30731502071557
1749	0.307277685182266
1750	0.307245782518989
1751	0.307148129355578
1752	0.307098741088661
1753	0.307048676073487
1754	0.306940586028801
1755	0.306900314530604
1756	0.306859528480722
1757	0.30675027029226
1758	0.306611946909928
1759	0.306515398120516
1760	0.306420348800736
1761	0.306337771243375
1762	0.306329431819591
1763	0.30625853886513
1764	0.306130680702463
1765	0.305996325309694
1766	0.305911200938485
1767	0.305847934089971
1768	0.305763514069244
1769	0.305669426785298
1770	0.305589468823679
1771	0.305469585427913
1772	0.305384009644892
1773	0.305373989846237
1774	0.305278614582184
1775	0.305230636768908
1776	0.305154359479891
1777	0.30510154700194
1778	0.305059789123882
1779	0.304963657540247
1780	0.304897010886571
1781	0.304930403152981
1782	0.304827956271756
1783	0.304823564192958
1784	0.30480481707126
1785	0.30470825244768
1786	0.304697081988557
1787	0.304680600280279
1788	0.304578976460748
1789	0.304552150368099
1790	0.304563303482569
1791	0.304579722328085
1792	0.304639814124341
1793	0.304592047241766
1794	0.30446084754515
1795	0.304412051188177
1796	0.304510855293591
1797	0.304418523287419
1798	0.304451155672346
1799	0.304419813466116
1800	0.304438874979064
1801	0.30444261691771
1802	0.304443157364746
1803	0.304454116571066
1804	0.304433694586353
1805	0.304407998725953
1806	0.304483974964414
1807	0.30447688744235
1808	0.304516203830791
1809	0.304554079637911
1810	0.304620821149662
1811	0.3046174355295
1812	0.304573838589549
1813	0.304482385836501
1814	0.304475739229123
1815	0.304506886427576
1816	0.304590603916996
1817	0.304564950899607
1818	0.304519208744361
1819	0.30451614037109
1820	0.304438746593595
1821	0.304513026441938
1822	0.304481630011195
1823	0.304410275518268
1824	0.304449669033966
1825	0.304524027777787
1826	0.304519397184068
1827	0.304460694852089
1828	0.304523697264921
1829	0.304419860662551
1830	0.304474374200054
1831	0.304676195794762
1832	0.304681277520923
1833	0.304722433411079
1834	0.304635666907414
1835	0.304624338230453
1836	0.304615476321206
1837	0.304711822365862
1838	0.304765221499855
1839	0.304905044514033
1840	0.304843650666245
1841	0.304757628886193
1842	0.304775585808928
1843	0.304810471620965
1844	0.304844905905603
1845	0.30487535349511
1846	0.304953425294564
1847	0.304969990727428
1848	0.304894055533788
1849	0.304789310636544
1850	0.304732016237934
1851	0.304776040817471
1852	0.304741336262858
1853	0.304748479900077
1854	0.304758550085044
1855	0.30475689594022
1856	0.304741354556047
1857	0.304706737925794
1858	0.304834464768912
1859	0.304850195451126
1860	0.304891714093223
1861	0.304958703780765
1862	0.304869886861633
1863	0.304858959487196
1864	0.304866950208983
1865	0.30479650307232
1866	0.304726596383532
1867	0.304666386877021
1868	0.304546614494726
1869	0.304355390349292
1870	0.304317531206733
1871	0.304258998189683
1872	0.30428930394781
1873	0.304489488827131
1874	0.304512246751685
1875	0.304485292629946
1876	0.30447681883796
1877	0.304405820675671
1878	0.304273212855476
1879	0.304350478622648
1880	0.304365220028543
1881	0.304366526622179
1882	0.304458645754484
1883	0.304369083163599
1884	0.304110475615477
1885	0.303915214500887
1886	0.303727670221633
1887	0.303487570864426
1888	0.303488608147484
1889	0.30361890180829
1890	0.30360363799755
1891	0.303664417457313
1892	0.303606799865857
1893	0.303432972917164
1894	0.303333323846246
1895	0.303248533643893
1896	0.303079352817516
1897	0.302837357688984
1898	0.302655310917434
1899	0.302617086432216
1900	0.302733712182131
1901	0.302701034177574
1902	0.30283484773022
1903	0.302816787823262
1904	0.302533334634614
1905	0.302421905781371
1906	0.302287610445102
1907	0.302280729947903
1908	0.302322574109785
1909	0.302511863380944
1910	0.302484526093799
1911	0.302447654662397
1912	0.302408715739323
1913	0.302196034910186
1914	0.302202401767853
1915	0.302445618785542
1916	0.302517189631335
1917	0.302432993806912
1918	0.302421965669945
1919	0.302472728834377
1920	0.302525433314297
1921	0.302537572589958
1922	0.302608951734324
1923	0.302659317688742
1924	0.302697786403984
1925	0.302698108743193
1926	0.302802332573426
1927	0.3027527885071
1928	0.302703337327335
1929	0.302504075475485
1930	0.302405323438398
1931	0.302282338520636
1932	0.302233512144266
1933	0.302266203675757
1934	0.30224661324507
1935	0.302349899043362
1936	0.302388416722336
1937	0.302432780247017
1938	0.302450906150907
1939	0.302497994156665
1940	0.302545018689095
1941	0.302540135398815
1942	0.302467109091184
1943	0.302430713542966
1944	0.302405219687225
1945	0.302374962222533
1946	0.302417228007188
1947	0.302375601188454
1948	0.302369784735142
1949	0.302363480523842
1950	0.302356767777765
1951	0.302402656325715
1952	0.302349753759367
1953	0.302292671361861
1954	0.30225992539278
1955	0.302330176967509
1956	0.30225404089376
1957	0.302101163869822
1958	0.302065309723095
1959	0.302138054407087
1960	0.302132582291441
1961	0.302074131436922
1962	0.302117151113909
1963	0.30215049008128
1964	0.302086385746938
1965	0.302077159514606
1966	0.302245138780743
1967	0.302296280878719
1968	0.302215562623896
1969	0.302221527355416
1970	0.302341464220296
1971	0.302428559308221
1972	0.302423951973288
1973	0.302328646679944
1974	0.302292702997939
1975	0.30217843429706
1976	0.302199680626523
1977	0.30238275450529
1978	0.302444156739424
1979	0.30255560931252
1980	0.30264586064239
1981	0.302716732066774
1982	0.302728222352609
1983	0.302830039058648
1984	0.302976607832297
1985	0.30304983744992
1986	0.303140561885916
1987	0.30315631791184
1988	0.303052540393738
1989	0.303111964405217
1990	0.303185600624943
1991	0.303280188731375
1992	0.303454339253454
1993	0.303597584833099
1994	0.303632227627013
1995	0.303597168610272
1996	0.303571311304089
1997	0.303455685237448
1998	0.303505356541687
1999	0.303586822681074
2000	0.303750516609478
2001	0.304113449951854
2002	0.304300839174521
2003	0.304427695592594
2004	0.30452859940481
2005	0.30451649397915
2006	0.304594571002831
2007	0.304783175707464
2008	0.30508623877156
2009	0.305334318549665
2010	0.305626106554749
2011	0.305818800240912
2012	0.305896245051117
2013	0.306041991365875
2014	0.306176169800932
2015	0.306343843282079
2016	0.30641288030851
2017	0.306455731445115
2018	0.306690012534674
2019	0.306854906107612
2020	0.306995313878063
2021	0.307237616871062
2022	0.307396960087627
2023	0.307404009970024
2024	0.307561568105559
2025	0.307846715668269
2026	0.308041980126576
2027	0.308205840553905
2028	0.308361945365855
2029	0.308524933400785
2030	0.308601964332716
2031	0.308794559759191
2032	0.309128319813599
2033	0.309294022431154
2034	0.30938793655661
2035	0.309505452421012
2036	0.309477574579615
2037	0.30953717984783
2038	0.309687637882219
2039	0.309756899286847
2040	0.309838774619013
2041	0.30990828369459
2042	0.309987329965555
2043	0.310038710439368
2044	0.310216520441041
2045	0.310434107491654
2046	0.310685177933039
2047	0.310996382937179
2048	0.311187464782152
2049	0.311321095695109
2050	0.311369544990366
2051	0.311269736105944
2052	0.311275098327293
2053	0.311285419606992
2054	0.311231368697372
2055	0.311327569385699
2056	0.311454098009844
2057	0.311533828415604
2058	0.311555351430232
2059	0.311585292315708
2060	0.311626317531206
2061	0.311679676524782
2062	0.311779986965737
2063	0.31186455794762
2064	0.311914573544689
2065	0.311912006079046
2066	0.312001568436002
2067	0.312030255492444
2068	0.312204824884944
2069	0.312408664565561
2070	0.312428585237179
2071	0.312391314201384
2072	0.312400959859958
2073	0.312301441733284
2074	0.312277745611882
2075	0.31238435452258
2076	0.312411668853856
2077	0.312333885545162
2078	0.312361203686347
2079	0.312455011791031
2080	0.312580186405607
2081	0.312701429491263
2082	0.312856676922864
2083	0.312953274638718
2084	0.312988197632003
2085	0.31310174948986
2086	0.313384713539167
2087	0.313363789530667
2088	0.313308983282208
2089	0.313309807786646
2090	0.313016244780509
2091	0.312962941496223
2092	0.313147405038942
2093	0.313199664568303
2094	0.313172435083731
2095	0.313255582144651
2096	0.313281925607105
2097	0.313295011496426
2098	0.313459625296531
2099	0.313504330100953
2100	0.313489497400906
2101	0.313317433514388
2102	0.313300378601684
2103	0.313263159785778
2104	0.313252232653125
2105	0.313348822423727
2106	0.313456062912421
2107	0.313582418002376
2108	0.313613017489767
2109	0.31362538453721
2110	0.313699783910515
2111	0.313708592772613
2112	0.31357851681457
2113	0.313480921711677
2114	0.313441067389691
2115	0.313399130619207
2116	0.313376036654287
2117	0.313323484945737
2118	0.313267814064738
2119	0.313225353917226
2120	0.313166875596726
2121	0.313111650455062
2122	0.31313878678631
2123	0.313134791584787
2124	0.312861680358201
2125	0.312659008623303
2126	0.312439848155852
2127	0.312206456283524
2128	0.312086496476194
2129	0.312037330222261
2130	0.311837750920004
2131	0.311669276706088
2132	0.311385274128185
2133	0.310939525952678
2134	0.310598227041245
2135	0.310326170432895
2136	0.310030028127732
2137	0.309764794839539
2138	0.309561721538476
2139	0.309207561683042
2140	0.308749371979119
2141	0.308372271561238
2142	0.307946693934886
2143	0.307583220531121
2144	0.307265080595784
2145	0.30703447724022
2146	0.306809487530999
2147	0.30659227011388
2148	0.306539760370014
2149	0.306289727529489
2150	0.305984488657462
2151	0.305642305970532
2152	0.305247696448908
2153	0.30484491546596
2154	0.30429356092153
2155	0.304057201880902
2156	0.30374855657369
2157	0.303112460858424
2158	0.302581325419366
2159	0.302020093693306
2160	0.301316753671168
2161	0.300696480302531
2162	0.300009858207268
2163	0.29940644731212
2164	0.298864072997095
2165	0.298293491539186
2166	0.297854502887129
2167	0.297587649458253
2168	0.297182143463867
2169	0.296773781713743
2170	0.296490274475495
2171	0.296295217694703
2172	0.295819736660993
2173	0.295470239294629
2174	0.295392908469639
2175	0.295204597935153
2176	0.295032106083593
2177	0.295116485039964
2178	0.29499159660539
2179	0.294703013537645
2180	0.294502587692444
2181	0.294172333554619
2182	0.293861065198673
2183	0.293688105659326
2184	0.293684903620571
2185	0.293538607168405
2186	0.29341933900533
2187	0.293210277418918
2188	0.292953298006994
2189	0.292657819276431
2190	0.292205789177746
2191	0.292039468464982
2192	0.291850612316617
2193	0.291433092838434
2194	0.291315131951715
2195	0.291068741376256
2196	0.290663557532677
2197	0.290251315501028
2198	0.289686716423869
2199	0.289320688534257
2200	0.288883574247446
2201	0.288567459759045
2202	0.288208224712645
2203	0.287893009452155
2204	0.287472526559965
2205	0.286949322219
2206	0.286551209795688
2207	0.286096403522788
2208	0.28580160792859
2209	0.285614103140566
2210	0.285502554040522
2211	0.285660864675727
2212	0.285793997318174
2213	0.286016921821762
2214	0.286172290952222
2215	0.286058786497149
2216	0.285958169331518
2217	0.286019127083077
2218	0.286269648578135
2219	0.286574981991666
2220	0.28688940633019
2221	0.287120348092741
2222	0.287244228351244
2223	0.28747627596367
2224	0.287729674249968
2225	0.288016872986414
2226	0.288358124890801
2227	0.288642337921205
2228	0.288879382659632
2229	0.289232831191307
2230	0.289695104405037
2231	0.290082507651444
2232	0.290516285196675
2233	0.290851439641232
2234	0.290913944261002
2235	0.291266818943342
2236	0.291797558429186
2237	0.292317182686524
2238	0.293032597098683
2239	0.293667389352562
2240	0.294164296307592
2241	0.294564253837568
2242	0.295006172747489
2243	0.29538063363993
2244	0.295788171703043
2245	0.296148587094616
2246	0.296701883592415
2247	0.297401943305095
2248	0.297981801972289
2249	0.298626642486341
2250	0.299250858998752
2251	0.299824691216888
2252	0.300511208104804
2253	0.301246544958078
2254	0.301862354305225
2255	0.30232783734409
2256	0.302938743714024
2257	0.30373686659865
2258	0.304464215776807
2259	0.305367101209843
2260	0.306053319562049
2261	0.306206714678124
2262	0.306565199335397
2263	0.306874846755984
2264	0.307227792706954
2265	0.307974519554953
2266	0.308491551817247
2267	0.308998216062708
2268	0.309415384386302
2269	0.309626726246869
2270	0.309625236877129
2271	0.309856859498294
2272	0.309972428981828
2273	0.310194887730925
2274	0.31066899889542
2275	0.310976984315851
2276	0.311148981706476
2277	0.311233904652388
2278	0.311126292016654
2279	0.31122692757436
2280	0.311200069225572
2281	0.311528996000085
2282	0.31182510111847
2283	0.311936279476635
2284	0.312168713658213
2285	0.312242494894885
2286	0.312404318093542
2287	0.312771457293475
2288	0.31304187238846
2289	0.313196535849585
2290	0.313313525017636
2291	0.313594236967037
2292	0.313759168797267
2293	0.313877098064043
2294	0.314485306590628
2295	0.314947366670277
2296	0.315182577947248
2297	0.315249072209064
2298	0.315487568166734
2299	0.315514596324934
2300	0.31567257424311
2301	0.316097102289059
2302	0.316137669978725
2303	0.315821319054079
2304	0.315739258816824
2305	0.315686702935036
2306	0.315552182396346
2307	0.315349103327509
2308	0.315255746593209
2309	0.315090550145338
2310	0.31496423439993
2311	0.314735387115464
2312	0.314518925203518
2313	0.31426710673941
2314	0.313881967980953
2315	0.313708577236435
2316	0.313625094201791
2317	0.313330457045615
2318	0.312920425446891
2319	0.312567251397753
2320	0.312198030378078
2321	0.311592671451656
2322	0.311184002173656
2323	0.310958819453506
2324	0.310715677774864
2325	0.310818975162229
2326	0.311117399169303
2327	0.311054590092508
2328	0.310845869425512
2329	0.310817714381248
2330	0.310729771772111
2331	0.310719159256672
2332	0.311082107550534
2333	0.311260553349941
2334	0.311467391720279
2335	0.311526019600466
2336	0.311409575868951
2337	0.311344104422404
2338	0.311195541226413
2339	0.311113530473939
2340	0.311059413155983
2341	0.311018276324413
2342	0.311054756164163
2343	0.310955476626178
2344	0.310733016849555
2345	0.310752069939654
2346	0.311007705369239
2347	0.310968388235349
2348	0.310886910313343
2349	0.310955931034071
2350	0.310472766599658
2351	0.309976445488417
2352	0.309817578451628
2353	0.309506307283974
2354	0.309351695802601
2355	0.30927004953168
2356	0.308959661242111
2357	0.308542042893448
2358	0.308154523812962
2359	0.307488772789906
2360	0.30688279214216
2361	0.306544461200099
2362	0.306309924779662
2363	0.306208409604611
2364	0.305936717554505
2365	0.305417453849712
2366	0.30512820683979
2367	0.304712267717226
2368	0.304210027164726
2369	0.30397441077514
2370	0.303484994764603
2371	0.302693329621841
2372	0.302263257172454
2373	0.302057099110231
2374	0.301669192508559
2375	0.301261955168545
2376	0.300823435892575
2377	0.300116149671449
2378	0.299566659575085
2379	0.298815098331151
2380	0.298421585846085
2381	0.298392621227963
2382	0.297970975108107
2383	0.297445855626697
2384	0.297081679659274
2385	0.29647852387166
2386	0.295976690626371
2387	0.295486081837483
2388	0.295255699377315
2389	0.294911822633693
2390	0.294562330904305
2391	0.294464386543302
2392	0.294063340296578
2393	0.293050551150967
2394	0.292527184696589
2395	0.292200022042731
2396	0.291951281211638
2397	0.291998534315159
2398	0.291826282615552
2399	0.291440460666738
2400	0.291118566362639
2401	0.290605219345623
2402	0.290352328753763
2403	0.29030478603649
2404	0.289913061718582
2405	0.289585221251798
2406	0.289600733259946
2407	0.289228049265654
2408	0.289043441267985
2409	0.288849749921691
2410	0.288318127883605
2411	0.28792577342561
2412	0.287715028117755
2413	0.287271996957538
2414	0.286834156657862
2415	0.286628204527687
2416	0.286485993073039
2417	0.286611254578297
2418	0.286870505178
2419	0.286519909951173
2420	0.286056244479095
2421	0.286089981473687
2422	0.285898583947369
2423	0.285845768413104
2424	0.285887186134058
2425	0.285901564713024
2426	0.285627466671383
2427	0.285464267180666
2428	0.285201432929172
2429	0.285253135718098
2430	0.285290532764658
2431	0.28534348822394
2432	0.285413162649024
2433	0.285439418417423
2434	0.28524966442173
2435	0.285260818816534
2436	0.285597159249798
2437	0.285581917070748
2438	0.285549154342031
2439	0.285474820276453
2440	0.285088039259863
2441	0.284905821136232
2442	0.284562554400971
2443	0.284674800285288
2444	0.285097857689872
2445	0.285261444399563
2446	0.28583791413646
2447	0.285745937180899
2448	0.285041222215015
2449	0.28472363304351
2450	0.284271877813305
2451	0.283913251790618
2452	0.283889492689497
2453	0.283716710616314
2454	0.283475448696841
2455	0.283347126358962
2456	0.283480683496692
2457	0.283235156332507
2458	0.282629143590577
2459	0.282407911184346
2460	0.282155116310538
2461	0.281894261534798
2462	0.281995494132786
2463	0.281918018190047
2464	0.281683649460011
2465	0.28151528301698
2466	0.281463264634517
2467	0.281058822391862
2468	0.28027347462807
2469	0.280175069952304
2470	0.28046643502198
2471	0.280531792410227
2472	0.281075951344221
2473	0.280793884423699
2474	0.279534692845961
2475	0.278962913917227
2476	0.277922892370361
2477	0.277510936075171
2478	0.277954696551617
2479	0.277887451235124
2480	0.277866247261182
2481	0.277812233056117
2482	0.277705387498691
2483	0.277163563462201
2484	0.276710344847443
2485	0.276279202116067
2486	0.275379361658609
2487	0.274888175335775
2488	0.275068406187809
2489	0.274703285601062
2490	0.274458508340144
2491	0.274026320446528
2492	0.273598944100239
2493	0.273319477566656
2494	0.272470516851985
2495	0.272202998441081
2496	0.272383890339219
2497	0.272016354365172
2498	0.271593604997631
2499	0.271815687144756
2500	0.272182894786568
