350	0.361752060710404
351	0.358660771264473
352	0.365077164972344
353	0.379867117033518
354	0.371339590476819
355	0.354664871579355
356	0.36261373210515
357	0.369067863407828
358	0.360925622345577
359	0.355625242660455
360	0.340757206893342
361	0.352282660574567
362	0.36453780234268
363	0.353654297488367
364	0.334062068326253
365	0.352677552634953
366	0.361278578466574
367	0.354328117931152
368	0.348422579021315
369	0.34590171059351
370	0.343220640476757
371	0.348946959568715
372	0.341580305244855
373	0.338481380631115
374	0.337425554568857
375	0.340910516953815
376	0.330862812842573
377	0.32966754482968
378	0.326852434476775
379	0.324437274413329
380	0.32333875713518
381	0.321806272450119
382	0.323671127114505
383	0.327692641642271
384	0.319557432443807
385	0.314579936833261
386	0.317529263514275
387	0.316795896298464
388	0.313174135549648
389	0.310105753070956
390	0.312833077472631
391	0.319780127064711
392	0.315297578457568
393	0.314668808244503
394	0.307058865417944
395	0.308003666290637
396	0.310025292185143
397	0.308593676244567
398	0.311360886561381
399	0.310854459012156
400	0.308878382535918
401	0.307985241262686
402	0.308258534736008
403	0.307719858635548
404	0.306642745664318
405	0.306905526679733
406	0.303775178269151
407	0.305530187932935
408	0.303748169415803
409	0.304239056164571
410	0.304137635808779
411	0.301656379214706
412	0.30071332998189
413	0.302418083875442
414	0.29915402873671
415	0.296107379242045
416	0.295687392689387
417	0.296747974447269
418	0.2945186286996
419	0.293205024410434
420	0.291714029026984
421	0.291961448026091
422	0.289502929870857
423	0.288711345553707
424	0.288710287582226
425	0.286806974399236
426	0.284790778635416
427	0.283624351109014
428	0.282639196177457
429	0.281688142650462
430	0.280810826521545
431	0.279050409364973
432	0.278813071977727
433	0.278501573455217
434	0.277360625438211
435	0.276823339640439
436	0.275673409555733
437	0.276332277232275
438	0.275655700404804
439	0.274514045804843
440	0.275126544681777
441	0.274233904444852
442	0.273293865572832
443	0.273382804087556
444	0.273003676893685
445	0.27243410063365
446	0.271681706377069
447	0.270978580194376
448	0.270795492419704
449	0.270666870407157
450	0.270646834125051
451	0.270608281923961
452	0.270222693134693
453	0.269553255722394
454	0.269173859658321
455	0.268846498721588
456	0.26794126318839
457	0.26736263222037
458	0.267237321317448
459	0.266681826714954
460	0.265931017607521
461	0.266330055175997
462	0.266129191854595
463	0.265242488221218
464	0.264676607618514
465	0.264509505086029
466	0.264099193190158
467	0.263437030214731
468	0.262956272039371
469	0.262661664827436
470	0.262846210993779
471	0.262252681090572
472	0.262264911516634
473	0.261760823450675
474	0.260440757494806
475	0.260212358998877
476	0.260465606012492
477	0.260633397656776
478	0.260155372764578
479	0.259446318658069
480	0.258813479974553
481	0.258669549620725
482	0.258849154058263
483	0.258526870918581
484	0.258184099484655
485	0.258161204584451
486	0.257873626748289
487	0.257808890979333
488	0.257426151738427
489	0.256953859061431
490	0.256343932940598
491	0.256742798999293
492	0.257081743342921
493	0.256781104750105
494	0.256703714973334
495	0.256520236314365
496	0.25660695967825
497	0.256675337104728
498	0.256626361100109
499	0.256614162265277
500	0.256069442184198
501	0.255950048577226
502	0.2560120611962
503	0.255992807710665
504	0.256065301751817
505	0.256152566743155
506	0.256070607467306
507	0.256136136790824
508	0.255860362153258
509	0.255934125410418
510	0.256051641532823
511	0.256170785249015
512	0.256151623727576
513	0.255998252267612
514	0.256092480907789
515	0.256168296096716
516	0.256038094364972
517	0.255750950973672
518	0.255464549543375
519	0.255761089970508
520	0.255870967647883
521	0.255588142429257
522	0.255676910163119
523	0.255961201964231
524	0.256146029188889
525	0.256047884221464
526	0.256190862082551
527	0.256142136289725
528	0.256226723859126
529	0.25630761235791
530	0.256153302625502
531	0.256231417395404
532	0.256500345343114
533	0.256744080073669
534	0.256811737874407
535	0.256810437475224
536	0.25665220311456
537	0.256983431819029
538	0.257190824954278
539	0.257238410149499
540	0.25721060825999
541	0.25729505455388
542	0.257233694359291
543	0.257110171391801
544	0.257244933565104
545	0.25753026409268
546	0.257697937583018
547	0.257774403237358
548	0.2578398677902
549	0.257982772614705
550	0.258207647076107
551	0.258273913457921
552	0.258376161329989
553	0.258443428818433
554	0.258558234305516
555	0.258748026541433
556	0.258908130378216
557	0.258993510000948
558	0.259184245992932
559	0.259232484366473
560	0.259278772095811
561	0.259330331378949
562	0.259429695413136
563	0.259540493596345
564	0.259614676338474
565	0.259691162884351
566	0.259839590656155
567	0.260014960289272
568	0.260153030624186
569	0.260210761597083
570	0.260388341742978
571	0.260447234715555
572	0.260462076245292
573	0.26042469946714
574	0.260486922009158
575	0.260654869330639
576	0.260774668187257
577	0.260912879868401
578	0.260785010675664
579	0.260701395836283
580	0.260817507638395
581	0.260847609114427
582	0.26094471054779
583	0.261063995156931
584	0.261225336830695
585	0.261221756481443
586	0.261236180590859
587	0.261213617082889
588	0.261260176968025
589	0.261188483309163
590	0.261043167391495
591	0.261002653819859
592	0.260988851806882
593	0.26104024902655
594	0.261103826915042
595	0.261194746108167
596	0.261302562090913
597	0.261316757232691
598	0.261138034704456
599	0.260998155601845
600	0.260945655916292
601	0.261035176389495
602	0.260992515271163
603	0.260947452283427
604	0.260997279921
605	0.261131162613741
606	0.261140801211917
607	0.261091519056774
608	0.261110947375418
609	0.261192431941697
610	0.261277155456885
611	0.261304274684424
612	0.261246776356499
613	0.261274163169335
614	0.261328455224101
615	0.261355817389294
616	0.261365367086471
617	0.261386751681895
618	0.261418808939512
619	0.26147117126983
620	0.261441093131444
621	0.261424341144919
622	0.261524631559377
623	0.261594059869502
624	0.261564438016915
625	0.261554463854987
626	0.261489946106258
627	0.261530553321008
628	0.261511354425981
629	0.261394777805843
630	0.261405860590893
631	0.261480854716527
632	0.261484028671292
633	0.26144696612766
634	0.261493694263477
635	0.261543107958384
636	0.261521158408132
637	0.261489469522616
638	0.261509932571195
639	0.261571567826451
640	0.261593632823735
641	0.261620465980729
642	0.26166030026773
643	0.261590215369531
644	0.261568398542434
645	0.261597518841203
646	0.261563632647955
647	0.261571389501581
648	0.261541640795934
649	0.261544786146135
650	0.261564521551813
651	0.261469672414251
652	0.261456735535218
653	0.261509131527686
654	0.261532278839416
655	0.261480692006124
656	0.261478066201536
657	0.261530293036145
658	0.261549768436096
659	0.261439915804044
660	0.261438714320995
661	0.261493243460368
662	0.26157573146842
663	0.261619990016348
664	0.261638524207922
665	0.261655507550412
666	0.261646932882839
667	0.261646206076883
668	0.26162665898166
669	0.261676248811056
670	0.261671912287087
671	0.261694689562849
672	0.261723593855467
673	0.261759702283243
674	0.261834699157686
675	0.261774696139682
676	0.261741717679673
677	0.261739756493713
678	0.261818225011281
679	0.261863946620072
680	0.261869339264567
681	0.261815640011623
682	0.261794132301707
683	0.261813338915283
684	0.261825440098662
685	0.261878071342441
686	0.261918378462965
687	0.261951665844296
688	0.261906994074552
689	0.261750477384599
690	0.261648015557942
691	0.261689310089574
692	0.261723360649631
693	0.261772778514835
694	0.262007488935319
695	0.262412862082894
696	0.26298697085808
697	0.263274370498225
698	0.263069447816955
699	0.262432106530766
700	0.262128984182088
701	0.262007669071645
702	0.262002059395512
703	0.26195066829836
704	0.26200744824217
705	0.26203695972971
706	0.262031792272191
707	0.261995565207765
708	0.261990678332843
709	0.262041286776619
710	0.262057069449686
711	0.262064032416787
712	0.262001460056893
713	0.262000641193767
714	0.262010910827869
715	0.262010785269562
716	0.261982614988783
717	0.262057624717217
718	0.262071361259908
719	0.26196581097307
720	0.261825640169286
721	0.261782783648301
722	0.261755576623519
723	0.261751051483536
724	0.261773463050052
725	0.261813979093752
726	0.26184408636198
727	0.261833576568742
728	0.261723171219073
729	0.26167400136445
730	0.26166946586934
731	0.261686295055093
732	0.261667004230529
733	0.261644273534515
734	0.261653006062635
735	0.261664837851207
736	0.261658152194788
737	0.261655365213963
738	0.261683000160642
739	0.261710508643473
740	0.261710950682362
741	0.261671259624345
742	0.261681681366637
743	0.261688867619942
744	0.261696819248483
745	0.261667570582347
746	0.261626593545964
747	0.26162310296925
748	0.261617938243406
749	0.261572025476024
750	0.261543928790452
751	0.261564791801757
752	0.261570416613703
753	0.261557135487682
754	0.261511106825495
755	0.261421259074811
756	0.261445614139573
757	0.261485210113805
758	0.261402449006261
759	0.261392114338168
760	0.261368816808071
761	0.261222656166673
762	0.261053558376763
763	0.26085787916975
764	0.260683137756215
765	0.260671035956813
766	0.260685394876039
767	0.260755192529492
768	0.260820887797208
769	0.260955393166096
770	0.261065340882189
771	0.261093503845971
772	0.261111599021137
773	0.261096680855269
774	0.261112523608496
775	0.261128783151089
776	0.261055357448992
777	0.261067631262738
778	0.261074985199182
779	0.261048647256283
780	0.26097150132372
781	0.260955180319231
782	0.260963564761237
783	0.260879940324404
784	0.260848403650297
785	0.260849995310562
786	0.260798451410708
787	0.260761941054067
788	0.26074192930214
789	0.260710005141408
790	0.260662666789369
791	0.260674338203296
792	0.260658543594121
793	0.260620227383691
794	0.260611686672552
795	0.260579014164909
796	0.260579885029302
797	0.260533470817666
798	0.260520170879246
799	0.260547818989683
800	0.260503931363503
801	0.260486684317449
802	0.260489005534387
803	0.260442306290466
804	0.260407233515538
805	0.260345769517368
806	0.260314880568886
807	0.260347371900326
808	0.260340080795444
809	0.260312804126186
810	0.260283231879647
811	0.260264740438153
812	0.260204122653435
813	0.260180555510054
814	0.26009245167954
815	0.260059630263102
816	0.260041034616895
817	0.259981563339379
818	0.259903502934584
819	0.259865210937472
820	0.259833876342561
821	0.259838489868175
822	0.259784374883493
823	0.259749211922227
824	0.259764933402816
825	0.25978135144877
826	0.259771357207866
827	0.259769395355806
828	0.259734854989065
829	0.259724925326727
830	0.259715273253187
831	0.259676171093304
832	0.259680442404818
833	0.259696689175002
834	0.25969533073823
835	0.259614031789807
836	0.259552399985507
837	0.259553469982829
838	0.259614505105989
839	0.259558133440967
840	0.259473371667491
841	0.259477345123918
842	0.25948653566674
843	0.259472647864809
844	0.259425448495016
845	0.259384696685145
846	0.259418766864319
847	0.259400299824062
848	0.259357408670631
849	0.259346042927854
850	0.259352223044301
851	0.259306122083906
852	0.259245692772409
853	0.259243975024439
854	0.259242182394124
855	0.259177718001793
856	0.259116233781527
857	0.259072629808647
858	0.259100761972543
859	0.259074269867246
860	0.258972755436951
861	0.259021296614314
862	0.259048845325599
863	0.25903291441394
864	0.258994310545264
865	0.258935370479234
866	0.258804472038227
867	0.258741141503495
868	0.258730353923547
869	0.258767488841569
870	0.258705601683915
871	0.258680878479558
872	0.258687695431192
873	0.258667684264547
874	0.25859071541833
875	0.258583951484791
876	0.258602357442365
877	0.258594118197262
878	0.258518000113374
879	0.258499220262021
880	0.258535814376266
881	0.258480705132975
882	0.258391185158659
883	0.258434798842537
884	0.258485117957
885	0.258479004056676
886	0.258416072516226
887	0.258329051825747
888	0.258297888773432
889	0.258297311577907
890	0.258295275202767
891	0.258313311335767
892	0.258299027917318
893	0.258259934511959
894	0.258255421573637
895	0.258215807077544
896	0.258123410401381
897	0.25805008415864
898	0.25795994936494
899	0.257909417487303
900	0.257998873760905
901	0.257899570745157
902	0.257876884802768
903	0.25786971346785
904	0.257818531895705
905	0.257757983063097
906	0.257819465577967
907	0.257663653061996
908	0.257495292209064
909	0.257577925069685
910	0.257714632815445
911	0.257630517327071
912	0.257568243452465
913	0.257653543342485
914	0.257608877774975
915	0.257433339469489
916	0.257366680289568
917	0.257473215039827
918	0.257444266642363
919	0.257249572590285
920	0.257367772172248
921	0.257445236744389
922	0.257384997575902
923	0.257355055285689
924	0.257350656911698
925	0.257334572851103
926	0.257226182223173
927	0.257261351028815
928	0.257150307969093
929	0.257115254886549
930	0.257178224630396
931	0.257013881899905
932	0.256839800031613
933	0.25685943433197
934	0.256921483458083
935	0.25687252584685
936	0.256740830686045
937	0.256642427624025
938	0.256658123622604
939	0.25680356367709
940	0.256593615316776
941	0.256450634865179
942	0.256507034378453
943	0.256443781922136
944	0.256376462883486
945	0.256496867863753
946	0.256476552536676
947	0.256337195214047
948	0.256271382259475
949	0.256140716703833
950	0.256190031286674
951	0.256328819609696
952	0.25640782930326
953	0.256188413574935
954	0.256138135488707
955	0.256176775603926
956	0.256126476268748
957	0.256114029592223
958	0.256015895240181
959	0.256069291793461
960	0.256078926363537
961	0.256136674181291
962	0.256032325037873
963	0.25592275286307
964	0.256074992425175
965	0.255897847016018
966	0.255818422714178
967	0.255933856314772
968	0.255894760404498
969	0.255727886448469
970	0.25575026731982
971	0.255842820884978
972	0.255723404536686
973	0.255619305348067
974	0.255759225648148
975	0.255903797683654
976	0.255883799082453
977	0.255660121269061
978	0.255705832053395
979	0.255868935457004
980	0.255828741816576
981	0.25550204586254
982	0.255641651309406
983	0.25589597376084
984	0.255718609276195
985	0.255663871770506
986	0.25577796036042
987	0.255844313828925
988	0.255569850066448
989	0.255481583024443
990	0.255446987535973
991	0.255490611986466
992	0.25559630395491
993	0.255415184805208
994	0.255295284195419
995	0.255474355577277
996	0.255444083860802
997	0.255329080396677
998	0.254895255268838
999	0.255111297546159
1000	0.255265616023556
1001	0.24696499316471
1002	0.247032720700612
1003	0.246897573485919
1004	0.246885965842871
1005	0.246906405047229
1006	0.246851576976483
1007	0.246871977250611
1008	0.246945942988356
1009	0.246965481173182
1010	0.246821789940685
1011	0.246720387215024
1012	0.246574090895212
1013	0.246505068650782
1014	0.246493046661963
1015	0.246485505405005
1016	0.246565137717305
1017	0.246506047444472
1018	0.246555909155263
1019	0.246326901032256
1020	0.246320536049427
1021	0.246404175930436
1022	0.246397421154231
1023	0.246471390591397
1024	0.246576639218792
1025	0.246531585158123
1026	0.246496881486742
1027	0.246342341868686
1028	0.246255154766949
1029	0.24614220808235
1030	0.246013328507061
1031	0.245984406205782
1032	0.245970659838752
1033	0.245942356684427
1034	0.24588628943343
1035	0.245858841998461
1036	0.245737581393501
1037	0.245685885058272
1038	0.245691384944012
1039	0.245743039359997
1040	0.245775282729529
1041	0.245749465657988
1042	0.245738675600263
1043	0.245753671047451
1044	0.245752879114549
1045	0.245664473771292
1046	0.245688361769159
1047	0.245672483012361
1048	0.245719989637872
1049	0.245741827429896
1050	0.245715815435866
1051	0.245790734688984
1052	0.245788168966557
1053	0.245620650036283
1054	0.245570917379153
1055	0.24539956734089
1056	0.245339143758619
1057	0.245316093967376
1058	0.245374916070587
1059	0.24542257372618
1060	0.24541743199187
1061	0.245394381296266
1062	0.24553412774905
1063	0.245490178365612
1064	0.245453195131861
1065	0.245411783734749
1066	0.245256383554833
1067	0.245196571179953
1068	0.245398207751212
1069	0.245405701495723
1070	0.245390810394515
1071	0.245383545844345
1072	0.24529341391853
1073	0.24527660171688
1074	0.245295081535228
1075	0.245389876611361
1076	0.245345297489435
1077	0.245410060000069
1078	0.245389015119971
1079	0.245414838091922
1080	0.245416650848014
1081	0.245285688260593
1082	0.245290098385912
1083	0.245251398214678
1084	0.245335430269354
1085	0.245417950999426
1086	0.245467797849624
1087	0.245586242169175
1088	0.245616901910566
1089	0.245605920012616
1090	0.24566956297833
1091	0.245573181278252
1092	0.245567006517789
1093	0.245532513045014
1094	0.245497649235628
1095	0.245534130447491
1096	0.245700047968078
1097	0.245682479160692
1098	0.245691944010411
1099	0.245789867672723
1100	0.24567919761969
1101	0.245640796313842
1102	0.245663502752239
1103	0.245700421275859
1104	0.245682802315409
1105	0.245645499439553
1106	0.245693414757644
1107	0.245644213408219
1108	0.245716822383738
1109	0.245790820764166
1110	0.245724812945943
1111	0.245673316310488
1112	0.245670759124006
1113	0.245659573265969
1114	0.245600397181318
1115	0.24559505832183
1116	0.245603923472573
1117	0.245702135286117
1118	0.245739139661811
1119	0.245732376694775
1120	0.245725275652243
1121	0.245659762553533
1122	0.245577914354136
1123	0.24552698782317
1124	0.24554866517435
1125	0.245498879833545
1126	0.245492276297478
1127	0.245465543713428
1128	0.245544749852938
1129	0.245481391850562
1130	0.245464296791074
1131	0.24540981866295
1132	0.245367578906185
1133	0.245398988812325
1134	0.245414882050864
1135	0.245456134962323
1136	0.245478433727711
1137	0.24543663574702
1138	0.245435563450255
1139	0.245422654695658
1140	0.245404029980458
1141	0.245423245454573
1142	0.245401411812371
1143	0.245394913548159
1144	0.245377513325257
1145	0.245396191212139
1146	0.245377700604954
1147	0.245347889438673
1148	0.245351956020191
1149	0.245336593168565
1150	0.245342031754251
1151	0.245389605327518
1152	0.245445049725405
1153	0.245454456128004
1154	0.245543840476258
1155	0.245543617401021
1156	0.24555734743753
1157	0.245526012878369
1158	0.245588054602714
1159	0.245595815140861
1160	0.245644832928688
1161	0.245659893676826
1162	0.245696275980036
1163	0.245693252416903
1164	0.245726770839932
1165	0.245774039956859
1166	0.245784395770185
1167	0.245874382145585
1168	0.245857078146312
1169	0.245870093155554
1170	0.245911287624207
1171	0.24598026902112
1172	0.246051237401136
1173	0.24603267972889
1174	0.246014070740481
1175	0.246039658390256
1176	0.246006934906541
1177	0.246031044761227
1178	0.246104307654051
1179	0.246147572964932
1180	0.246165265534261
1181	0.24622761596945
1182	0.24621846587741
1183	0.246262310929845
1184	0.246357224218345
1185	0.246355506849731
1186	0.246343291939132
1187	0.246429526057104
1188	0.246454065220478
1189	0.246458940962209
1190	0.246490054017601
1191	0.246458505424738
1192	0.246435199984025
1193	0.246384890571113
1194	0.246351425316299
1195	0.246420009119236
1196	0.246415914861099
1197	0.246397464812744
1198	0.246383106209704
1199	0.246351197474433
1200	0.246375804296513
1201	0.246392230669555
1202	0.246418422972123
1203	0.246435747756974
1204	0.246474106261437
1205	0.246469185641028
1206	0.246405575696323
1207	0.246422296931084
1208	0.246386686485118
1209	0.246370257400617
1210	0.246380945874833
1211	0.246383769190204
1212	0.246374146485182
1213	0.246357212989115
1214	0.246351457599987
1215	0.246344145656774
1216	0.246375195613697
1217	0.246357739978985
1218	0.246378534711682
1219	0.246380221612772
1220	0.246335065043331
1221	0.246324524849609
1222	0.246320047497916
1223	0.246320361559338
1224	0.246387637045391
1225	0.246404761591311
1226	0.246376690460504
1227	0.246419397224486
1228	0.246381236236909
1229	0.24630966319203
1230	0.246281062895584
1231	0.246377457416869
1232	0.246358387628465
1233	0.24633901689195
1234	0.246329484194425
1235	0.246349971076383
1236	0.246349971076383
1237	0.246304035343399
1238	0.246323099783199
1239	0.246348473914291
1240	0.246377082791801
1241	0.246416306192493
1242	0.246377655079066
1243	0.24643288558212
1244	0.246469980037087
1245	0.246459334228585
1246	0.24643538518145
1247	0.246434279446285
1248	0.24645945372221
1249	0.246438677883227
1250	0.246437157107648
1251	0.246435496597754
1252	0.246421181058822
1253	0.246399793883416
1254	0.246477312427125
1255	0.246484713159132
1256	0.246528360624378
1257	0.246564643147662
1258	0.246528883959616
1259	0.246516001456106
1260	0.246553655605003
1261	0.246540772118921
1262	0.246563924542804
1263	0.246560691769533
1264	0.246542530076102
1265	0.246532534029808
1266	0.246548107047011
1267	0.246578238340375
1268	0.2465739209214
1269	0.246542101609465
1270	0.246537179525001
1271	0.246548966058723
1272	0.246523385227168
1273	0.246538923577645
1274	0.246561756118317
1275	0.246581757109568
1276	0.246573553698348
1277	0.246582988099518
1278	0.246573644109824
1279	0.246602754813473
1280	0.24658233714041
1281	0.246606979841133
1282	0.246605415905347
1283	0.246603133630781
1284	0.246600429265928
1285	0.246626811919512
1286	0.246644575282958
1287	0.246672719830059
1288	0.246703343850676
1289	0.246710748965833
1290	0.246733847167985
1291	0.246730475392291
1292	0.246744664968802
1293	0.246720298275059
1294	0.24676508396993
1295	0.246838167008036
1296	0.246890089508395
1297	0.246922038894144
1298	0.246983550538604
1299	0.247039142641431
1300	0.246987696397742
1301	0.247034392019999
1302	0.247162519505053
1303	0.247190135455827
1304	0.247305608185212
1305	0.247357751476905
1306	0.247327330945409
1307	0.247392828295106
1308	0.247414602505693
1309	0.247408889502169
1310	0.24746658555243
1311	0.247504051373704
1312	0.247585387076474
1313	0.24767506821095
1314	0.247702814481206
1315	0.247659758346388
1316	0.247721676329069
1317	0.247744331799073
1318	0.247785314037351
1319	0.24787394013497
1320	0.247915172783968
1321	0.247971957308459
1322	0.247992080161276
1323	0.248004762363337
1324	0.248004737407919
1325	0.247942086983338
1326	0.247953687175938
1327	0.247980063326439
1328	0.248012297479102
1329	0.247948517841431
1330	0.247930696457448
1331	0.247924937880932
1332	0.247908479914865
1333	0.247908429254172
1334	0.247905254494487
1335	0.247896412595748
1336	0.247813120819609
1337	0.247799281373999
1338	0.247795184344154
1339	0.247763126843088
1340	0.247729610605407
1341	0.247727376328158
1342	0.247695545526231
1343	0.247647809822959
1344	0.247600032676015
1345	0.247580740749805
1346	0.247580165026711
1347	0.247552387549933
1348	0.247523836142379
1349	0.247488429497922
1350	0.247455949813062
1351	0.247421533161679
1352	0.247408542178222
1353	0.247383086711179
1354	0.247375935617467
1355	0.247342266372745
1356	0.247359444983064
1357	0.247385445855973
1358	0.247356745993446
1359	0.24735073227553
1360	0.247321000917528
1361	0.247301013139905
1362	0.247276032928035
1363	0.24722662675
1364	0.247188259578024
1365	0.247136182228396
1366	0.247083246525194
1367	0.247032195880593
1368	0.246956324862426
1369	0.246865960872342
1370	0.246767126637736
1371	0.24666682464654
1372	0.246560441663937
1373	0.24647522457865
1374	0.246323291353547
1375	0.246138576632856
1376	0.245979457833328
1377	0.24578427479162
1378	0.245625395275387
1379	0.245469294478974
1380	0.245259002037812
1381	0.245009710048873
1382	0.244734854325368
1383	0.244431810918246
1384	0.244101205579857
1385	0.243734348041702
1386	0.24336943880721
1387	0.242945018290071
1388	0.242559741677289
1389	0.242159665522657
1390	0.241754343845606
1391	0.241372122103981
1392	0.241015608726562
1393	0.24081219076968
1394	0.240646222407879
1395	0.240541830092925
1396	0.240490363740118
1397	0.24047037211858
1398	0.240508207788345
1399	0.240558325638382
1400	0.240712359682699
1401	0.240832306771836
1402	0.240957899149632
1403	0.241076553731737
1404	0.241204107347218
1405	0.241321563311021
1406	0.241402094604778
1407	0.24149772100235
1408	0.241567823302991
1409	0.241626904684881
1410	0.241702838531096
1411	0.241789488907639
1412	0.241928305512685
1413	0.242042568922651
1414	0.242177591385586
1415	0.242319558167279
1416	0.242481892288503
1417	0.242644737156489
1418	0.242835429232673
1419	0.242955119079069
1420	0.243074771506399
1421	0.243204327027063
1422	0.24334415203207
1423	0.243491924896757
1424	0.243598256454993
1425	0.243715317699475
1426	0.243828901772706
1427	0.243942116654593
1428	0.244092619939237
1429	0.244198196386195
1430	0.244288132732252
1431	0.244304154012228
1432	0.24438658283346
1433	0.244493492585647
1434	0.244576171054361
1435	0.244734555486871
1436	0.244802784735632
1437	0.244831127090575
1438	0.244913688808478
1439	0.244977425360691
1440	0.245016507269874
1441	0.245089092029016
1442	0.245142568868301
1443	0.245190874762153
1444	0.245222601718807
1445	0.245250163655173
1446	0.245282007206042
1447	0.245320241169874
1448	0.245344510657723
1449	0.245415076258552
1450	0.245461037407298
1451	0.245510267679361
1452	0.24557084444025
1453	0.24564617305291
1454	0.245684886925977
1455	0.245736920739818
1456	0.245783087526869
1457	0.245784699050576
1458	0.245801502270371
1459	0.245831891269442
1460	0.245871281257683
1461	0.245920910843953
1462	0.245944035813108
1463	0.24594993923283
1464	0.245967375733623
1465	0.245985056429051
1466	0.246002166972306
1467	0.246077310682995
1468	0.246118021045341
1469	0.246158084953836
1470	0.246163870651231
1471	0.246196695565381
1472	0.24621473663879
1473	0.246217591560587
1474	0.246241968844848
1475	0.246244864660052
1476	0.246286411357915
1477	0.246319633801701
1478	0.2462925680334
1479	0.246325878158848
1480	0.246344531807586
1481	0.246332147091458
1482	0.246361706352582
1483	0.246387322748108
1484	0.246415163053896
1485	0.246456424641393
1486	0.246431181490363
1487	0.246465013246322
1488	0.246481468337202
1489	0.246515450326087
1490	0.246551245819851
1491	0.24658540225313
1492	0.246573460370646
1493	0.246569227292869
1494	0.24661539139793
1495	0.246611199998065
1496	0.246643380088917
1497	0.246646867872173
1498	0.246622278214438
1499	0.246625748116877
1500	0.246583578148045
1501	0.246594700539847
1502	0.246585402458242
1503	0.246596555406678
1504	0.246622749605953
1505	0.246625824109381
1506	0.246595369348963
1507	0.246598413784893
1508	0.246588748819925
1509	0.246576237378575
1510	0.24661442350455
1511	0.246633537974134
1512	0.246624310088697
1513	0.246607096735432
1514	0.246614136549772
1515	0.246593969991083
1516	0.246619449016969
1517	0.246588106834064
1518	0.24659238976195
1519	0.246577008837527
1520	0.246570864280558
1521	0.246563210529883
1522	0.246574192231415
1523	0.246597797855107
1524	0.246608864498174
1525	0.246617974694425
1526	0.246580855694819
1527	0.246576176533298
1528	0.246530906258658
1529	0.246490309142001
1530	0.246493300407244
1531	0.246484288503862
1532	0.246479247504194
1533	0.246520430514934
1534	0.246515426661788
1535	0.246524330549073
1536	0.246519318421281
1537	0.246513334768455
1538	0.246507832961038
1539	0.246499490040909
1540	0.24649394829722
1541	0.246476051980685
1542	0.246462300272539
1543	0.24648674447727
1544	0.246472968020583
1545	0.246457448810015
1546	0.246418494895222
1547	0.246388161109352
1548	0.246382370413069
1549	0.246360766958529
1550	0.246354913392706
1551	0.246356638853412
1552	0.246359041626298
1553	0.246383473115291
1554	0.246360510864386
1555	0.24636894597216
1556	0.246421906822432
1557	0.246413610263465
1558	0.246424500721527
1559	0.246391317051354
1560	0.246393810218232
1561	0.246397413387407
1562	0.246357316853977
1563	0.246365720189749
1564	0.246402488739772
1565	0.246396134743116
1566	0.246424596506789
1567	0.246453558835565
1568	0.246482208465007
1569	0.246496337881819
1570	0.246472948218531
1571	0.246432838708479
1572	0.246417821011113
1573	0.246381557686826
1574	0.246374991599626
1575	0.246383666198353
1576	0.246394843186758
1577	0.246368628844954
1578	0.246388477777978
1579	0.2464045814408
1580	0.24641587554076
1581	0.246417530930645
1582	0.246455556959516
1583	0.246435016356992
1584	0.246455196056057
1585	0.246530191324561
1586	0.246532547748837
1587	0.246525417828221
1588	0.246545421220379
1589	0.246495017609671
1590	0.246479106044997
1591	0.246522264133536
1592	0.24653352624948
1593	0.246527484625817
1594	0.246538800823974
1595	0.246534996412202
1596	0.246510012865304
1597	0.246471441185113
1598	0.246455749474051
1599	0.246404509721905
1600	0.246416238279165
1601	0.246385137406056
1602	0.24641498853724
1603	0.246408252504716
1604	0.246419548199224
1605	0.246407433311089
1606	0.246418773539414
1607	0.2464090886215
1608	0.246411308903689
1609	0.246436987620626
1610	0.24644847670447
1611	0.246458866664805
1612	0.246479691950519
1613	0.246515923828707
1614	0.246518384588702
1615	0.246500867634485
1616	0.246512628282242
1617	0.246515210960232
1618	0.246507801662889
1619	0.246551637515104
1620	0.24654427356233
1621	0.246569436003635
1622	0.246552635661431
1623	0.246518529989031
1624	0.246530528093086
1625	0.246513025859047
1626	0.246515543062603
1627	0.246580772301051
1628	0.246593001353438
1629	0.246568582287315
1630	0.246571235275499
1631	0.246556841901378
1632	0.246559481194808
1633	0.246577605967735
1634	0.246589980068345
1635	0.246617693373089
1636	0.24661994946908
1637	0.246628362836654
1638	0.246630653206456
1639	0.246667760068799
1640	0.246679966491096
1641	0.24665351861619
1642	0.246675611147631
1643	0.246638104148155
1644	0.246670179863652
1645	0.246713402706085
1646	0.246735852984266
1647	0.246738888728209
1648	0.246751495419444
1649	0.246700418830859
1650	0.246733100312316
1651	0.246787153849136
1652	0.246830316602023
1653	0.246831389764036
1654	0.246895203106284
1655	0.246936680160168
1656	0.246949003455889
1657	0.247016577523031
1658	0.247038975750766
1659	0.247036677516961
1660	0.247079966229032
1661	0.247153366872233
1662	0.247176450915983
1663	0.247183049659132
1664	0.247227782116445
1665	0.247242626001221
1666	0.247266718523829
1667	0.247342880018835
1668	0.247431923880328
1669	0.247496759193422
1670	0.247522713022694
1671	0.247545096275184
1672	0.247625741812974
1673	0.247748589658109
1674	0.247808552465342
1675	0.247923307418467
1676	0.248038521977006
1677	0.248170307253166
1678	0.248264865516784
1679	0.248353958572303
1680	0.248515432828119
1681	0.248572026650895
1682	0.248668192394882
1683	0.248803230825161
1684	0.248922686846174
1685	0.249016112564615
1686	0.249103111611785
1687	0.249230293755856
1688	0.249318338121542
1689	0.249406282156959
1690	0.249540592296569
1691	0.249657983008482
1692	0.249770970970971
1693	0.249883359614219
1694	0.249963198166115
1695	0.249953385896114
1696	0.249999281144289
1697	0.25002648063212
1698	0.250072771069978
1699	0.250228079108696
1700	0.250286654855761
1701	0.250312306740316
1702	0.250347980972302
1703	0.250435533150099
1704	0.250471631208919
1705	0.250589199915119
1706	0.250603723192549
1707	0.250684518637538
1708	0.250747669473287
1709	0.250800554730255
1710	0.25079204674793
1711	0.250786502363276
1712	0.250819920036107
1713	0.250868642316315
1714	0.250883279739569
1715	0.250945774054014
1716	0.250947471458518
1717	0.250909082490945
1718	0.250890041892682
1719	0.250900935624969
1720	0.250856667361288
1721	0.250799808423638
1722	0.250754838913208
1723	0.250622100434148
1724	0.2505623486677
1725	0.250480128902143
1726	0.250475725732632
1727	0.250426888604898
1728	0.25039359430122
1729	0.250307733567057
1730	0.250184670947734
1731	0.250104181861889
1732	0.24998678822026
1733	0.249870227882976
1734	0.249753569797546
1735	0.249594183587011
1736	0.249511871926249
1737	0.249487133428989
1738	0.249366742702475
1739	0.249312061061484
1740	0.24923289511376
1741	0.249112334028904
1742	0.249084458686198
1743	0.249026767109857
1744	0.248906985116004
1745	0.24887240397878
1746	0.248792364309769
1747	0.248727651649772
1748	0.24867146554818
1749	0.248631092056799
1750	0.248601078612275
1751	0.248584577395251
1752	0.248610906187259
1753	0.248554884537449
1754	0.248497610433245
1755	0.248414996437325
1756	0.248437310350061
1757	0.248363433104836
1758	0.248296280180558
1759	0.248214005240237
1760	0.248124072660599
1761	0.247993130191354
1762	0.247929471215734
1763	0.247861368963851
1764	0.247785586978829
1765	0.247790552551283
1766	0.247752494251788
1767	0.247706907699138
1768	0.247605886386525
1769	0.247523277064865
1770	0.247416353713679
1771	0.247218212088852
1772	0.247071886724081
1773	0.24698813499198
1774	0.246942531883986
1775	0.246909422506691
1776	0.246917099028057
1777	0.246818376554389
1778	0.246667833845026
1779	0.246632190459961
1780	0.246557011451712
1781	0.246524643567382
1782	0.246540422068619
1783	0.24653051288022
1784	0.24647657409086
1785	0.246485867314012
1786	0.246463583400749
1787	0.24642127078031
1788	0.246424469858046
1789	0.246414311232531
1790	0.24635905185173
1791	0.246391813862197
1792	0.246368314157465
1793	0.246340029020851
1794	0.246335607300783
1795	0.246351842484306
1796	0.246328388777117
1797	0.246315822626526
1798	0.246333575140642
1799	0.246278708061439
1800	0.246197993345896
1801	0.246150186146283
1802	0.246128327136082
1803	0.246186996838696
1804	0.246218591849418
1805	0.246163472640984
1806	0.246103021168416
1807	0.24613051234542
1808	0.246153547290124
1809	0.246242087158244
1810	0.246243969961783
1811	0.246249938670381
1812	0.246176624874676
1813	0.246163909551075
1814	0.246209141176896
1815	0.246193702399656
1816	0.246197742969679
1817	0.24623277475844
1818	0.246180396635776
1819	0.246155935161231
1820	0.246182475665406
1821	0.246101072435787
1822	0.246109069453374
1823	0.246126176212972
1824	0.24608046017091
1825	0.246071570091728
1826	0.246074117548042
1827	0.246063298816007
1828	0.24607996998129
1829	0.246042968363748
1830	0.246037323538158
1831	0.24411451594991
1832	0.244121885070638
1833	0.244038163161513
1834	0.243977256235546
1835	0.24404103705507
1836	0.24404908573674
1837	0.244066122116769
1838	0.244118554444089
1839	0.244164942136271
1840	0.244160383827334
1841	0.244267234998569
1842	0.244362259349352
1843	0.244394283758532
1844	0.244442593531666
1845	0.244457747970425
1846	0.244515281944148
1847	0.24450447184875
1848	0.244337605559735
1849	0.244391700873258
1850	0.24446153938442
1851	0.244448445962423
1852	0.244589539216833
1853	0.244622908245517
1854	0.244632559711869
1855	0.244494128634839
1856	0.244454705815744
1857	0.244436740381557
1858	0.244427096831046
1859	0.244384831467076
1860	0.244279783041186
1861	0.244349136300736
1862	0.244459719531803
1863	0.244512465676464
1864	0.244655411063565
1865	0.24467416547431
1866	0.244445498300169
1867	0.244369074235889
1868	0.244292194642982
1869	0.244237717749845
1870	0.244277263748098
1871	0.244407740215619
1872	0.244398033826771
1873	0.244432753453359
1874	0.244400059383157
1875	0.244175465464274
1876	0.24406607906085
1877	0.244049383171729
1878	0.243954396725862
1879	0.244028557609226
1880	0.244090624611856
1881	0.244094028539701
1882	0.244106927662164
1883	0.244100620672834
1884	0.244127140510421
1885	0.244058106782168
1886	0.243938780532906
1887	0.243859517152899
1888	0.243735540837536
1889	0.243639064307888
1890	0.243599160314514
1891	0.243719758373913
1892	0.243587791413508
1893	0.24330949924661
1894	0.243155056697228
1895	0.242951823933116
1896	0.242819991262552
1897	0.242811431771814
1898	0.242763363266172
1899	0.242700707262132
1900	0.242587421688918
1901	0.242533224024598
1902	0.242518661680386
1903	0.242496615286917
1904	0.242505605719688
1905	0.242477229423588
1906	0.242438074996918
1907	0.242530253760506
1908	0.242548269627334
1909	0.242556719090016
1910	0.242529370105712
1911	0.242495300654906
1912	0.242482563711631
1913	0.242364820094509
1914	0.242358578563579
1915	0.242450334991958
1916	0.242517761219692
1917	0.242643767678727
1918	0.242826257713827
1919	0.242766684879243
1920	0.242603669187019
1921	0.242507734230856
1922	0.242334985235683
1923	0.242261838903208
1924	0.242297250694919
1925	0.242349064858581
1926	0.2425571296591
1927	0.242586356104197
1928	0.242579085153153
1929	0.242570629870969
1930	0.242511951254955
1931	0.242208751587851
1932	0.242186825227112
1933	0.242399931678373
1934	0.242421163087609
1935	0.242505709247536
1936	0.242512689864732
1937	0.242339381698523
1938	0.242252314458893
1939	0.242208494308297
1940	0.242209559204178
1941	0.242222898342652
1942	0.242389784855931
1943	0.242431021111473
1944	0.2424638834337
1945	0.242475248899848
1946	0.242465771512446
1947	0.24240449729201
1948	0.24226658309964
1949	0.242115373932018
1950	0.242112030404523
1951	0.24210845227074
1952	0.242076307496333
1953	0.242138028396829
1954	0.242099840253885
1955	0.242010935649224
1956	0.241937196481049
1957	0.241979353763489
1958	0.241977013308232
1959	0.24207085868094
1960	0.241997723826865
1961	0.242016179313448
1962	0.242120492096076
1963	0.242102405132524
1964	0.241933930038087
1965	0.241928855650407
1966	0.242051659992165
1967	0.242016134096099
1968	0.242018983857341
1969	0.242046679121078
1970	0.24206579719939
1971	0.241861406865426
1972	0.24190802072429
1973	0.242124462786698
1974	0.242192073289211
1975	0.242183598193262
1976	0.242251312651332
1977	0.242474989159857
1978	0.242500256400532
1979	0.242399970093495
1980	0.242396473811627
1981	0.242314931326042
1982	0.242151395013433
1983	0.242084145465953
1984	0.242159652966375
1985	0.242264273938653
1986	0.242332825814593
1987	0.242400920832276
1988	0.242567371812215
1989	0.242677693573696
1990	0.242674672638124
1991	0.242770337140563
1992	0.242956547390645
1993	0.243082163537438
1994	0.243185438296546
1995	0.243266939619566
1996	0.243319523407309
1997	0.243280728547481
1998	0.243397856179456
1999	0.243582422658974
2000	0.243750559990765
2001	0.244085638653008
2002	0.244248204948959
2003	0.244252732183204
2004	0.244287467470091
2005	0.244296056859314
2006	0.244325377802846
2007	0.244372182054964
2008	0.244452146255092
2009	0.244572223923085
2010	0.244802049504356
2011	0.244901014265292
2012	0.24500133408117
2013	0.245107805961809
2014	0.245191083788928
2015	0.245192197443513
2016	0.245235412721339
2017	0.245437440584832
2018	0.245624696018915
2019	0.245756278651479
2020	0.245855342802983
2021	0.245931958197626
2022	0.246001697409319
2023	0.245903021252223
2024	0.246076942472533
2025	0.24657813562529
2026	0.246753328609261
2027	0.246858011729747
2028	0.246933321356107
2029	0.246954191132987
2030	0.246838795876869
2031	0.24694031954016
2032	0.247326974355287
2033	0.247482094785152
2034	0.247570604437337
2035	0.247696432945423
2036	0.247817825888047
2037	0.247921645142177
2038	0.247928186835065
2039	0.248055069276051
2040	0.248195761838313
2041	0.248286939005182
2042	0.248415732180019
2043	0.248476553109781
2044	0.248558592443254
2045	0.248539425313138
2046	0.248499748960554
2047	0.248495093986123
2048	0.248516403538238
2049	0.248427998012942
2050	0.248472297270382
2051	0.248640538630283
2052	0.248827565403909
2053	0.248960776974104
2054	0.249000210583142
2055	0.249033964178123
2056	0.249080177292539
2057	0.249188018787529
2058	0.249117734782169
2059	0.249078258539109
2060	0.248902977458262
2061	0.248940695134273
2062	0.249030695998522
2063	0.249122895221112
2064	0.249291574148855
2065	0.24924952074541
2066	0.249192829202113
2067	0.249309172240472
2068	0.249589429230887
2069	0.249917383035634
2070	0.250126638959339
2071	0.250150395361573
2072	0.25018185093454
2073	0.250096500639076
2074	0.25008092649229
2075	0.250017073808018
2076	0.2500013810393
2077	0.250021477217128
2078	0.250037253280842
2079	0.250082832263342
2080	0.250158696395935
2081	0.250197071898202
2082	0.2503333822195
2083	0.250500170158748
2084	0.250544528116736
2085	0.250624518545363
2086	0.2506751325764
2087	0.250659946726765
2088	0.250625141356195
2089	0.250641687503886
2090	0.250606951833649
2091	0.250639526973472
2092	0.250740736066283
2093	0.250787815224602
2094	0.250776825218364
2095	0.2507651172486
2096	0.250828756816444
2097	0.250821019197459
2098	0.250793745478177
2099	0.250899971232674
2100	0.250909238188042
2101	0.250842329147955
2102	0.250892170397366
2103	0.250965227722009
2104	0.25095054741528
2105	0.250901947071446
2106	0.25095232485202
2107	0.250963812248188
2108	0.251028474290858
2109	0.25122438447432
2110	0.251385264820331
2111	0.251455553886122
2112	0.251427401923322
2113	0.251343459976518
2114	0.251402016486839
2115	0.251420890455291
2116	0.251378289745939
2117	0.251372138629297
2118	0.251492537992024
2119	0.251328207273056
2120	0.251011946380228
2121	0.25086319341704
2122	0.250722658646753
2123	0.250604511934913
2124	0.250744997424757
2125	0.250819177200697
2126	0.250682584491833
2127	0.250415105612492
2128	0.250181955147181
2129	0.249962716069804
2130	0.249848684994709
2131	0.249754533901282
2132	0.249660470008749
2133	0.249653377067264
2134	0.249456432905574
2135	0.249174372103821
2136	0.248899008903897
2137	0.248631035911489
2138	0.248211254336043
2139	0.24793607841793
2140	0.247697425048963
2141	0.247231679224473
2142	0.246918350504838
2143	0.246734087484548
2144	0.246445824380161
2145	0.246234487395376
2146	0.246047581046165
2147	0.24585192064098
2148	0.245593131922942
2149	0.245370843078742
2150	0.24527737739758
2151	0.245072068440463
2152	0.244814428751698
2153	0.244555478072246
2154	0.244307905448868
2155	0.244006299544432
2156	0.243594818336655
2157	0.243175931200805
2158	0.242800893515012
2159	0.242342591566477
2160	0.241950580603364
2161	0.241542323636638
2162	0.241112926794994
2163	0.240726235633145
2164	0.240269319082199
2165	0.239717963612583
2166	0.23934784121146
2167	0.239029301220406
2168	0.238684335730215
2169	0.238441284123125
2170	0.23822730077795
2171	0.237938885270261
2172	0.2377300205241
2173	0.237509370752808
2174	0.237353190641036
2175	0.23713966723422
2176	0.237001750892413
2177	0.236906994682103
2178	0.236758617251583
2179	0.236774922815251
2180	0.236647641494474
2181	0.236504185084159
2182	0.236420586602262
2183	0.23622278037164
2184	0.23589317426314
2185	0.23562386883796
2186	0.235390300651085
2187	0.235131058205848
2188	0.234738871931394
2189	0.23448231366857
2190	0.234280773706639
2191	0.234024939158637
2192	0.233788842321556
2193	0.233650537084913
2194	0.233490707145897
2195	0.233190058785493
2196	0.232984887128632
2197	0.232775717385087
2198	0.232398059446244
2199	0.232008838579038
2200	0.23176756681932
2201	0.231482490880468
2202	0.231204723967366
2203	0.230859452168719
2204	0.230629268213805
2205	0.230431180700122
2206	0.230195228303533
2207	0.229931977651242
2208	0.229681370567493
2209	0.22931662721148
2210	0.228952595051005
2211	0.228845564968868
2212	0.22888394958135
2213	0.228927229761957
2214	0.229080864061849
2215	0.22909174449876
2216	0.228973007051384
2217	0.229147368997357
2218	0.229365025230422
2219	0.229586919571101
2220	0.229938432965972
2221	0.230124748552749
2222	0.230182116991804
2223	0.230323184111702
2224	0.230355594912403
2225	0.230475420025886
2226	0.230671793792342
2227	0.230923885319066
2228	0.231218887310885
2229	0.231544363862486
2230	0.231883674079045
2231	0.232228293001329
2232	0.232711542753427
2233	0.233119618727118
2234	0.233299373158665
2235	0.233502466537406
2236	0.23386378850342
2237	0.23410040371745
2238	0.234407606622741
2239	0.234817758706345
2240	0.235003651021317
2241	0.235283779835508
2242	0.235749012187751
2243	0.236240385804546
2244	0.2366523119003
2245	0.237118209372814
2246	0.237479397303542
2247	0.237604842157494
2248	0.237991454663899
2249	0.238487423678594
2250	0.238958925037592
2251	0.239621162334559
2252	0.240166897893158
2253	0.240623466924736
2254	0.241177075776188
2255	0.241796608921863
2256	0.242477864888562
2257	0.24292450082423
2258	0.243380482185276
2259	0.243811146375955
2260	0.244171342929333
2261	0.244558943107552
2262	0.245068590464538
2263	0.245504315003014
2264	0.245867272198056
2265	0.246250319413642
2266	0.246472788440345
2267	0.246894584044494
2268	0.2473212842473
2269	0.247612636743639
2270	0.247928690651897
2271	0.24807911714164
2272	0.247822837653319
2273	0.247949822035035
2274	0.248195619628668
2275	0.248373405863557
2276	0.248645896853361
2277	0.24887481355269
2278	0.249118190642638
2279	0.249337211283543
2280	0.249747792436358
2281	0.249878605231176
2282	0.249741687879792
2283	0.249610711870344
2284	0.249647984311218
2285	0.249780974786546
2286	0.249878681739077
2287	0.250038197383179
2288	0.250255826927023
2289	0.250552454630973
2290	0.250887461380796
2291	0.251130730299728
2292	0.251293804628618
2293	0.251414018879131
2294	0.251532445956802
2295	0.251781980916208
2296	0.251958886388364
2297	0.252084804336368
2298	0.252172348081668
2299	0.252293550496541
2300	0.252369316011769
2301	0.252303417898367
2302	0.252379314778249
2303	0.25247324114172
2304	0.252495927284571
2305	0.252606972829133
2306	0.252561724617017
2307	0.252448217515484
2308	0.252346417429523
2309	0.25214462975374
2310	0.251930874188687
2311	0.251688558235103
2312	0.25157089222448
2313	0.251184550078682
2314	0.251166773231702
2315	0.250945107709098
2316	0.250517054451141
2317	0.250217420840764
2318	0.249890225002555
2319	0.249806467674384
2320	0.249571169346256
2321	0.249407643238813
2322	0.249395506815256
2323	0.249302819805529
2324	0.249244082377319
2325	0.249208671783093
2326	0.249211494064733
2327	0.249064258604895
2328	0.248717032834492
2329	0.248609998369453
2330	0.248428513163129
2331	0.248509757960381
2332	0.248796145083384
2333	0.248909496481161
2334	0.248980282203241
2335	0.249035630118767
2336	0.249015908541352
2337	0.249026407519072
2338	0.249182221650114
2339	0.249284807387788
2340	0.249328048218442
2341	0.249371030146215
2342	0.249446665748033
2343	0.249521633079151
2344	0.249505060044811
2345	0.249487102041789
2346	0.249308619449229
2347	0.249109128937516
2348	0.248761033914914
2349	0.248697603785141
2350	0.248944877394044
2351	0.248916917027213
2352	0.248694945878735
2353	0.248419059628292
2354	0.247837320222292
2355	0.24741596641469
2356	0.246995662488017
2357	0.246685255830391
2358	0.246540031281011
2359	0.246440763292697
2360	0.246149283527156
2361	0.245875009635651
2362	0.245505517934082
2363	0.245027892795628
2364	0.244822570076592
2365	0.24471128946447
2366	0.244464430864469
2367	0.244095301239082
2368	0.243912457499324
2369	0.24387402481539
2370	0.243756432491325
2371	0.243789636509552
2372	0.243407444026695
2373	0.242686408796544
2374	0.242243368831198
2375	0.241614136884402
2376	0.241001429369767
2377	0.240410440289994
2378	0.240073283856963
2379	0.239695514044218
2380	0.239403855999443
2381	0.239395394188267
2382	0.239211741007926
2383	0.238569226066491
2384	0.238286889072104
2385	0.23815082721398
2386	0.237899396591351
2387	0.237452412401409
2388	0.23719452143353
2389	0.236954824675534
2390	0.236577685350319
2391	0.236106976374686
2392	0.235822250374735
2393	0.23542266288211
2394	0.235071431333239
2395	0.234745816899778
2396	0.234443103560734
2397	0.233944074028196
2398	0.233553155050814
2399	0.233146585691503
2400	0.232924068348457
2401	0.232831209244876
2402	0.23256547576146
2403	0.232406568734644
2404	0.232252510876914
2405	0.231857013170876
2406	0.231267551920576
2407	0.230682896978673
2408	0.230429324249948
2409	0.230357600419801
2410	0.23022173461711
2411	0.230119359603584
2412	0.230168848116252
2413	0.230076910461312
2414	0.229858419168105
2415	0.22981931360812
2416	0.2297435173352
2417	0.229546430080669
2418	0.229546151588476
2419	0.22946480413338
2420	0.229209748849438
2421	0.229085993233441
2422	0.229339986583573
2423	0.22954024892023
2424	0.229674402494886
2425	0.229855625025289
2426	0.229855958008291
2427	0.229777086490561
2428	0.22992181120383
2429	0.229982952525498
2430	0.229956157475507
2431	0.229951000063946
2432	0.230226563963219
2433	0.230200326634934
2434	0.229634624843461
2435	0.229527199056038
2436	0.229382001226467
2437	0.229170104906961
2438	0.229194104313136
2439	0.229183586145248
2440	0.229096381775995
2441	0.229245566616219
2442	0.22960727733669
2443	0.229834516189615
2444	0.230167130557941
2445	0.229924366957062
2446	0.229122914869636
2447	0.228928259099704
2448	0.228526420909058
2449	0.22811509622006
2450	0.228088756322904
2451	0.228003012405807
2452	0.227727259754973
2453	0.227863423262835
2454	0.228715236960048
2455	0.228781385103029
2456	0.228322133035252
2457	0.227924340754378
2458	0.227023961106347
2459	0.226575196947858
2460	0.22622238238526
2461	0.226290480907985
2462	0.22715579009635
2463	0.227149510481332
2464	0.227055935146503
2465	0.22683232501499
2466	0.226207708644364
2467	0.22575486328529
2468	0.225319034662957
2469	0.224966060121789
2470	0.224547920293989
2471	0.224339595989898
2472	0.224638922254624
2473	0.224472845148871
2474	0.224183680607477
2475	0.223996482759416
2476	0.223659132778056
2477	0.223614259232015
2478	0.223746217799352
2479	0.223624744509811
2480	0.223562495081081
2481	0.223421044794004
2482	0.223006938601421
2483	0.222645497230875
2484	0.222612543916597
2485	0.222102316116926
2486	0.221231841305534
2487	0.220890129271654
2488	0.220654493188807
2489	0.220592231769955
2490	0.221647591608149
2491	0.221765425975625
2492	0.221381933270609
2493	0.221441317702298
2494	0.220927301282319
2495	0.220738785490887
2496	0.22168107732356
2497	0.22152152581454
2498	0.220273056774138
2499	0.219736823501225
2500	0.218931300021054
