350	0.151182202319326
351	0.146627360473917
352	0.103603115231022
353	9.95588663698032E-02
354	0.122598028511714
355	0.123774528090726
356	0.123021020719707
357	0.112889861697059
358	0.111692073073054
359	0.120465163097219
360	0.108636142048224
361	0.102840454846411
362	0.102147667277928
363	0.108130553347833
364	0.10801116442148
365	0.110407262109487
366	0.101098764745397
367	0.115201278096343
368	0.109416312718247
369	0.102109244241421
370	0.105534393104398
371	0.104755890178242
372	0.102511474242304
373	0.10818917199382
374	0.108917355220266
375	0.108273345389638
376	0.104406013112796
377	0.103031937745658
378	0.100865092481247
379	0.102180722954785
380	0.103174744376018
381	9.68574285182414E-02
382	9.09905313654564E-02
383	9.71418543433753E-02
384	0.103315045465308
385	0.10286302149455
386	9.63293495318837E-02
387	9.36327355329376E-02
388	9.52251845766927E-02
389	9.75711076340956E-02
390	9.02388698621893E-02
391	0.086599552760856
392	9.16722882994883E-02
393	9.52505065037514E-02
394	0.100773839031399
395	0.102063922285557
396	9.59376891030579E-02
397	9.23984337923034E-02
398	9.43798178203501E-02
399	9.32833386974108E-02
400	9.06277367003292E-02
401	9.16916364663686E-02
402	9.22054297813338E-02
403	9.36028224645288E-02
404	0.095013263514305
405	9.53906972783965E-02
406	9.45051080129033E-02
407	0.088430168021456
408	8.73052765966566E-02
409	9.19803819413956E-02
410	9.37910266413114E-02
411	9.00819831980158E-02
412	0.088992983341049
413	9.04434998744001E-02
414	8.94720716128549E-02
415	8.93264956122683E-02
416	8.86645113626117E-02
417	8.89714974849495E-02
418	8.88047627150193E-02
419	8.75296814083528E-02
420	8.88047040016868E-02
421	8.81437286050005E-02
422	8.75102736957459E-02
423	8.81344462110877E-02
424	8.68011142854637E-02
425	8.71712253538702E-02
426	8.89443369851608E-02
427	8.92677023768703E-02
428	8.78077457434575E-02
429	8.79560873200482E-02
430	8.83530998775486E-02
431	8.90005572669154E-02
432	8.99598242522837E-02
433	8.95854291026607E-02
434	8.96080709658793E-02
435	8.99291746391112E-02
436	9.03163120496441E-02
437	9.04465644827792E-02
438	9.11707441593064E-02
439	9.16771817855307E-02
440	9.18974206844955E-02
441	9.15415987837663E-02
442	9.14780792201184E-02
443	9.27293604942164E-02
444	9.32976946360354E-02
445	9.30910463606708E-02
446	9.28931770321053E-02
447	9.34514049558917E-02
448	0.094386807644683
449	9.41133246354976E-02
450	9.41170801575868E-02
451	9.47410754803629E-02
452	9.53858797403346E-02
453	0.095432313001047
454	9.59656258565805E-02
455	9.63537822284591E-02
456	9.68681602793275E-02
457	9.76090248621579E-02
458	9.75417957369295E-02
459	9.76088444573039E-02
460	0.098347861547637
461	9.89587795959819E-02
462	9.92992662447439E-02
463	9.88269465986356E-02
464	9.95174609037667E-02
465	0.100139612965894
466	0.100386331830857
467	0.100576665175785
468	0.100954994847428
469	0.101458320358296
470	0.101515913746833
471	0.101635321394666
472	0.101663359280693
473	0.102003039931642
474	0.102261342641048
475	0.102237526333905
476	0.10250572412421
477	0.103336921334583
478	0.103490068241203
479	0.10347305930002
480	0.103570522475611
481	0.103361135870178
482	0.104323593730442
483	0.104380121484885
484	0.104543857055541
485	0.104885878706902
486	0.105362784516114
487	0.105282971069133
488	0.105345018692489
489	0.106012688726201
490	0.106324292590104
491	0.106358455744299
492	0.106768273956791
493	0.107309144560136
494	0.107541023437465
495	0.107411868315677
496	0.107506990766822
497	0.107971125881602
498	0.10798652076478
499	0.108335595139684
500	0.10866056805205
501	0.10888892919662
502	0.109286225116226
503	0.109345621969402
504	0.109607454769644
505	0.109596370373109
506	0.109771404224817
507	0.110253620788654
508	0.110476948849631
509	0.110780329847344
510	0.111200843274693
511	0.111421358870617
512	0.11176621731201
513	0.111718863539998
514	0.111831553702985
515	0.112389950117864
516	0.112800422946626
517	0.112856221992995
518	0.113040140681439
519	0.11330663019196
520	0.113663733396225
521	0.114109683396439
522	0.114244241803535
523	0.114403811777211
524	0.11464433162524
525	0.114851186537192
526	0.115125879354288
527	0.115413262958499
528	0.115563699945283
529	0.115624859471565
530	0.115470627009284
531	0.115713683062277
532	0.115933202631101
533	0.11624111914202
534	0.116371606177158
535	0.11632411049987
536	0.116205204039133
537	0.116428660089742
538	0.116681703209288
539	0.116735473310799
540	0.116689329949863
541	0.116765220870567
542	0.116822816129885
543	0.116797970833207
544	0.116867237971396
545	0.116973837513263
546	0.117008837388271
547	0.116997436876536
548	0.117042622292857
549	0.117163963938531
550	0.117270540239193
551	0.117221663969714
552	0.117321137081296
553	0.117440189655951
554	0.117354393293526
555	0.117407677098825
556	0.117463814743764
557	0.117408570665396
558	0.117363625816096
559	0.117494589473626
560	0.117514003876849
561	0.117504601155203
562	0.117572714339465
563	0.117521437146887
564	0.117459490160603
565	0.117459124095233
566	0.117330173205514
567	0.117335669879479
568	0.117393112156134
569	0.117293519643988
570	0.11717067307907
571	0.117038809727797
572	0.117006241969602
573	0.116966217646596
574	0.116809413395976
575	0.116707013353011
576	0.116679659355037
577	0.116627476779503
578	0.1165119185445
579	0.116353519183449
580	0.116270021115404
581	0.116207080178536
582	0.116132692644808
583	0.116006367048614
584	0.11595154867949
585	0.115832749825124
586	0.115648681829742
587	0.115411288108144
588	0.115413364420976
589	0.115291155038818
590	0.115137130877815
591	0.115003397761701
592	0.11484661609729
593	0.114651956340959
594	0.114530353576855
595	0.114387891415694
596	0.114225820359256
597	0.114143984596966
598	0.113973352179859
599	0.113907953064973
600	0.113706584595064
601	0.113510461246906
602	0.113364245519081
603	0.113163996503497
604	0.11303078260999
605	0.112936552741054
606	0.112744775343677
607	0.112594347661386
608	0.11255145318962
609	0.112430622947126
610	0.112340923388327
611	0.112173185569459
612	0.112089970537578
613	0.111965598995054
614	0.111889664872992
615	0.111790090409943
616	0.111665813155946
617	0.111597278009974
618	0.111574628249097
619	0.111484430086386
620	0.11145561757781
621	0.111455381856429
622	0.111410212728168
623	0.11137196731919
624	0.111414104710967
625	0.111395054370337
626	0.111318397979497
627	0.111398955942765
628	0.111557442358631
629	0.111625257530919
630	0.111642264228992
631	0.111651670660578
632	0.111744124705864
633	0.111892722781101
634	0.111966967932306
635	0.112004086511194
636	0.112178485315499
637	0.112338065785421
638	0.112525315610282
639	0.112685382376494
640	0.112893054393795
641	0.11308803961477
642	0.113253577860289
643	0.113441676838016
644	0.113639389010869
645	0.113794639908746
646	0.114061162417886
647	0.114254038378947
648	0.114291556915038
649	0.114513167927018
650	0.114720554380278
651	0.114865868941231
652	0.114964367186065
653	0.114989683071819
654	0.115100915407054
655	0.115310488405551
656	0.115380588799078
657	0.115485034376446
658	0.115570001439855
659	0.115740989735192
660	0.115858353717975
661	0.115923745824671
662	0.116091922795045
663	0.116324131301397
664	0.116581413217615
665	0.116834255115834
666	0.117128940089667
667	0.117444727029607
668	0.117832729386187
669	0.11823730162676
670	0.118636680316097
671	0.119171215856888
672	0.119754887665988
673	0.120358957986119
674	0.120859593562486
675	0.121560988662285
676	0.12232417147879
677	0.123009392214567
678	0.123656368222727
679	0.124334789087014
680	0.125158350258331
681	0.125851158451053
682	0.12655430110641
683	0.127311696775195
684	0.128086673166137
685	0.128863569732863
686	0.129513577620144
687	0.130160323790957
688	0.130917695974187
689	0.131688636527276
690	0.132480165955072
691	0.133296627518662
692	0.134137079169551
693	0.134975169906742
694	0.136059168693754
695	0.13740685829182
696	0.138891431937352
697	0.140047861060356
698	0.140709120039751
699	0.140947765656811
700	0.141513535037493
701	0.142377617629872
702	0.143296493122891
703	0.144228026625044
704	0.145171957995942
705	0.146126056524796
706	0.147168353013419
707	0.148194124237819
708	0.149183448621036
709	0.150211944067523
710	0.151234013697579
711	0.152234587717608
712	0.153221403771842
713	0.154223356692913
714	0.155247749516494
715	0.156235093168159
716	0.157214500035568
717	0.158240431513155
718	0.159212051018276
719	0.160132160090133
720	0.161011897318784
721	0.161863231553082
722	0.162791701061316
723	0.163700189091612
724	0.164551968282584
725	0.165335356731731
726	0.166217703328848
727	0.167056029411348
728	0.167853417796938
729	0.168672670900199
730	0.16947006200306
731	0.170242428643009
732	0.171042827429226
733	0.171752049601368
734	0.172438981952704
735	0.173122102269232
736	0.173897229585442
737	0.174558208483546
738	0.175218440253295
739	0.175848625260083
740	0.176470500216468
741	0.177141813195211
742	0.17776958082786
743	0.178285610410087
744	0.178872945985473
745	0.179470461297868
746	0.180001831566588
747	0.180482640816303
748	0.18096996369643
749	0.181472267614861
750	0.181955267273503
751	0.182392795649259
752	0.18287279596759
753	0.18328147501075
754	0.183646337925041
755	0.184061431987197
756	0.184441290097491
757	0.18480342742157
758	0.185154121909309
759	0.185455515887765
760	0.185766066651925
761	0.186134477987898
762	0.186451281006163
763	0.186694602549819
764	0.187000187017315
765	0.187299349242408
766	0.187608408718376
767	0.18784174929758
768	0.188118906951025
769	0.188442056612059
770	0.188731083243295
771	0.188963870485936
772	0.189231102472359
773	0.189468143885933
774	0.189704047989083
775	0.189961931734512
776	0.190163580374852
777	0.190320376609377
778	0.190527099376467
779	0.19078894552773
780	0.19101331328153
781	0.191160604793285
782	0.191326941318261
783	0.191533745631984
784	0.191714478691667
785	0.191906200043261
786	0.192095334087833
787	0.19221121244482
788	0.192401305450412
789	0.192587213151114
790	0.192739956035963
791	0.192912166237457
792	0.193032479240417
793	0.193183800192822
794	0.193333981681267
795	0.193482676808511
796	0.193660330381083
797	0.193768884590994
798	0.193853328529182
799	0.194014079868259
800	0.194164092727436
801	0.194268033253493
802	0.194396376424365
803	0.194524408043864
804	0.194626727833459
805	0.19476712382513
806	0.194854027808487
807	0.194912406143734
808	0.195012801410566
809	0.195118022076801
810	0.195235692882919
811	0.195348591312783
812	0.195413380220709
813	0.195508726963053
814	0.195560297621547
815	0.195680562210935
816	0.195759179125057
817	0.195812725783766
818	0.195953814065726
819	0.196030821427558
820	0.196045439343119
821	0.196092997826275
822	0.196194634451464
823	0.196298881615869
824	0.196356799798083
825	0.196423165272532
826	0.196510971147627
827	0.19656705955336
828	0.19659246661651
829	0.196617024150335
830	0.196686086778353
831	0.196725870067121
832	0.196811568548038
833	0.196775521782781
834	0.196828710405204
835	0.196935501784458
836	0.196944575659458
837	0.196987608966553
838	0.197031236620772
839	0.197004400873464
840	0.197036449544413
841	0.19706338676946
842	0.197059485927224
843	0.197097441835925
844	0.197124587346195
845	0.197141856890992
846	0.197192028292846
847	0.197298113234511
848	0.197355005622157
849	0.197217859551283
850	0.197193347963962
851	0.197311881680796
852	0.197407492149879
853	0.197366522559304
854	0.197318115031469
855	0.197340614332149
856	0.197334333559413
857	0.197334022922165
858	0.197352310107714
859	0.197357452971621
860	0.197423956432127
861	0.197460926657494
862	0.197412702679971
863	0.197380010976653
864	0.19739268435983
865	0.197362787618793
866	0.197337719976621
867	0.197335233056732
868	0.197396236437526
869	0.197378917812936
870	0.19731921875883
871	0.197232023429374
872	0.197158299927758
873	0.197206185562734
874	0.197203552940859
875	0.19711501245967
876	0.197107481522959
877	0.197078245093341
878	0.19709257842205
879	0.197046592527005
880	0.196993872457136
881	0.196994120503086
882	0.196968891189221
883	0.196920180551252
884	0.196912394521238
885	0.196890736635953
886	0.196937786384035
887	0.196892872025154
888	0.196818643450486
889	0.196730169649566
890	0.196697848323752
891	0.196685356273309
892	0.196682945799276
893	0.196647155063722
894	0.196625398935348
895	0.196725109919984
896	0.196593811255919
897	0.196526178258001
898	0.196613026185997
899	0.196592082228491
900	0.196487927748262
901	0.196438924877929
902	0.196423789685345
903	0.196323073727189
904	0.196351722469463
905	0.196329765447417
906	0.196296556776218
907	0.196349603512103
908	0.196293114963425
909	0.196213720064635
910	0.196123118030289
911	0.196205116721166
912	0.196290395554477
913	0.196165210228932
914	0.196135300577706
915	0.196214506346473
916	0.196180692880844
917	0.196113108994017
918	0.196095961870964
919	0.196173296088594
920	0.196158723075802
921	0.196128540816687
922	0.196140054717789
923	0.196162319826981
924	0.196171686481441
925	0.196191006728071
926	0.196080954550176
927	0.196064250027041
928	0.196034548215258
929	0.196044063129936
930	0.195995192173221
931	0.195935455601722
932	0.195961579610173
933	0.196068649942334
934	0.196018121664523
935	0.195918915728763
936	0.195945593416565
937	0.195989765126433
938	0.195998097234035
939	0.195901304445408
940	0.195939066957745
941	0.195976022127725
942	0.195933539374308
943	0.195868698008142
944	0.195949637758755
945	0.195890890834037
946	0.195878314806331
947	0.195830546443273
948	0.195797585360462
949	0.195790791834902
950	0.195561462123964
951	0.19546062106945
952	0.195594443708571
953	0.195689786710307
954	0.195519663377551
955	0.195487215758698
956	0.195626946812047
957	0.195556440772662
958	0.195443276700948
959	0.195517816883849
960	0.195410641524806
961	0.195553447627769
962	0.195483252513525
963	0.195335689971771
964	0.195260946450756
965	0.195228926223952
966	0.195264173144118
967	0.195329945176591
968	0.195417439724973
969	0.195312381628407
970	0.19515960781834
971	0.195116619982532
972	0.19528026190219
973	0.195112688877793
974	0.195079965621276
975	0.195024062022812
976	0.195035832475565
977	0.195159151649227
978	0.194913163822144
979	0.194946880862367
980	0.194977057916351
981	0.195110717501159
982	0.19504827909383
983	0.194592343576791
984	0.194721881363028
985	0.1949561018289
986	0.194892228128785
987	0.1947468897158
988	0.194667348840367
989	0.194594868726986
990	0.194438420382244
991	0.194483034723589
992	0.194571680475446
993	0.194831734054442
994	0.194967883818331
995	0.194649619042944
996	0.194358669131605
997	0.194317488917532
998	0.194590291009944
999	0.194384674586453
1000	0.194513315856769
1001	0.193987749001283
1002	0.193959297056751
1003	0.194006374643109
1004	0.19394515287454
1005	0.193808000470015
1006	0.193808481548922
1007	0.193698162209686
1008	0.193630289478368
1009	0.193645670596688
1010	0.193584175271351
1011	0.193477990707692
1012	0.193435420261422
1013	0.19347486607343
1014	0.193415082902911
1015	0.193521862583348
1016	0.193514412685126
1017	0.19356852950359
1018	0.19358345243785
1019	0.193756652386644
1020	0.193747973915847
1021	0.193755634674279
1022	0.193747063857337
1023	0.193591408656535
1024	0.193652818586348
1025	0.193615116040972
1026	0.193675640605573
1027	0.193715399374668
1028	0.19373207646432
1029	0.19363945761588
1030	0.193414612196065
1031	0.193391119460132
1032	0.193393591827986
1033	0.193370520531411
1034	0.193387213583012
1035	0.19336446030859
1036	0.193377006430576
1037	0.193334513618196
1038	0.193334353396114
1039	0.193292626846765
1040	0.19318436441835
1041	0.193163613323499
1042	0.193200184953458
1043	0.193067237043502
1044	0.193085988444025
1045	0.19313624331996
1046	0.193154406347522
1047	0.193041819725789
1048	0.192981668155591
1049	0.193110190494238
1050	0.193068925610963
1051	0.193171713499438
1052	0.193167424012304
1053	0.193037011115006
1054	0.19303342592926
1055	0.193182442469681
1056	0.193065855011337
1057	0.193063750200829
1058	0.193114890718027
1059	0.192983439524426
1060	0.192836557575219
1061	0.192872549808524
1062	0.192854846551907
1063	0.192820634517888
1064	0.192940185024538
1065	0.192943557296567
1066	0.192946691939223
1067	0.192953107332244
1068	0.192962257041415
1069	0.192937886432556
1070	0.193000120246658
1071	0.192981644873699
1072	0.192973894769307
1073	0.192994402764115
1074	0.192956884433918
1075	0.192974262697612
1076	0.193032415262218
1077	0.193166955821158
1078	0.193112537614687
1079	0.193094441285524
1080	0.193013533643595
1081	0.192992455070734
1082	0.193010246221435
1083	0.193039929513665
1084	0.193133554343401
1085	0.193114369693692
1086	0.193107409941676
1087	0.193102284049396
1088	0.193111629280265
1089	0.19315948200518
1090	0.193237007971209
1091	0.193206724099318
1092	0.193217697070086
1093	0.193259392593351
1094	0.193342892612566
1095	0.19332650191328
1096	0.193313027912165
1097	0.193365940322356
1098	0.193412674231853
1099	0.193472240878361
1100	0.193516085668523
1101	0.193555495402743
1102	0.193526846629821
1103	0.193509225964381
1104	0.193494267586643
1105	0.193489963516366
1106	0.193467660049802
1107	0.193437840275925
1108	0.193468831423574
1109	0.193546399084449
1110	0.193588880977555
1111	0.193653813570815
1112	0.193683057650367
1113	0.193752035804465
1114	0.193701402062859
1115	0.193673950488459
1116	0.193654677893305
1117	0.193620688768149
1118	0.193594085997768
1119	0.193498643400629
1120	0.193476567078288
1121	0.193525793024552
1122	0.193518208428654
1123	0.193505879898337
1124	0.193559623881785
1125	0.193528325846549
1126	0.193539846351422
1127	0.193514580547465
1128	0.193479663154697
1129	0.193476925617623
1130	0.193380108797681
1131	0.193305452270966
1132	0.193301786116223
1133	0.193345331027234
1134	0.193309945588014
1135	0.193274235511082
1136	0.193210663988489
1137	0.193176385774234
1138	0.193188220303431
1139	0.193154681706632
1140	0.193075399570459
1141	0.19308216029553
1142	0.193008928904514
1143	0.192955780430531
1144	0.1929481714887
1145	0.19298779390771
1146	0.192919339814417
1147	0.192901679758458
1148	0.19285005982337
1149	0.192820675973145
1150	0.192779664623187
1151	0.192686489346026
1152	0.192678495013185
1153	0.192696939320012
1154	0.192685245573928
1155	0.192701110741552
1156	0.192645292890677
1157	0.192549865849677
1158	0.19251505280233
1159	0.192483343093599
1160	0.192447680148536
1161	0.192417145250974
1162	0.192372039613833
1163	0.192358289127961
1164	0.19227265556086
1165	0.192236383269706
1166	0.192200378492784
1167	0.192196114780207
1168	0.192131934261905
1169	0.192062532248055
1170	0.192053299618635
1171	0.192010764301397
1172	0.191973669614887
1173	0.191921241418164
1174	0.191887446903682
1175	0.191826377826216
1176	0.191781403288912
1177	0.19178481090912
1178	0.191763605137944
1179	0.191732039632509
1180	0.191736174475643
1181	0.191703192873979
1182	0.191680397878126
1183	0.191611676475047
1184	0.191518549942409
1185	0.191476608933772
1186	0.191477375472848
1187	0.191503055962724
1188	0.19151144456938
1189	0.191551253136875
1190	0.191582373510528
1191	0.191594457127595
1192	0.191626550600854
1193	0.191732224814446
1194	0.191754664030665
1195	0.191703212643838
1196	0.191716380025881
1197	0.191711159956171
1198	0.191699885230329
1199	0.191709118288147
1200	0.191728126285852
1201	0.191738153135114
1202	0.191733600939789
1203	0.191811103358897
1204	0.191880558273447
1205	0.191929388044376
1206	0.191931291553747
1207	0.191988144518503
1208	0.192055176396933
1209	0.192085455989767
1210	0.192154441673871
1211	0.192192082806989
1212	0.192224069106661
1213	0.192276574479992
1214	0.192265374503386
1215	0.192340216783507
1216	0.192388402192031
1217	0.192478035796216
1218	0.192546674792081
1219	0.192612265049499
1220	0.192619301086659
1221	0.192645981526158
1222	0.192708260359009
1223	0.192820340277067
1224	0.192929964077719
1225	0.193008983192446
1226	0.193119058020762
1227	0.193190585799676
1228	0.193269339036906
1229	0.193303409576787
1230	0.193397085482822
1231	0.193446438226923
1232	0.193555055980696
1233	0.193641952954748
1234	0.193711856470545
1235	0.193792201401993
1236	0.193830899995503
1237	0.193860225118377
1238	0.193867728026955
1239	0.19394774381343
1240	0.194016490095093
1241	0.194094675131661
1242	0.194181583999541
1243	0.194264966098357
1244	0.194332092260959
1245	0.194416032910535
1246	0.194493618494958
1247	0.194553954341738
1248	0.194563137454322
1249	0.194638638898715
1250	0.194757800444469
1251	0.194809733598591
1252	0.19485237778881
1253	0.194919562923148
1254	0.194926199913853
1255	0.194977340973397
1256	0.194974038739467
1257	0.195009105690042
1258	0.195072810219381
1259	0.195130874352642
1260	0.195181463768976
1261	0.195247369637777
1262	0.195297756557579
1263	0.195371553701112
1264	0.19544303455945
1265	0.195470330904504
1266	0.195535955078878
1267	0.195587089444398
1268	0.195636720558167
1269	0.195670822625745
1270	0.195712104276583
1271	0.195786327545775
1272	0.195795172584044
1273	0.195840077322017
1274	0.195879402775351
1275	0.195900764690705
1276	0.19596308056865
1277	0.196003072692002
1278	0.196088796544629
1279	0.196163155009038
1280	0.196232395008614
1281	0.196291336931175
1282	0.196359923328809
1283	0.196391335597728
1284	0.196435145374831
1285	0.196479319090393
1286	0.196506835493288
1287	0.19657607670382
1288	0.196615506840205
1289	0.196676800783337
1290	0.196728388166995
1291	0.196815585283471
1292	0.196843024670602
1293	0.196863776447517
1294	0.196921092238228
1295	0.19696902253718
1296	0.196980803859773
1297	0.19704765846052
1298	0.197076020963598
1299	0.197153532044422
1300	0.197261660561254
1301	0.197350672944397
1302	0.197480807044812
1303	0.197546392646735
1304	0.197603835170898
1305	0.197636562439496
1306	0.197652290905651
1307	0.197695891886703
1308	0.197781081210308
1309	0.197861073534197
1310	0.19791618015963
1311	0.197954042785039
1312	0.198010221618145
1313	0.19804001203614
1314	0.198106150891944
1315	0.198179809409892
1316	0.198220557774791
1317	0.198294481775651
1318	0.198301096324541
1319	0.198293834731531
1320	0.198343853417883
1321	0.19836493306652
1322	0.198355750395523
1323	0.198362977159507
1324	0.198337955489938
1325	0.198332191219695
1326	0.198333302712278
1327	0.198358345666189
1328	0.198335266562017
1329	0.198221031730349
1330	0.198142880727984
1331	0.198176011705094
1332	0.198131881123681
1333	0.198100166861839
1334	0.198049517574174
1335	0.19800710739723
1336	0.197887373059825
1337	0.197832506508593
1338	0.197757265566424
1339	0.197689410966084
1340	0.197565835585597
1341	0.197508619520612
1342	0.197403038892476
1343	0.197318676925286
1344	0.197202880663124
1345	0.19709913455971
1346	0.196992059827377
1347	0.196848265927676
1348	0.196737338129241
1349	0.196604912856807
1350	0.196470207073874
1351	0.196376460163133
1352	0.196334015527502
1353	0.196235118370561
1354	0.196131800345462
1355	0.196021565854802
1356	0.195866370244719
1357	0.195760017778691
1358	0.195638956105281
1359	0.195545309158498
1360	0.195482930812176
1361	0.19540266131135
1362	0.195311430282231
1363	0.19523126881074
1364	0.195108016023859
1365	0.194962434140733
1366	0.194830123559462
1367	0.194675756317428
1368	0.194539160333512
1369	0.19446569742571
1370	0.194347316696102
1371	0.194242406164345
1372	0.194080425616649
1373	0.193925426836179
1374	0.19374505943583
1375	0.193553165124361
1376	0.193335961756212
1377	0.193143680407473
1378	0.19288379243572
1379	0.192584931955753
1380	0.192296220956682
1381	0.191965849402244
1382	0.1915973578813
1383	0.191281503995786
1384	0.190887483628856
1385	0.190518166619456
1386	0.19009760390644
1387	0.189713485794838
1388	0.189295600493144
1389	0.188849000445426
1390	0.188462870129123
1391	0.188005267610861
1392	0.187540349522485
1393	0.187112096712957
1394	0.186660213747508
1395	0.186215195971215
1396	0.185825688454562
1397	0.185367710757733
1398	0.184874606112453
1399	0.184358731396109
1400	0.183839392348616
1401	0.183327915398784
1402	0.182867095574548
1403	0.182354279527894
1404	0.181890509515418
1405	0.181399288020642
1406	0.18089688853183
1407	0.180359470347273
1408	0.179781194559432
1409	0.179226085377319
1410	0.178643884430714
1411	0.178081055202622
1412	0.177514135394251
1413	0.176938160182066
1414	0.176334547073253
1415	0.175726592950702
1416	0.175136807069127
1417	0.17454847256517
1418	0.173981481068148
1419	0.173407444999545
1420	0.172860007995587
1421	0.172309691729658
1422	0.171826634382783
1423	0.171247423240576
1424	0.17072673941279
1425	0.170251872768362
1426	0.16979007598971
1427	0.169359730071148
1428	0.168961872718656
1429	0.168548555513758
1430	0.168166672465128
1431	0.16778189428974
1432	0.167466221159121
1433	0.167176825805581
1434	0.166893909129273
1435	0.166672335192309
1436	0.166451138673048
1437	0.166257996420996
1438	0.166069851122703
1439	0.165890736782081
1440	0.165769492537178
1441	0.165628435075503
1442	0.165545350284046
1443	0.165493384871875
1444	0.1654148298185
1445	0.165348932614974
1446	0.165308822252065
1447	0.165248168672845
1448	0.165222332054088
1449	0.165239270546839
1450	0.165247429305913
1451	0.165274947826262
1452	0.165317305033629
1453	0.16532832674131
1454	0.16535118660477
1455	0.165373240609405
1456	0.165410818776331
1457	0.165457902388599
1458	0.165500578431427
1459	0.165518301709274
1460	0.165533149593499
1461	0.165549958638586
1462	0.165572261131157
1463	0.165598119505535
1464	0.165632524401691
1465	0.165681271978242
1466	0.165738656791921
1467	0.16577490949246
1468	0.165836183501875
1469	0.165924956114858
1470	0.165995885626505
1471	0.166085074884778
1472	0.166208710913538
1473	0.166268306413606
1474	0.166356174056312
1475	0.166416111804893
1476	0.166463118686955
1477	0.166518305058398
1478	0.166550294690741
1479	0.166630986510533
1480	0.166682869113473
1481	0.166743667164123
1482	0.166824416120992
1483	0.166921106358608
1484	0.166988580347557
1485	0.167085757943595
1486	0.167129900723269
1487	0.167222383243137
1488	0.167306904075918
1489	0.167399851441845
1490	0.167508123062315
1491	0.167622035355285
1492	0.167760395267743
1493	0.167895396288432
1494	0.168029740360087
1495	0.168165356434351
1496	0.168232240234756
1497	0.168353069235722
1498	0.168495710390696
1499	0.168658758606152
1500	0.168796566706879
1501	0.168960461301556
1502	0.1690659091786
1503	0.169199343228766
1504	0.169335785836458
1505	0.169501280302413
1506	0.169683614445824
1507	0.169881475970361
1508	0.170031438047135
1509	0.170188065210511
1510	0.170348793973691
1511	0.170511613932709
1512	0.170642588593441
1513	0.170765431047832
1514	0.170891557456906
1515	0.17100511989705
1516	0.171178720716236
1517	0.171318866534612
1518	0.171472706590354
1519	0.171613548644983
1520	0.171744635915627
1521	0.171842050927841
1522	0.171993933089364
1523	0.172150306508757
1524	0.172265346149052
1525	0.172461908605831
1526	0.172566572195823
1527	0.172661547235753
1528	0.172777943396175
1529	0.172903990132977
1530	0.173032299965258
1531	0.173172800951711
1532	0.173263715520258
1533	0.173395252894488
1534	0.17348109644466
1535	0.173555202485603
1536	0.173614466299006
1537	0.173706518454182
1538	0.173777591483605
1539	0.173826330928088
1540	0.173936480522998
1541	0.174030398557592
1542	0.174141222328687
1543	0.174243663710163
1544	0.174355168669958
1545	0.174439324359808
1546	0.174557306317312
1547	0.174687553418119
1548	0.174772970631215
1549	0.174874204616798
1550	0.174948494059743
1551	0.174976017778375
1552	0.175017116905166
1553	0.175120151004746
1554	0.175167510246763
1555	0.175176098864361
1556	0.175229626042257
1557	0.175315399308278
1558	0.175369340525118
1559	0.175477546219239
1560	0.175537911220181
1561	0.175618945686333
1562	0.175685756239451
1563	0.175736655488572
1564	0.175832152001634
1565	0.175952984419291
1566	0.17603101905567
1567	0.176157525984351
1568	0.176201650608104
1569	0.17624315978833
1570	0.176265164001095
1571	0.176260877142464
1572	0.176329960029184
1573	0.176416424045324
1574	0.176520884575074
1575	0.176624877069197
1576	0.176688919822043
1577	0.176789950988124
1578	0.17686692434233
1579	0.176959795079499
1580	0.177072594537924
1581	0.17716746064895
1582	0.177268524532224
1583	0.177361219376498
1584	0.177462976502579
1585	0.177608241127793
1586	0.177717127300052
1587	0.177834551738233
1588	0.177963347484947
1589	0.178073221610832
1590	0.178202979836248
1591	0.17830025633843
1592	0.178437389420025
1593	0.178527364829922
1594	0.178671964387335
1595	0.178818797802075
1596	0.178958089170176
1597	0.17910799762226
1598	0.179258742634166
1599	0.179366777298433
1600	0.179542005877701
1601	0.179689152718047
1602	0.179828863577473
1603	0.180021225226906
1604	0.180181982003386
1605	0.180349084570729
1606	0.180517772468089
1607	0.180649036990661
1608	0.18078853530313
1609	0.180939298723203
1610	0.181086702938328
1611	0.181261499462351
1612	0.181416992089823
1613	0.181517895303826
1614	0.181630131960796
1615	0.181743533728906
1616	0.181842962312463
1617	0.181940789763014
1618	0.182085829574021
1619	0.182183866800365
1620	0.182291926571213
1621	0.182414670874571
1622	0.182568881682549
1623	0.182703126221897
1624	0.182851557675512
1625	0.183049566577365
1626	0.183206413860982
1627	0.183268514063045
1628	0.183356161632376
1629	0.183425287204702
1630	0.183545418859195
1631	0.183619560210639
1632	0.183726254095226
1633	0.183836696471749
1634	0.183937062124591
1635	0.184053946785598
1636	0.184130304007148
1637	0.184182439944857
1638	0.184266693180794
1639	0.1843219563113
1640	0.184421534492564
1641	0.184489980683547
1642	0.184572587583457
1643	0.184713683995106
1644	0.184819490022825
1645	0.184926490084695
1646	0.185051309928031
1647	0.185133031696782
1648	0.185243937474518
1649	0.185345962746957
1650	0.185465432255883
1651	0.185533994066896
1652	0.185621190799455
1653	0.185690855073347
1654	0.185753035674448
1655	0.185825080214752
1656	0.185828328865685
1657	0.185843460678001
1658	0.185802284832892
1659	0.185733133216015
1660	0.185680626239138
1661	0.185701225374474
1662	0.185648287591443
1663	0.185600034552413
1664	0.185557369585944
1665	0.185518591452387
1666	0.185409162856467
1667	0.185376185429728
1668	0.185284730402088
1669	0.185117286224267
1670	0.184976851857689
1671	0.184785482987924
1672	0.184611619960535
1673	0.184417525597395
1674	0.184233997836834
1675	0.184117854173308
1676	0.183905183406329
1677	0.18367188449787
1678	0.183413268415821
1679	0.183152376615445
1680	0.182907388177295
1681	0.182655450846384
1682	0.182424129349684
1683	0.182212091743003
1684	0.182030970660038
1685	0.181770074483837
1686	0.181578663192433
1687	0.181412038199815
1688	0.181255518078643
1689	0.181142981362639
1690	0.181030180354847
1691	0.180890790074803
1692	0.180813972852769
1693	0.180769793489478
1694	0.180675742666403
1695	0.180563071792741
1696	0.18045973783788
1697	0.180372235265294
1698	0.180314071961382
1699	0.180330579214637
1700	0.18024692856983
1701	0.180130982058468
1702	0.180021290258865
1703	0.179884104261474
1704	0.179803362023682
1705	0.179659403858282
1706	0.179589505243165
1707	0.179466245044683
1708	0.179373665334718
1709	0.179302984232616
1710	0.179171099660812
1711	0.179019522048043
1712	0.178902110766712
1713	0.178762312637431
1714	0.178638983252203
1715	0.178537010457729
1716	0.178422112316664
1717	0.178300389300965
1718	0.178043455580036
1719	0.177835545433573
1720	0.1775341396452
1721	0.177307618761699
1722	0.177054731364692
1723	0.176852649483829
1724	0.176640988036455
1725	0.176473127795577
1726	0.176339031689064
1727	0.176163099007856
1728	0.175966038281173
1729	0.175826495486463
1730	0.175651744738744
1731	0.175594271292478
1732	0.175534530046597
1733	0.175476290087865
1734	0.175426869458464
1735	0.175415266447824
1736	0.175381664398677
1737	0.175467320251432
1738	0.175464098016345
1739	0.175473442771853
1740	0.175520509862703
1741	0.175570233623048
1742	0.175657403616263
1743	0.17570402755233
1744	0.175635500636546
1745	0.175621318610067
1746	0.175638351034442
1747	0.175560618416194
1748	0.175610280055381
1749	0.175578135555226
1750	0.175508424309659
1751	0.175530560745121
1752	0.175496328592573
1753	0.175475323654625
1754	0.17549126825311
1755	0.175486417654512
1756	0.17546272636993
1757	0.175441897414992
1758	0.175415031729344
1759	0.175414784639265
1760	0.175346864264864
1761	0.175424295380466
1762	0.175438103464131
1763	0.175466297092177
1764	0.175566345174353
1765	0.175650200181511
1766	0.17569413636263
1767	0.175724425783467
1768	0.175732593270735
1769	0.17572606660249
1770	0.175683770455547
1771	0.175733496496639
1772	0.175797587981027
1773	0.17581498443979
1774	0.175856357702397
1775	0.175912537781697
1776	0.175903027661632
1777	0.17585276796115
1778	0.175859402808791
1779	0.17581025623602
1780	0.175786297393456
1781	0.175834713789583
1782	0.17585358410309
1783	0.175874786601453
1784	0.175909068229969
1785	0.175960755252189
1786	0.176040668801314
1787	0.176116846526316
1788	0.176162524406907
1789	0.176200180349815
1790	0.176233500231471
1791	0.176326005485485
1792	0.176362586609055
1793	0.176428073768675
1794	0.176442740447495
1795	0.176460105614047
1796	0.17651391664257
1797	0.176505527414613
1798	0.17658668004361
1799	0.176591053023809
1800	0.176638506966414
1801	0.176659910373079
1802	0.176643345850326
1803	0.176719935258965
1804	0.176777587323592
1805	0.176750113648644
1806	0.176824834954724
1807	0.176889933526146
1808	0.176953414211379
1809	0.177000360343354
1810	0.177153579696637
1811	0.177229879584101
1812	0.177364675898229
1813	0.177528687631204
1814	0.177622950292841
1815	0.177690295664567
1816	0.177727061230248
1817	0.177844500611852
1818	0.17795954058033
1819	0.178024835476939
1820	0.178163248488654
1821	0.178287476446081
1822	0.178331547096895
1823	0.178424237095183
1824	0.17851149667569
1825	0.178625804107396
1826	0.178676099012366
1827	0.178797935691386
1828	0.178873595921908
1829	0.178915262596006
1830	0.178983596995189
1831	0.178312610948298
1832	0.178441766523653
1833	0.17862300418319
1834	0.178746721365357
1835	0.178734427977944
1836	0.178860394542538
1837	0.17906733934702
1838	0.179178260624361
1839	0.179222628127344
1840	0.179379043099458
1841	0.179613570642105
1842	0.179640926430698
1843	0.179710595876404
1844	0.179762863033852
1845	0.179821172678866
1846	0.179692280318199
1847	0.179728730746714
1848	0.179946639307337
1849	0.180062087810746
1850	0.17991015717273
1851	0.179758783303325
1852	0.179737510437806
1853	0.179761869954419
1854	0.179748228129219
1855	0.18007596498079
1856	0.180058049089422
1857	0.179856750547988
1858	0.179671776248993
1859	0.179445392592431
1860	0.179107960082436
1861	0.178983731204381
1862	0.178863368295671
1863	0.178714862459363
1864	0.178766928428555
1865	0.178589482156074
1866	0.17823515784045
1867	0.177978619937178
1868	0.177719910567238
1869	0.17734996349608
1870	0.176988421825292
1871	0.17670131464248
1872	0.176276358092954
1873	0.175608438897897
1874	0.175092932844741
1875	0.174641597202377
1876	0.174095225500705
1877	0.173417235762218
1878	0.17284892978042
1879	0.172200502611577
1880	0.171367524432337
1881	0.170547551957721
1882	0.169750023972706
1883	0.168814194185273
1884	0.167762555120432
1885	0.166648947636079
1886	0.165403449183005
1887	0.164080129670342
1888	0.162905631898529
1889	0.161680059267692
1890	0.160357485110694
1891	0.159123401093727
1892	0.157678607786183
1893	0.156004977070494
1894	0.154474132733829
1895	0.153000818461648
1896	0.151475185295186
1897	0.149901842404508
1898	0.148508151019573
1899	0.14697670275514
1900	0.145388578802873
1901	0.143880000311498
1902	0.142289610806833
1903	0.14083509618271
1904	0.139431052185013
1905	0.138034860630762
1906	0.136715468115472
1907	0.135464192612987
1908	0.134215361756293
1909	0.132929360105098
1910	0.131810385778496
1911	0.130724225395127
1912	0.129729965564477
1913	0.128776242438619
1914	0.127883553064694
1915	0.127093544649717
1916	0.126297566927289
1917	0.125560401194349
1918	0.124861512567257
1919	0.124270263458282
1920	0.123832628264955
1921	0.123303034074136
1922	0.122855933656565
1923	0.122453689813311
1924	0.121981509499055
1925	0.121654104620338
1926	0.121422160376156
1927	0.121216766422361
1928	0.121011769451178
1929	0.120752468791269
1930	0.120653634258868
1931	0.120628587593599
1932	0.120595416656309
1933	0.120623107549202
1934	0.120710097944623
1935	0.120915770557936
1936	0.120988335635755
1937	0.121090696744148
1938	0.121159466782747
1939	0.121286166958314
1940	0.121277216685047
1941	0.121425519996379
1942	0.121633911645566
1943	0.121857076489687
1944	0.122135024605717
1945	0.122386327334322
1946	0.122659420998857
1947	0.122927661312635
1948	0.123147897122134
1949	0.123365293844296
1950	0.123646838364407
1951	0.123955873515003
1952	0.124283499059761
1953	0.124680329960814
1954	0.125028997344259
1955	0.125351045638964
1956	0.125670429885185
1957	0.125945209629718
1958	0.126224448055587
1959	0.126554974855368
1960	0.126788280569912
1961	0.127131297889006
1962	0.127493512766839
1963	0.127807247121609
1964	0.128095595433394
1965	0.128419743451796
1966	0.12871586526553
1967	0.129000841847643
1968	0.129332229303345
1969	0.129639172495887
1970	0.129855108880714
1971	0.130164936564148
1972	0.130398543749168
1973	0.13064261838048
1974	0.130898960601846
1975	0.131147115205473
1976	0.131394117874796
1977	0.13163983825697
1978	0.131952355546513
1979	0.132283481735482
1980	0.132617885830504
1981	0.133030240618483
1982	0.133388564112068
1983	0.133720388605689
1984	0.13400413855444
1985	0.134336641038811
1986	0.134673529969862
1987	0.134974024330289
1988	0.135239856701609
1989	0.135516028111734
1990	0.135817013536366
1991	0.13612266511092
1992	0.13645379313958
1993	0.136933093196316
1994	0.137259757415391
1995	0.137582881339018
1996	0.137827511102445
1997	0.138035821448223
1998	0.138206093754962
1999	0.13832446159521
2000	0.138532381316972
2001	0.138884078412073
2002	0.139134168236017
2003	0.139386279075437
2004	0.139562055191901
2005	0.139649760938827
2006	0.139774639867475
2007	0.13979667450508
2008	0.13967389349995
2009	0.139691772318625
2010	0.139658236193686
2011	0.139777303595922
2012	0.140119333001262
2013	0.140238990595526
2014	0.140426270275821
2015	0.140421755677261
2016	0.140311980757545
2017	0.140140927883616
2018	0.140063529276968
2019	0.139955436567655
2020	0.139825644029485
2021	0.139816060787831
2022	0.139690005856057
2023	0.139472052191096
2024	0.139260312258611
2025	0.138970913892878
2026	0.138736686291322
2027	0.138518716644864
2028	0.138365470114521
2029	0.138004619818162
2030	0.13779480309557
2031	0.137552573001066
2032	0.137291559939051
2033	0.136949572708012
2034	0.136592961293064
2035	0.136262991241436
2036	0.135857603900107
2037	0.135475445150229
2038	0.135247933874538
2039	0.134856307261265
2040	0.134360143462621
2041	0.133855885731851
2042	0.133329044812221
2043	0.132889216158443
2044	0.132501726466036
2045	0.132182956144117
2046	0.131915837447109
2047	0.131764391952069
2048	0.131496318788203
2049	0.131176124177872
2050	0.130960130277031
2051	0.130791955170312
2052	0.130579524538671
2053	0.130332262927425
2054	0.130226209859465
2055	0.130065154387309
2056	0.129804652760904
2057	0.129687514940889
2058	0.129479088060757
2059	0.129384033672967
2060	0.129388129781608
2061	0.129373548911262
2062	0.129396064749394
2063	0.129369429177388
2064	0.129340411436243
2065	0.129195959751318
2066	0.129006343762723
2067	0.128920477916015
2068	0.128906596186214
2069	0.128856039820246
2070	0.128845698094818
2071	0.128840818175104
2072	0.128836605716841
2073	0.128813881734217
2074	0.128817703873536
2075	0.128817522555051
2076	0.128829442365236
2077	0.12880955777789
2078	0.128750493464767
2079	0.128581418797011
2080	0.128575960358313
2081	0.128474456921482
2082	0.128343637373923
2083	0.128362826538754
2084	0.128358507888133
2085	0.128406677797774
2086	0.128507116574469
2087	0.128543368948882
2088	0.128568345130087
2089	0.128620236974149
2090	0.128614917234354
2091	0.128658755127856
2092	0.128725419020174
2093	0.128754999199403
2094	0.128741364264793
2095	0.128674105563568
2096	0.128670161100629
2097	0.128724627503493
2098	0.128698209879295
2099	0.128676794789848
2100	0.128636819571048
2101	0.128467854919913
2102	0.12845246052406
2103	0.128518225604678
2104	0.128571911954139
2105	0.128632821144394
2106	0.128662665587616
2107	0.128612378223313
2108	0.128639369326515
2109	0.128662436690673
2110	0.128684147316958
2111	0.128729944336845
2112	0.128753615915299
2113	0.128656420968628
2114	0.128690129984926
2115	0.128684198513359
2116	0.128525267311514
2117	0.128618548487579
2118	0.128876119732228
2119	0.128995035940818
2120	0.129138739449854
2121	0.129258520694707
2122	0.129278446200792
2123	0.129261600060163
2124	0.129260843089612
2125	0.129426516500932
2126	0.129543350571043
2127	0.129443275617657
2128	0.129358370606862
2129	0.129361379490339
2130	0.129263520992612
2131	0.129221476710254
2132	0.12921957962887
2133	0.129269054806346
2134	0.129219917521334
2135	0.1292208462962
2136	0.129098687310153
2137	0.128858825893617
2138	0.128624368316607
2139	0.12845349943993
2140	0.12823085722987
2141	0.128236382720271
2142	0.128270128800709
2143	0.12824633563268
2144	0.128176532358366
2145	0.127959907785555
2146	0.127851621266302
2147	0.127747067437901
2148	0.127537467429695
2149	0.127458109545564
2150	0.127507053982891
2151	0.127405253769437
2152	0.127344275495493
2153	0.127207128299718
2154	0.126859833579786
2155	0.126622703924778
2156	0.126672738322477
2157	0.126492628349637
2158	0.126378233691123
2159	0.126344428922567
2160	0.126120389866133
2161	0.12590209409579
2162	0.125864043165943
2163	0.125779449691071
2164	0.125744949354466
2165	0.125734473123512
2166	0.125677759769212
2167	0.125480237158673
2168	0.125440903773136
2169	0.125330741072121
2170	0.12528670038327
2171	0.125372497866282
2172	0.125340842607317
2173	0.12530067526511
2174	0.1252105476136
2175	0.125082316824375
2176	0.125232378316583
2177	0.12521546185996
2178	0.124962907027947
2179	0.124881138495217
2180	0.124808434517745
2181	0.124783235218154
2182	0.124861967502349
2183	0.12487537350365
2184	0.124855055922814
2185	0.124822431671045
2186	0.124649761704095
2187	0.124695022578843
2188	0.124812666724709
2189	0.124928611815917
2190	0.12506087319783
2191	0.125051098321422
2192	0.124792276860479
2193	0.124478476173822
2194	0.124490513685517
2195	0.124613730003157
2196	0.124753344129805
2197	0.124948838181551
2198	0.125023644428146
2199	0.124959252471047
2200	0.124974569019284
2201	0.124903132352573
2202	0.124824618524055
2203	0.124564043066535
2204	0.124513373574518
2205	0.12461226083778
2206	0.124640773443413
2207	0.124748964759731
2208	0.124803072868583
2209	0.124812100849563
2210	0.12473134776415
2211	0.124783059996173
2212	0.124969630764258
2213	0.125086007205053
2214	0.125351403029795
2215	0.125454414425007
2216	0.125446833141251
2217	0.125553604827785
2218	0.125580466035134
2219	0.12584292887684
2220	0.126041246456881
2221	0.126135336387608
2222	0.126167637735122
2223	0.126308706741952
2224	0.126346334821656
2225	0.126498825740389
2226	0.12688982766666
2227	0.127054697765978
2228	0.127042547514881
2229	0.127120691064399
2230	0.127297062863181
2231	0.127320158694942
2232	0.127435513897565
2233	0.127569805130574
2234	0.127388388708842
2235	0.127163366870428
2236	0.127046672767682
2237	0.126846721366695
2238	0.126686182672725
2239	0.126485790031573
2240	0.126351338898017
2241	0.12611345231722
2242	0.126088109672524
2243	0.12604976115912
2244	0.12574219537393
2245	0.125259123018035
2246	0.124836620289786
2247	0.124145298721327
2248	0.123798631281895
2249	0.123652044543763
2250	0.123379315607592
2251	0.123260313624506
2252	0.123119194073964
2253	0.122929840854126
2254	0.122621919446261
2255	0.122259481945739
2256	0.121802072451536
2257	0.12129823131665
2258	0.120888258415185
2259	0.120691569628921
2260	0.120566842418785
2261	0.120213949470619
2262	0.119746034470929
2263	0.119339174466973
2264	0.119065933314467
2265	0.118773871002184
2266	0.118465387106123
2267	0.118398122351815
2268	0.118093020820439
2269	0.11789774887496
2270	0.117819405430219
2271	0.117718162998605
2272	0.117592479077898
2273	0.117327554142108
2274	0.117188701936407
2275	0.116995525001609
2276	0.116642967086416
2277	0.116381091325328
2278	0.116340588603387
2279	0.116142759959623
2280	0.115934121510376
2281	0.115743176135821
2282	0.115542256766865
2283	0.115415344516337
2284	0.115338935015562
2285	0.115241146888229
2286	0.115167611353521
2287	0.115039642417954
2288	0.114935593868183
2289	0.114740018374451
2290	0.114561311715974
2291	0.114690088949868
2292	0.114619130149215
2293	0.114669927732666
2294	0.114388199513173
2295	0.113820975441679
2296	0.113606168918114
2297	0.11328020572228
2298	0.113131745264679
2299	0.113576853881999
2300	0.113516364852142
2301	0.113063432873449
2302	0.112869274609479
2303	0.11259717899692
2304	0.112315504340286
2305	0.112104473280771
2306	0.111963386951689
2307	0.111745039664509
2308	0.111565131371927
2309	0.111526984623848
2310	0.111430588843801
2311	0.111438338468167
2312	0.111434448575023
2313	0.111242215081593
2314	0.110925409770689
2315	0.110551657387776
2316	0.110326544159118
2317	0.110479167242881
2318	0.110831027599641
2319	0.110989595074078
2320	0.110984683364535
2321	0.110829818853855
2322	0.110535251586012
2323	0.110452601370251
2324	0.110534514955971
2325	0.110726828115885
2326	0.110751197035958
2327	0.110801183674076
2328	0.110867837051613
2329	0.110731186849903
2330	0.11024987754455
2331	0.110187604125736
2332	0.110476573300302
2333	0.110447745510258
2334	0.110438531977358
2335	0.110369455306463
2336	0.110017647886672
2337	0.109798889648224
2338	0.109668119632605
2339	0.109661020869698
2340	0.109552748602153
2341	0.109531567237523
2342	0.109555107287193
2343	0.109451500594928
2344	0.109087807066965
2345	0.108925306777783
2346	0.10894249753284
2347	0.108990521228868
2348	0.109126127259409
2349	0.109144423756578
2350	0.108988809636472
2351	0.109138762223802
2352	0.109043765918744
2353	0.108942628509598
2354	0.109087268164286
2355	0.109061552784397
2356	0.10908113012703
2357	0.109106892668843
2358	0.109024289889617
2359	0.109177986991958
2360	0.109236029806582
2361	0.109347022191435
2362	0.10930572186643
2363	0.108922485119334
2364	0.108642502495368
2365	0.108382989350966
2366	0.108241949317999
2367	0.108304437943028
2368	0.108314653031382
2369	0.108305988545694
2370	0.108316299829708
2371	0.108271550960538
2372	0.108164086009551
2373	0.108058042456701
2374	0.108004109255303
2375	0.108129036264369
2376	0.107939404089284
2377	0.107443258455874
2378	0.107271673595219
2379	0.106927222260353
2380	0.106832050322206
2381	0.107335771994514
2382	0.107373722487185
2383	0.107197114963422
2384	0.106994793801778
2385	0.106609082080238
2386	0.106417691817791
2387	0.106382904650867
2388	0.106188210237851
2389	0.105982415773375
2390	0.105767188943116
2391	0.10546149486391
2392	0.105163418381133
2393	0.104964593015797
2394	0.104668813279294
2395	0.103915692225193
2396	0.1035860880773
2397	0.103594165015389
2398	0.103475759250732
2399	0.103431707442883
2400	0.103040280490046
2401	0.102408335226616
2402	0.102130018303492
2403	0.102091244602809
2404	0.102063137684236
2405	0.102198636170657
2406	0.101995697544105
2407	0.101761830425553
2408	0.101994656778591
2409	0.101666081827964
2410	0.101480519850824
2411	0.101475004639706
2412	0.100922018837433
2413	0.100782367320731
2414	0.100716254162636
2415	0.100114600532696
2416	9.96564116946796E-02
2417	9.92870475445357E-02
2418	9.87961228539102E-02
2419	9.88104021797656E-02
2420	9.85719996505921E-02
2421	9.82501259948671E-02
2422	9.80932882311903E-02
2423	9.77098078162558E-02
2424	9.74821922373361E-02
2425	9.72232018330253E-02
2426	9.69656206430278E-02
2427	9.67278068323551E-02
2428	9.65296306495178E-02
2429	9.61025470920758E-02
2430	9.55189355560229E-02
2431	9.52281423962469E-02
2432	9.48472289038442E-02
2433	9.46473926148265E-02
2434	9.50437776306963E-02
2435	0.094761746662193
2436	9.43072859403758E-02
2437	9.39152154044298E-02
2438	9.29991392416962E-02
2439	9.25646519327937E-02
2440	9.24138346796071E-02
2441	0.091960607948817
2442	9.13194483425885E-02
2443	9.08726659966849E-02
2444	9.02754191288891E-02
2445	8.99124227956994E-02
2446	0.089773313400815
2447	8.94020387801105E-02
2448	8.86298440548541E-02
2449	8.83459177132506E-02
2450	8.82298085746942E-02
2451	8.79489369674835E-02
2452	8.76836362254651E-02
2453	8.75905950420853E-02
2454	8.75412013692247E-02
2455	8.74360347263116E-02
2456	8.76377099815965E-02
2457	8.74162472684115E-02
2458	8.69125852688269E-02
2459	0.086362227242829
2460	8.57358758197961E-02
2461	8.52777444513882E-02
2462	8.46872710218056E-02
2463	0.084425384360059
2464	0.084723896572938
2465	8.44484662504988E-02
2466	8.37808391438894E-02
2467	8.35469381271077E-02
2468	8.31369950993294E-02
2469	8.29151492100457E-02
2470	8.26809253057787E-02
2471	8.27182416338655E-02
2472	8.28997008754215E-02
2473	8.26902308162168E-02
2474	8.18244232471337E-02
2475	8.12803830478466E-02
2476	8.04135440213618E-02
2477	7.98987642019615E-02
2478	7.99181558481976E-02
2479	7.98453832370577E-02
2480	7.97157693612439E-02
2481	7.92934725694175E-02
2482	7.87804687506563E-02
2483	7.83920172704484E-02
2484	7.73240291489158E-02
2485	7.69618806418277E-02
2486	7.75821831724496E-02
2487	7.75688340022257E-02
2488	7.79888943197472E-02
2489	7.78968886138128E-02
2490	7.71257370792663E-02
2491	7.69260945749995E-02
2492	7.66235751365319E-02
2493	7.66571153627601E-02
2494	0.07721337363455
2495	7.71229519397185E-02
2496	7.62427602234855E-02
2497	7.63569298273668E-02
2498	7.66880472749982E-02
2499	7.71231292698352E-02
2500	7.82661175661138E-02
