350	0.298628452163542
351	0.261669609357758
352	0.259814991157666
353	0.285492700729927
354	0.269672070758576
355	0.261127164393074
356	0.265964899674864
357	0.269842729697416
358	0.277779818760715
359	0.266895931244303
360	0.262811951488548
361	0.265377602917186
362	0.273586404854841
363	0.267757763438449
364	0.257120005800227
365	0.252100785440071
366	0.25397175730923
367	0.236533710761685
368	0.230604108002867
369	0.248009426020107
370	0.250100538118309
371	0.251069659117074
372	0.243568168922556
373	0.249917253214575
374	0.257180772144825
375	0.248119867121897
376	0.240708870245037
377	0.241068831388466
378	0.2417202556571
379	0.248646126651485
380	0.242447349039971
381	0.23541363729994
382	0.242097353142036
383	0.247030082554021
384	0.238575653317901
385	0.234618286872345
386	0.237730424738848
387	0.244701056612897
388	0.240199160854673
389	0.231812021185585
390	0.232490075649764
391	0.237581794387087
392	0.235455454182606
393	0.232702155531738
394	0.231846025027209
395	0.235296050785915
396	0.234159803137687
397	0.232710091650834
398	0.22993285017181
399	0.232003940048579
400	0.233125631593568
401	0.231510227447872
402	0.229651399909396
403	0.235036618786904
404	0.233631139755097
405	0.230359247537833
406	0.225139485169248
407	0.22481951136642
408	0.227156948482589
409	0.228189735439772
410	0.225441888315499
411	0.223108860046513
412	0.223448310776604
413	0.223792633015007
414	0.222527089874872
415	0.221566201153555
416	0.223215784517073
417	0.223647428586945
418	0.220388498345157
419	0.217798849491907
420	0.219951601501874
421	0.221580316583848
422	0.219531413269384
423	0.219999121872294
424	0.219522891538344
425	0.219568263890681
426	0.218571825264925
427	0.217553588425407
428	0.218216236145503
429	0.219341513570442
430	0.218581387965583
431	0.217826860234375
432	0.216147281206057
433	0.216880941623997
434	0.218590643572639
435	0.217513121061395
436	0.215976638417236
437	0.21757201297527
438	0.21830722485236
439	0.218618772991419
440	0.218023292915515
441	0.219033507898674
442	0.219946550700581
443	0.219870838176329
444	0.219611462712193
445	0.220040495060031
446	0.220807366335063
447	0.221069369966159
448	0.220489169411453
449	0.220501947357442
450	0.221352821434744
451	0.221863789640883
452	0.221919417589932
453	0.221865928992415
454	0.222148416045553
455	0.223005194003831
456	0.222974472492344
457	0.222539553710131
458	0.222686832604223
459	0.223818223416192
460	0.224194989371881
461	0.224157627532152
462	0.223417688484177
463	0.224148867366461
464	0.223882727890831
465	0.223839370209058
466	0.224332430371036
467	0.225112754388071
468	0.225546743117321
469	0.225261163845278
470	0.224871033824169
471	0.22539729142409
472	0.225782513107664
473	0.22619444676061
474	0.226033963569469
475	0.226444554905507
476	0.227067197173241
477	0.226896783429371
478	0.226312502641569
479	0.226831017088263
480	0.227381393819077
481	0.227549782276407
482	0.227414340385084
483	0.227803332081829
484	0.228233411331902
485	0.228818434460101
486	0.228864432057393
487	0.22899416339623
488	0.229233252774913
489	0.229373981815661
490	0.229462178186724
491	0.229952648952331
492	0.230212292188114
493	0.230828435908902
494	0.231179804995877
495	0.231228933058801
496	0.231192747598035
497	0.23212289571395
498	0.232857297713554
499	0.233155519100021
500	0.233332050328096
501	0.234106797681871
502	0.234928762534095
503	0.235229067766046
504	0.235191311171672
505	0.236036349722189
506	0.236913380545894
507	0.237548052339997
508	0.237645297608601
509	0.238058553024945
510	0.239144866984443
511	0.239793624367052
512	0.24012661996083
513	0.2405062314715
514	0.241264828504548
515	0.241876347402874
516	0.242195664808628
517	0.242626483609292
518	0.243275322298521
519	0.243984431408591
520	0.244600023950589
521	0.245026609824121
522	0.245651082434659
523	0.246305961714648
524	0.246896947661796
525	0.247284010315335
526	0.247808225866073
527	0.248538771800582
528	0.24906071794957
529	0.249322100129692
530	0.249889326969749
531	0.250492661899265
532	0.251182925814577
533	0.25170600451482
534	0.25222039706774
535	0.252615709485614
536	0.2532740499194
537	0.253857537155503
538	0.254266917596802
539	0.254616191841338
540	0.255301891258546
541	0.25603038240854
542	0.25635494902659
543	0.256458552320762
544	0.25735595069795
545	0.258042934457566
546	0.258377168573981
547	0.258765911192848
548	0.259455307899229
549	0.260281108582601
550	0.260894145609165
551	0.261198581997189
552	0.261861030675728
553	0.26260749425306
554	0.263169364852097
555	0.263594049049683
556	0.264209067644261
557	0.26491676721835
558	0.265715280863714
559	0.266264185836849
560	0.266704522857155
561	0.267342358716181
562	0.268111639416738
563	0.268783794025271
564	0.269438812481514
565	0.270137563849665
566	0.270904257889518
567	0.271612048436926
568	0.272291728543021
569	0.272814333559824
570	0.273705770287557
571	0.274498949417088
572	0.275103429917645
573	0.275484049005965
574	0.276184644334894
575	0.276965958400789
576	0.277579383409088
577	0.278145393095298
578	0.278732167849529
579	0.279407362870716
580	0.280070118739545
581	0.280544775454402
582	0.281143563263738
583	0.281670000187251
584	0.282282384831002
585	0.282820023114887
586	0.283259145781605
587	0.283874081681595
588	0.284494811208687
589	0.284949971209997
590	0.285330200816126
591	0.285802316598658
592	0.286357203408887
593	0.286759840627753
594	0.287029307650985
595	0.28749414579952
596	0.287922633233868
597	0.288393514676564
598	0.288710612990986
599	0.288886205802483
600	0.289178988662
601	0.289734700651653
602	0.290001456060084
603	0.290239171666555
604	0.290616732796508
605	0.290921720199893
606	0.291172708899333
607	0.291375700906433
608	0.29150833538444
609	0.291928724564658
610	0.292311353377767
611	0.292470473663605
612	0.292469077690111
613	0.292829218031617
614	0.29314441444035
615	0.29341810168536
616	0.293580649930291
617	0.293758642249944
618	0.293948648863029
619	0.29408626035976
620	0.294187016465297
621	0.294376307906125
622	0.294664994211269
623	0.294958026212005
624	0.294921878969659
625	0.295040514034122
626	0.295137303468102
627	0.295394149291872
628	0.295523476966126
629	0.295604530565131
630	0.295822851296819
631	0.296037142088502
632	0.296170420673122
633	0.296211035473827
634	0.296345187363009
635	0.296520821689627
636	0.29665568028455
637	0.29667004337775
638	0.296699018785457
639	0.296893146736601
640	0.297077645210601
641	0.297179531145847
642	0.297214102938248
643	0.297331657776522
644	0.2974306447129
645	0.297513586046044
646	0.297565414974158
647	0.297676418983014
648	0.297846500254421
649	0.297974745990714
650	0.29796248639229
651	0.297936168589871
652	0.297993946161712
653	0.298172640141605
654	0.298271358790149
655	0.298236730109136
656	0.298287784973916
657	0.298406638025124
658	0.298527069947085
659	0.298525635223912
660	0.298570435287865
661	0.298696003234189
662	0.298805904304921
663	0.298828821586886
664	0.298865131439845
665	0.298955104050273
666	0.29899228091439
667	0.299021459358171
668	0.299111530108071
669	0.299163440583123
670	0.299222962397324
671	0.299285370821384
672	0.299292590598699
673	0.299327206292625
674	0.299496966540875
675	0.299577192693543
676	0.299551371008792
677	0.299538760175973
678	0.299651922104734
679	0.299771600960636
680	0.299793254865731
681	0.299763550280263
682	0.29984438528228
683	0.300001909164784
684	0.300063242285973
685	0.299992645150823
686	0.299974909326922
687	0.300134492350842
688	0.300265030975368
689	0.30026470698441
690	0.300287771608037
691	0.300313755034771
692	0.300296668421554
693	0.300288819717049
694	0.300532939115743
695	0.300895685955401
696	0.301445739583319
697	0.30167876516676
698	0.301473666911208
699	0.30098336529803
700	0.300771120286966
701	0.300663996308353
702	0.300686327186861
703	0.300685168730339
704	0.300721330722574
705	0.300813309513916
706	0.300796756015891
707	0.300690423515042
708	0.300755098115925
709	0.300880766931672
710	0.300915523622097
711	0.300862288199349
712	0.300850335076723
713	0.300926964507088
714	0.300958789882756
715	0.300983075022014
716	0.300975217843003
717	0.300952117284635
718	0.300992579844075
719	0.300962051426394
720	0.300967704349676
721	0.301025566636389
722	0.301125387032832
723	0.301129080898898
724	0.301030821507145
725	0.301024927612634
726	0.301109776784267
727	0.301139048959249
728	0.301058236883091
729	0.301008830737608
730	0.301057270856167
731	0.301167724254396
732	0.301105937361321
733	0.301041176236702
734	0.301067602598278
735	0.301145290914486
736	0.301088418431297
737	0.301029274208723
738	0.301034265522522
739	0.301068179315265
740	0.301081563553477
741	0.301045817679488
742	0.301054974659132
743	0.301084271225581
744	0.301109482258907
745	0.301067263664395
746	0.300987073530364
747	0.301039663848525
748	0.301067850004779
749	0.30108098887875
750	0.301073932081234
751	0.301147622260657
752	0.301146825652441
753	0.301052222933178
754	0.30099049620813
755	0.301025702920002
756	0.301089139831277
757	0.30113372064461
758	0.301058943436643
759	0.301034538797042
760	0.301038021928584
761	0.301070325381016
762	0.301044689512304
763	0.30103743259336
764	0.301071338524408
765	0.301159060659256
766	0.301147059796662
767	0.301157616535731
768	0.30117712865787
769	0.301242761528802
770	0.301236202321958
771	0.301196111118267
772	0.301205068862007
773	0.301291708569835
774	0.301294186348009
775	0.301267705840302
776	0.301264287196321
777	0.301306233633701
778	0.301347421083297
779	0.301338105528092
780	0.301297374961345
781	0.301332699631644
782	0.301353663220913
783	0.301345414642518
784	0.301335324161805
785	0.30135803971986
786	0.301346450066844
787	0.30136714573542
788	0.301331980958772
789	0.301308737404215
790	0.301347888989905
791	0.301408169141531
792	0.30138747834502
793	0.301371777270452
794	0.301399871263895
795	0.301413472268369
796	0.301398769233148
797	0.30137978302497
798	0.30139580294571
799	0.301473559410214
800	0.301467258345408
801	0.301359130291214
802	0.301320466894091
803	0.301389477811579
804	0.301345161206827
805	0.301282400162696
806	0.301241215302023
807	0.301327207057127
808	0.301340587303767
809	0.301267416858079
810	0.301192839290692
811	0.301178113124305
812	0.30123306192225
813	0.301191714840303
814	0.301118414896001
815	0.301115915311984
816	0.301094122229556
817	0.30103159335238
818	0.300987409828849
819	0.30098212408078
820	0.301017575472652
821	0.301009866086936
822	0.300947998868884
823	0.300905446102801
824	0.300905751173315
825	0.300890839846289
826	0.300838388127795
827	0.300771452173131
828	0.300760428778004
829	0.300782073513906
830	0.300659878480184
831	0.300559151811486
832	0.300532911160063
833	0.300498295384092
834	0.300513381630681
835	0.300440272491485
836	0.300375356007382
837	0.300382514796528
838	0.300314808683608
839	0.300187285470814
840	0.300087592512609
841	0.30012149999299
842	0.300123330927866
843	0.30001365213129
844	0.299913508439422
845	0.299884672187163
846	0.299844869821067
847	0.299781991594632
848	0.299654543279547
849	0.299588075708071
850	0.299569922195625
851	0.299538188386665
852	0.299378723306945
853	0.299351921148753
854	0.299344787296311
855	0.299205815456537
856	0.299086905987275
857	0.299041993369471
858	0.299023180450988
859	0.298949546957506
860	0.298865269777944
861	0.298824138750857
862	0.298713849511846
863	0.298698079167375
864	0.298552650595528
865	0.298391277802989
866	0.298359808768373
867	0.298414690290747
868	0.298317203970761
869	0.29816828634711
870	0.298062049514455
871	0.298050554450254
872	0.297963506061755
873	0.297836275643317
874	0.297730736950895
875	0.297685949050629
876	0.297552507178665
877	0.297431864544724
878	0.297388593325222
879	0.297388627599017
880	0.297344809106998
881	0.297157172781181
882	0.297030765294569
883	0.297008288968883
884	0.297015413557531
885	0.296885788280323
886	0.296743156834105
887	0.296680841398649
888	0.296655049531156
889	0.296509712261993
890	0.296423088912414
891	0.296396232499505
892	0.296284710313732
893	0.296174391218316
894	0.296069074203674
895	0.296124815378269
896	0.296022636509043
897	0.295884542848014
898	0.295701838002317
899	0.295599615681409
900	0.295730800674515
901	0.295681738283351
902	0.295385705362096
903	0.295276383109723
904	0.295277136916099
905	0.295226833477782
906	0.295124369928705
907	0.295038504802182
908	0.295054453413612
909	0.295008873227066
910	0.294890543036558
911	0.294736672066021
912	0.294691267804513
913	0.294677345997333
914	0.294610559345165
915	0.294443243843938
916	0.294386653225437
917	0.294451203801502
918	0.294371633636572
919	0.294083388412559
920	0.294050410877638
921	0.294141665872646
922	0.294175084464554
923	0.294010163661807
924	0.293943898877493
925	0.293974546137014
926	0.293970865110392
927	0.293736587476697
928	0.293698514209625
929	0.293758583120596
930	0.293722102401323
931	0.293641158078765
932	0.293536378787335
933	0.293485458953112
934	0.29349084522553
935	0.293441798887666
936	0.293198074796763
937	0.293242046270057
938	0.293412332636847
939	0.293224620596313
940	0.293026097235501
941	0.292931648959125
942	0.29305789027885
943	0.293139000168809
944	0.292900216933132
945	0.292903788866107
946	0.292869991356975
947	0.292722915815634
948	0.292555012477057
949	0.292667330367122
950	0.292746306416775
951	0.292548940446227
952	0.292360423886513
953	0.292466250516728
954	0.292734217455843
955	0.29268648145817
956	0.292557084079115
957	0.292561983555969
958	0.29264883810098
959	0.292599448911989
960	0.292440732257416
961	0.292394283283706
962	0.292711326820968
963	0.292832851662287
964	0.292646122303186
965	0.292678914511846
966	0.292631066764949
967	0.292697643684855
968	0.292483539081262
969	0.292434757644234
970	0.292483685498774
971	0.292594100525653
972	0.292612767576834
973	0.292491537730467
974	0.292689205750724
975	0.29264303276822
976	0.292422099850592
977	0.292325260424663
978	0.292609941357041
979	0.29281190363348
980	0.292798798236252
981	0.292549575888663
982	0.292608473869392
983	0.292620651923769
984	0.292505713995368
985	0.292359757376969
986	0.292789004371788
987	0.292916697208133
988	0.292697970213734
989	0.292513100238126
990	0.292612560403577
991	0.292760024603193
992	0.292660086793548
993	0.292576161871743
994	0.292901155888611
995	0.29319823106325
996	0.292738285945731
997	0.292607255172974
998	0.292782355767081
999	0.292967746988493
1000	0.292864714545597
1001	0.292404435051376
1002	0.292366831355911
1003	0.292382673660172
1004	0.292521676966036
1005	0.292531983351098
1006	0.292521170381491
1007	0.292531347753833
1008	0.292526261262409
1009	0.292536279946582
1010	0.292565416377076
1011	0.292575066575717
1012	0.292557237325079
1013	0.292411228048727
1014	0.292417909303449
1015	0.292537951430068
1016	0.292665704065485
1017	0.292743513554768
1018	0.292751700608096
1019	0.292534120145448
1020	0.292543440378336
1021	0.292360202621424
1022	0.292337084622609
1023	0.292509618793119
1024	0.292419984124354
1025	0.292169876954928
1026	0.292194679203239
1027	0.292178040219541
1028	0.292170365163019
1029	0.2921308498718
1030	0.29245518633661
1031	0.292382849364122
1032	0.292283222438351
1033	0.29231946989021
1034	0.292325001526699
1035	0.292224416151738
1036	0.292240754021398
1037	0.292215550850842
1038	0.292157061186166
1039	0.292029870542644
1040	0.291991473046741
1041	0.291896449451755
1042	0.291859627294644
1043	0.291862154546565
1044	0.291869341253085
1045	0.291923339315442
1046	0.291987728152315
1047	0.29217527341537
1048	0.292197002334078
1049	0.292037696751479
1050	0.2919915023495
1051	0.291809267517161
1052	0.291792615145355
1053	0.291896146962085
1054	0.291879229558303
1055	0.29189528393224
1056	0.291917806762977
1057	0.291882559910774
1058	0.291809263641533
1059	0.291830445853224
1060	0.291839333480792
1061	0.291769823167691
1062	0.291780334775299
1063	0.291696683695635
1064	0.291661276437862
1065	0.291679977398159
1066	0.291608611795102
1067	0.291649559042887
1068	0.291674563045087
1069	0.291736482784994
1070	0.291694244891924
1071	0.291654251460837
1072	0.291621208121681
1073	0.291600170765294
1074	0.291664250602918
1075	0.29166495731413
1076	0.291651140019266
1077	0.291641029950808
1078	0.291600481455107
1079	0.291684942042529
1080	0.291664757416245
1081	0.291727095806528
1082	0.291716714688204
1083	0.291708535988964
1084	0.291721981005073
1085	0.291756404286857
1086	0.291770561759919
1087	0.291706717497678
1088	0.291704939718763
1089	0.291783364760773
1090	0.291783117545056
1091	0.291797164954032
1092	0.291763297526423
1093	0.291774372891997
1094	0.291846603569199
1095	0.291807186790654
1096	0.291874578387557
1097	0.291855695954534
1098	0.291756862419021
1099	0.291667711557984
1100	0.291743989247388
1101	0.291756290206403
1102	0.291762454494292
1103	0.291812282060093
1104	0.291791486774944
1105	0.291895309867428
1106	0.291873690370269
1107	0.291893742952859
1108	0.291910757318988
1109	0.2918759594021
1110	0.291898146130742
1111	0.291930689978755
1112	0.291996141270958
1113	0.292004900684587
1114	0.29204119593846
1115	0.292080504235112
1116	0.292082888541958
1117	0.29202345500069
1118	0.292039413493233
1119	0.292101664503251
1120	0.292078127046188
1121	0.292178660470322
1122	0.292211390382117
1123	0.292197387170693
1124	0.292240893268961
1125	0.29221905895923
1126	0.292217948844049
1127	0.292240151340552
1128	0.29225957921105
1129	0.292276567737665
1130	0.292278734725416
1131	0.292325705166873
1132	0.292368944514885
1133	0.292414728330045
1134	0.2924392767972
1135	0.292492036314095
1136	0.292533014764689
1137	0.292537661134683
1138	0.292602402003728
1139	0.292643264757534
1140	0.292693783803391
1141	0.292737605479039
1142	0.292765571300737
1143	0.292804401183566
1144	0.292882426748865
1145	0.292897446974208
1146	0.29291726880829
1147	0.293021611073606
1148	0.293062286326894
1149	0.293082783048304
1150	0.293143986058464
1151	0.293213030084556
1152	0.293232671275114
1153	0.293281306712722
1154	0.293344691574058
1155	0.293422677754951
1156	0.293537985843774
1157	0.293561039096509
1158	0.293596762756246
1159	0.293617650873339
1160	0.293750691168508
1161	0.29389700017498
1162	0.293976989281277
1163	0.294073247051408
1164	0.294217532523187
1165	0.294200126399804
1166	0.294282494450262
1167	0.294424250859337
1168	0.294536378812418
1169	0.294672595844981
1170	0.294771363035147
1171	0.294835480616465
1172	0.294833981262722
1173	0.294898574724886
1174	0.294959849593608
1175	0.295050301797692
1176	0.295207972635671
1177	0.295324176754227
1178	0.295459327147557
1179	0.295564564226731
1180	0.29563200470333
1181	0.295714627131289
1182	0.295774400995473
1183	0.295898787574452
1184	0.296000599379426
1185	0.296091384366729
1186	0.296201627648582
1187	0.29624222848843
1188	0.296337902818263
1189	0.296416767819968
1190	0.296526148656617
1191	0.296608227120304
1192	0.296690751106919
1193	0.296792030204311
1194	0.296921325252146
1195	0.297068476653317
1196	0.297152754189999
1197	0.297220350392543
1198	0.297288036199718
1199	0.297393292948367
1200	0.297456256648785
1201	0.297589703703138
1202	0.297638898386432
1203	0.29770919176552
1204	0.297793628026607
1205	0.297888107617426
1206	0.297998743720233
1207	0.298121181748228
1208	0.298204918270873
1209	0.298300560405014
1210	0.298382042482661
1211	0.298461598919663
1212	0.298534988126119
1213	0.29858688764196
1214	0.298635180827155
1215	0.298749280245892
1216	0.298863478714595
1217	0.298961601859388
1218	0.299114029853291
1219	0.299219569363071
1220	0.299308042281379
1221	0.299374657493791
1222	0.299488454607043
1223	0.299545934885454
1224	0.299683340194789
1225	0.299765828942389
1226	0.299878585980927
1227	0.300004636493239
1228	0.300113405721697
1229	0.300218502851507
1230	0.300338870172333
1231	0.300459538613736
1232	0.300564368592586
1233	0.300676810981871
1234	0.30079330246764
1235	0.300929136231474
1236	0.301045629978999
1237	0.301245864783983
1238	0.301385778083289
1239	0.301519336524092
1240	0.301659296609369
1241	0.301793912161827
1242	0.30191081564936
1243	0.302019754422168
1244	0.302154217611464
1245	0.30226360811491
1246	0.302357422132441
1247	0.302490447646476
1248	0.302670989496078
1249	0.302788845227505
1250	0.302964042741476
1251	0.303105733318972
1252	0.303267199338343
1253	0.303444681221536
1254	0.303623114420332
1255	0.303758493169029
1256	0.303875049622904
1257	0.304034584665129
1258	0.304259118566897
1259	0.304443087087336
1260	0.304535274900936
1261	0.304704467519723
1262	0.304750907754795
1263	0.304893277079566
1264	0.305075220603489
1265	0.305290202003223
1266	0.305402824194621
1267	0.305544610927143
1268	0.305694070385497
1269	0.305817885826303
1270	0.305976964517956
1271	0.306184061228074
1272	0.30634987255229
1273	0.306513425477307
1274	0.306658545806839
1275	0.306833195772227
1276	0.306957753932089
1277	0.30712944082421
1278	0.30727380555977
1279	0.307432196661789
1280	0.307596883984181
1281	0.30776063394082
1282	0.307877166384161
1283	0.308034312680498
1284	0.308171795105825
1285	0.308341122281931
1286	0.308477755499717
1287	0.30865713407567
1288	0.308777276712677
1289	0.308956195106898
1290	0.309126302462715
1291	0.309334378539348
1292	0.309508465371691
1293	0.309706780924274
1294	0.309966671971462
1295	0.310161251172122
1296	0.31036812244404
1297	0.310544793522873
1298	0.31066008431263
1299	0.310834361969161
1300	0.311030985089751
1301	0.311249550078602
1302	0.311425265795047
1303	0.311619078619174
1304	0.311692289338407
1305	0.311890534318465
1306	0.311999173243174
1307	0.312201126316368
1308	0.312392510882645
1309	0.312662255234632
1310	0.312830651564654
1311	0.312988887376162
1312	0.313142264091928
1313	0.313330184732515
1314	0.313498038158778
1315	0.313669554170531
1316	0.313864622639782
1317	0.314112145783293
1318	0.314287087870191
1319	0.314527117730112
1320	0.314692771077776
1321	0.314829275543977
1322	0.315001603623334
1323	0.315141755403804
1324	0.315293531575406
1325	0.31544640888158
1326	0.315616927603488
1327	0.315790000816588
1328	0.31594795153078
1329	0.316072099331179
1330	0.316230763169491
1331	0.31640682203064
1332	0.316569627529703
1333	0.316747770459472
1334	0.316885397532883
1335	0.317045664041561
1336	0.317217880785367
1337	0.317342544673261
1338	0.317467447828103
1339	0.317630541080447
1340	0.317758994020349
1341	0.317911022237122
1342	0.318146302647781
1343	0.318320233340209
1344	0.318490931606235
1345	0.318658192615764
1346	0.318807282042403
1347	0.318958492250364
1348	0.319091094214536
1349	0.319239704048014
1350	0.319391108456722
1351	0.319559312700202
1352	0.319693739366658
1353	0.319832617927588
1354	0.320004162020876
1355	0.320182818816853
1356	0.320350213759511
1357	0.320504008245391
1358	0.320636891981126
1359	0.320780377363285
1360	0.320896753806999
1361	0.320942121456926
1362	0.321007841360809
1363	0.321018319665553
1364	0.321000272446918
1365	0.320963255567851
1366	0.320903873441458
1367	0.320809608514086
1368	0.320613007818526
1369	0.320320826498118
1370	0.320122066152124
1371	0.319903086673785
1372	0.319629887047551
1373	0.31936920495542
1374	0.319154078671879
1375	0.318884604143568
1376	0.318695479427345
1377	0.318603670272914
1378	0.318468773088119
1379	0.318358595372064
1380	0.318221151918948
1381	0.318124884502871
1382	0.317978022594509
1383	0.317754529296854
1384	0.317500812078846
1385	0.317167445278367
1386	0.316825655638854
1387	0.31646214522807
1388	0.316077663727208
1389	0.315673721488669
1390	0.315282032542584
1391	0.314881492984327
1392	0.314536491359904
1393	0.314248886853444
1394	0.3140206821587
1395	0.313926870549442
1396	0.313921142310488
1397	0.313957724839006
1398	0.31416351115428
1399	0.314331453517646
1400	0.314564236116575
1401	0.314776885396253
1402	0.315033534380178
1403	0.315319671963726
1404	0.315597286257798
1405	0.315861793614549
1406	0.316146947895371
1407	0.316429264303381
1408	0.316678705207328
1409	0.316959294225305
1410	0.317218690886151
1411	0.317497697316253
1412	0.317718221100134
1413	0.31802446683181
1414	0.318309951583574
1415	0.318690521123716
1416	0.319090822937526
1417	0.319508248115283
1418	0.319917441007438
1419	0.320353625362843
1420	0.320783936065782
1421	0.321231684252327
1422	0.321673779380626
1423	0.322115347909328
1424	0.322540020961087
1425	0.322983636581876
1426	0.323362000853301
1427	0.323744978778723
1428	0.324111040588708
1429	0.324454240058681
1430	0.32480446929893
1431	0.325117863322531
1432	0.325458874584927
1433	0.325814500816127
1434	0.326165919120323
1435	0.326527659861333
1436	0.326860606609428
1437	0.327163960792905
1438	0.327449353643497
1439	0.327736513149087
1440	0.32802233753539
1441	0.328326271475398
1442	0.32862268193041
1443	0.328909623081439
1444	0.329167975547895
1445	0.329375540912432
1446	0.329605597182726
1447	0.329842647062858
1448	0.330102611094888
1449	0.330439456557252
1450	0.330700385767036
1451	0.330956276623839
1452	0.331188969339658
1453	0.331411182946168
1454	0.331634993877291
1455	0.331863444424678
1456	0.332078432767771
1457	0.332302217992085
1458	0.332528202083446
1459	0.332742861331518
1460	0.332986620641152
1461	0.333180702466318
1462	0.333359042137681
1463	0.333561754488948
1464	0.333765955331142
1465	0.333964281991218
1466	0.334197023070188
1467	0.33442510674597
1468	0.334636765588919
1469	0.334848922343968
1470	0.335086283588641
1471	0.335299533331229
1472	0.335486485262718
1473	0.33569064477085
1474	0.335916670272203
1475	0.336081398759187
1476	0.336267200068255
1477	0.336493496015984
1478	0.336690336420934
1479	0.336917694014781
1480	0.337170103934914
1481	0.337429523606317
1482	0.337729181471016
1483	0.337969759382215
1484	0.338250691902006
1485	0.338502541577669
1486	0.338720347560663
1487	0.338963020169609
1488	0.339171168335303
1489	0.339384172365087
1490	0.33962317983342
1491	0.33982679786463
1492	0.340017916687705
1493	0.340211980042968
1494	0.34041457312397
1495	0.340609572959587
1496	0.340776082425971
1497	0.340993238694154
1498	0.341158084539013
1499	0.341324492445426
1500	0.341543330224715
1501	0.341710690289965
1502	0.341864951610972
1503	0.34207530004478
1504	0.342256211214161
1505	0.342436178483519
1506	0.342636375888686
1507	0.342828179110912
1508	0.342967843758796
1509	0.343149771367969
1510	0.34331939455809
1511	0.34353402861767
1512	0.343663594362784
1513	0.343817685017706
1514	0.34397122747657
1515	0.34411501933574
1516	0.344275026827017
1517	0.344444465980677
1518	0.344575929140887
1519	0.344751047168687
1520	0.344889792781514
1521	0.345094253777139
1522	0.345272491607911
1523	0.345422465342562
1524	0.345569373190239
1525	0.345773443993321
1526	0.34593128904769
1527	0.346047572783089
1528	0.346206237708006
1529	0.34635372036964
1530	0.346514549340001
1531	0.346671366485812
1532	0.34678911847005
1533	0.346895854615743
1534	0.347002909808743
1535	0.347115278941601
1536	0.347288741228706
1537	0.347442603949379
1538	0.347606991864082
1539	0.347794449710786
1540	0.347982916795823
1541	0.348137287475008
1542	0.348282142800396
1543	0.348435340576725
1544	0.348592725609843
1545	0.348728323040256
1546	0.348819851112479
1547	0.348908511039895
1548	0.34903416164382
1549	0.349120936789397
1550	0.349247334941519
1551	0.34943191594089
1552	0.349547421035015
1553	0.349630697896986
1554	0.349770560698759
1555	0.349916218985776
1556	0.350034957814121
1557	0.350182137045874
1558	0.350335821106654
1559	0.35050731514952
1560	0.3506500853638
1561	0.350727906328427
1562	0.35083720944882
1563	0.350965971891005
1564	0.351076050022166
1565	0.351245327416439
1566	0.351401057079529
1567	0.351548649022101
1568	0.351682904509491
1569	0.351848501108589
1570	0.351973411449199
1571	0.35201407890038
1572	0.352152012701576
1573	0.352302128155564
1574	0.352428735191976
1575	0.352624296644016
1576	0.352787057096117
1577	0.352827562190813
1578	0.352920724927339
1579	0.353074542767252
1580	0.353203883025264
1581	0.353348944293198
1582	0.353502195474257
1583	0.353658276387506
1584	0.353766524818725
1585	0.353873159492524
1586	0.353959079884045
1587	0.354006742470738
1588	0.354082764565281
1589	0.354195501228373
1590	0.354284973631555
1591	0.354408327245392
1592	0.354534781828639
1593	0.354627154938615
1594	0.354754548424238
1595	0.354857397222296
1596	0.354996351524437
1597	0.35517387148673
1598	0.355324583142377
1599	0.355490175068796
1600	0.355665701987842
1601	0.355715013331026
1602	0.355817795735959
1603	0.35596426967131
1604	0.356070438444932
1605	0.356227435298665
1606	0.356334542787896
1607	0.356369045223439
1608	0.356452827805554
1609	0.356527868058197
1610	0.356639058585953
1611	0.35668570771869
1612	0.356784268812356
1613	0.356882363539296
1614	0.35695474938622
1615	0.357067296605899
1616	0.357178296263103
1617	0.357315584672848
1618	0.357441149744268
1619	0.357598635341094
1620	0.357739010590834
1621	0.357886051680442
1622	0.358027641379596
1623	0.358165981970233
1624	0.358256333999744
1625	0.358334198837291
1626	0.358439165664642
1627	0.358508793138123
1628	0.358575665453989
1629	0.358633926589832
1630	0.358726425340355
1631	0.358811542360228
1632	0.358915866889113
1633	0.359030311371932
1634	0.359149659526235
1635	0.359196141089692
1636	0.359279856237189
1637	0.359418924431431
1638	0.359503506849583
1639	0.359669677795306
1640	0.359769562231418
1641	0.359856952252654
1642	0.359960938648049
1643	0.360120806513525
1644	0.360280815064125
1645	0.360427468223415
1646	0.360519272781271
1647	0.360547132422525
1648	0.360610283815195
1649	0.36067785339571
1650	0.360756353464804
1651	0.360858688521098
1652	0.360967665468967
1653	0.361117649496665
1654	0.36123126657861
1655	0.361424844304008
1656	0.361584892113814
1657	0.361707885303639
1658	0.361903413139707
1659	0.362094669245455
1660	0.362296228542417
1661	0.362415745350733
1662	0.362546601208478
1663	0.36268833475069
1664	0.362817044274963
1665	0.36299799043425
1666	0.363182874259734
1667	0.363288671495331
1668	0.363498954191583
1669	0.363721634329105
1670	0.363957766420826
1671	0.364189554588223
1672	0.364380530504001
1673	0.364513022915973
1674	0.364717504091873
1675	0.364910184196231
1676	0.365132614227062
1677	0.36538686020163
1678	0.365611527355289
1679	0.365794351824035
1680	0.366021081965803
1681	0.366283104094573
1682	0.366516580319846
1683	0.366706135260886
1684	0.366958367946071
1685	0.367306706689
1686	0.36750036318173
1687	0.367694165816709
1688	0.367906465173681
1689	0.36811292036135
1690	0.368282007103409
1691	0.368558639907428
1692	0.368804445129043
1693	0.368976704098786
1694	0.36914502609112
1695	0.369381634610098
1696	0.369610099470744
1697	0.369857308018721
1698	0.370036573439701
1699	0.370261883108346
1700	0.370455056071821
1701	0.370609253110393
1702	0.370798830188227
1703	0.370946801623804
1704	0.371108330670216
1705	0.371319147361334
1706	0.371509548221283
1707	0.371695062191198
1708	0.37182673173011
1709	0.371986388545412
1710	0.372109202936024
1711	0.372198920849637
1712	0.372335181248732
1713	0.372398494434663
1714	0.372482831450113
1715	0.372596404060708
1716	0.372684324281878
1717	0.372773234834046
1718	0.37285603189202
1719	0.372981152835586
1720	0.372996730680139
1721	0.373072321143433
1722	0.373086505808741
1723	0.373106263404542
1724	0.3730881483929
1725	0.373067672147662
1726	0.373054420392317
1727	0.373029863283353
1728	0.372972259248401
1729	0.372991963122217
1730	0.372929539757167
1731	0.372836012468496
1732	0.372808732490952
1733	0.372691732959135
1734	0.372583428465497
1735	0.37250108687624
1736	0.372419965868566
1737	0.37228212331688
1738	0.372264515505652
1739	0.372221727462745
1740	0.372125132416008
1741	0.372130080932807
1742	0.372134495210483
1743	0.372145835208165
1744	0.372123150891189
1745	0.372096914371665
1746	0.372119636206658
1747	0.372145447646142
1748	0.372179434545024
1749	0.372257389440427
1750	0.372254417014574
1751	0.372280430904174
1752	0.372313683823304
1753	0.372326513541478
1754	0.372295250042353
1755	0.372258276135217
1756	0.372229980109711
1757	0.372137715333028
1758	0.372080508377779
1759	0.372067914645815
1760	0.372016511989519
1761	0.371988335402281
1762	0.37185066087992
1763	0.371741045175546
1764	0.371641820304027
1765	0.371588691394242
1766	0.371556371378052
1767	0.371512159651155
1768	0.37139102678809
1769	0.371295083320993
1770	0.371238016818534
1771	0.371222265167339
1772	0.371207028039958
1773	0.371197669122796
1774	0.371183901722327
1775	0.371183319203193
1776	0.371252819495434
1777	0.371247154210867
1778	0.371248360778503
1779	0.3713515736734
1780	0.37136151301767
1781	0.371441405381365
1782	0.371457801401356
1783	0.371512916169472
1784	0.371463737964547
1785	0.37141969948894
1786	0.371441446316277
1787	0.371457595530152
1788	0.371453536634311
1789	0.371483789463594
1790	0.371493637340733
1791	0.371467791620294
1792	0.371413100516876
1793	0.371436755916456
1794	0.371495385210406
1795	0.371579253120746
1796	0.37169996610996
1797	0.371700757739608
1798	0.371734153270764
1799	0.371797186072118
1800	0.371825834315683
1801	0.371971705631005
1802	0.372071371669401
1803	0.372095691217936
1804	0.372111664634315
1805	0.372238288954321
1806	0.372271890276116
1807	0.372308129618406
1808	0.37244937739241
1809	0.372472309228618
1810	0.372530286048596
1811	0.372632722592245
1812	0.372618095961677
1813	0.372566496956936
1814	0.372524488160903
1815	0.372588414090999
1816	0.372718559321784
1817	0.372812039429746
1818	0.372936709389453
1819	0.3729444729386
1820	0.372991918368815
1821	0.373146804947298
1822	0.373253625241605
1823	0.373308662831007
1824	0.373373872107238
1825	0.373481252371158
1826	0.373530181246868
1827	0.373533311559311
1828	0.373618001044237
1829	0.373557997425923
1830	0.373597313697552
1831	0.373295745444735
1832	0.373399763048514
1833	0.37357423699167
1834	0.373579441572016
1835	0.373499903714799
1836	0.373506293025076
1837	0.37353813836345
1838	0.373597306245117
1839	0.373731606229103
1840	0.373993180804066
1841	0.374106473435902
1842	0.374112074330747
1843	0.374018897357008
1844	0.373805116849159
1845	0.373882735465913
1846	0.374138982258412
1847	0.374193356497531
1848	0.374214591382205
1849	0.374458439521984
1850	0.374415090161346
1851	0.37419069574218
1852	0.374259822599792
1853	0.374264144938162
1854	0.374332575810042
1855	0.374552339190102
1856	0.374570172314692
1857	0.374551489799524
1858	0.374446550926082
1859	0.3743177513256
1860	0.374120226174306
1861	0.374003534445848
1862	0.374121957989819
1863	0.374055574471642
1864	0.373914267313879
1865	0.373736431053832
1866	0.373421923884553
1867	0.373202028795429
1868	0.372872293697495
1869	0.372763785774747
1870	0.372724775665117
1871	0.37264932807259
1872	0.372489600664789
1873	0.372353494929869
1874	0.372125281379417
1875	0.371794062293524
1876	0.371432269113507
1877	0.370987449822432
1878	0.370499797283527
1879	0.370215320623079
1880	0.369754973545504
1881	0.369205587792325
1882	0.36865806437956
1883	0.368083276067516
1884	0.367342583465923
1885	0.366677374993756
1886	0.366101727365682
1887	0.365376879730594
1888	0.36472587012773
1889	0.363936123636352
1890	0.363075698339775
1891	0.362204736603661
1892	0.361225353344851
1893	0.360035798201552
1894	0.358907929860397
1895	0.357627160492948
1896	0.356524972087574
1897	0.35545700984846
1898	0.354499521851629
1899	0.353553736359481
1900	0.3527420929276
1901	0.351907781539624
1902	0.351029171494433
1903	0.350306724378884
1904	0.349732409450347
1905	0.349151453655093
1906	0.348580917253478
1907	0.348126554533849
1908	0.347737357788121
1909	0.347515251477446
1910	0.347256736069749
1911	0.34702485913894
1912	0.346867597127264
1913	0.346754823575765
1914	0.346668183772265
1915	0.346684667386603
1916	0.346708006777316
1917	0.346765752261221
1918	0.346844057329097
1919	0.347056154446403
1920	0.347447145882872
1921	0.347718460260766
1922	0.348107789560455
1923	0.348348444991805
1924	0.348425801573583
1925	0.348646469251799
1926	0.348891002587751
1927	0.349141546261561
1928	0.34942098391997
1929	0.349804916020108
1930	0.350074539519675
1931	0.350294827680226
1932	0.350601593856214
1933	0.350980733838898
1934	0.351305289486847
1935	0.351580238155931
1936	0.351922513643319
1937	0.352290032292886
1938	0.352612184633083
1939	0.352914957900721
1940	0.353263375631994
1941	0.353517288646334
1942	0.35375362726038
1943	0.353930111741132
1944	0.354067713460635
1945	0.354187640999748
1946	0.354210212281593
1947	0.354294403622632
1948	0.354484990619877
1949	0.354600896280911
1950	0.354735866242467
1951	0.35491387093255
1952	0.355087630490839
1953	0.355248586212223
1954	0.355459211598971
1955	0.355794637916688
1956	0.356031600476798
1957	0.356165106288781
1958	0.356381092452766
1959	0.356554564980926
1960	0.356791509815705
1961	0.357037455343438
1962	0.357333189147025
1963	0.357590932707106
1964	0.357850005620469
1965	0.358062449297475
1966	0.358251624396253
1967	0.358449813209631
1968	0.358589191735239
1969	0.358705854926364
1970	0.358877941989347
1971	0.358983022828792
1972	0.359161475899615
1973	0.359392673299969
1974	0.359594202217076
1975	0.359712856322651
1976	0.359976640023024
1977	0.360318218571805
1978	0.360556334665021
1979	0.36084461372378
1980	0.36109141448523
1981	0.361271300273199
1982	0.361344926817574
1983	0.361461862029623
1984	0.361685580272736
1985	0.361899664323898
1986	0.362029658470367
1987	0.362293841226096
1988	0.362721423607375
1989	0.363075442685546
1990	0.363468915117249
1991	0.363805403297055
1992	0.364142353625074
1993	0.364504908397884
1994	0.364885027242086
1995	0.365200994690467
1996	0.365613982166206
1997	0.366131868299011
1998	0.3665812132163
1999	0.367074310777612
2000	0.367496368349702
2001	0.367987730729772
2002	0.368353126684827
2003	0.36862271827949
2004	0.368888100523586
2005	0.36906222908485
2006	0.369292299786973
2007	0.369635800390938
2008	0.370200204705943
2009	0.370563537621187
2010	0.370939593853995
2011	0.371315054511458
2012	0.371701484877652
2013	0.372067279272851
2014	0.372544923124697
2015	0.372944320246115
2016	0.373303554265309
2017	0.373645602641394
2018	0.373950789419962
2019	0.374276018217427
2020	0.374635032583531
2021	0.375043901413466
2022	0.37541562968558
2023	0.375714041386758
2024	0.376091084001493
2025	0.376496133803873
2026	0.376897552500231
2027	0.37738191748689
2028	0.377787193843632
2029	0.378154276532762
2030	0.37863668439912
2031	0.379039108832014
2032	0.379492177053277
2033	0.379836264120757
2034	0.380050498059258
2035	0.380391712180517
2036	0.380709385752426
2037	0.381066432047913
2038	0.38148670321777
2039	0.381821922046539
2040	0.382129119923979
2041	0.382342865538176
2042	0.38256064689707
2043	0.382765917253686
2044	0.382998258162529
2045	0.383286382774417
2046	0.383557325487799
2047	0.383819743113803
2048	0.384035231459581
2049	0.384010118343316
2050	0.384195596423477
2051	0.384369545696569
2052	0.384649355417632
2053	0.38501705563256
2054	0.385297581518183
2055	0.385515889699384
2056	0.385682534487291
2057	0.385799174404664
2058	0.38606501507232
2059	0.386323320551187
2060	0.386655106030331
2061	0.386878555212303
2062	0.38705620815317
2063	0.387261408811403
2064	0.387463739405475
2065	0.387700006716536
2066	0.387870080508369
2067	0.388113558008441
2068	0.388224852207876
2069	0.388218050320711
2070	0.388345148142027
2071	0.388497517711227
2072	0.388648366305172
2073	0.388821100756902
2074	0.388941232036848
2075	0.388984324396099
2076	0.389085671103175
2077	0.389297708758557
2078	0.389417188311851
2079	0.389591706734367
2080	0.389613916316238
2081	0.389572298075545
2082	0.389477636895553
2083	0.389529787641161
2084	0.389670731192034
2085	0.389835793773843
2086	0.390119123425536
2087	0.390253347964786
2088	0.39028350926976
2089	0.390380872343052
2090	0.390438844532222
2091	0.390563105252957
2092	0.390681035188996
2093	0.390843431518359
2094	0.390938384302725
2095	0.390955624440467
2096	0.391126035236641
2097	0.391313454793873
2098	0.39167173812608
2099	0.391940523626014
2100	0.392104381680683
2101	0.392248797971917
2102	0.392354430072029
2103	0.392382721883677
2104	0.392371578909541
2105	0.392231279772749
2106	0.392278069098201
2107	0.392392622431566
2108	0.392438586824674
2109	0.392662207810603
2110	0.392935493104089
2111	0.392938011774925
2112	0.39289877720513
2113	0.392945023002682
2114	0.392793634251378
2115	0.3927947102321
2116	0.392909845875399
2117	0.392812619611317
2118	0.392580428422113
2119	0.392521648196256
2120	0.392504058506665
2121	0.392504650731046
2122	0.392713316399227
2123	0.392804557463239
2124	0.392712989217925
2125	0.392617902024879
2126	0.392528434597955
2127	0.392344790516904
2128	0.392186208359407
2129	0.391924397556348
2130	0.391578909119168
2131	0.39132869375232
2132	0.39106958351749
2133	0.39081683764318
2134	0.390584387031047
2135	0.39055717617537
2136	0.390344531929363
2137	0.389984450122639
2138	0.389729512847673
2139	0.389463631637793
2140	0.388975484313435
2141	0.388717344484536
2142	0.388643739146041
2143	0.388335704605719
2144	0.38802202910554
2145	0.387730311658645
2146	0.387380618942597
2147	0.387046711712268
2148	0.386833549379968
2149	0.38652760572224
2150	0.386121262311404
2151	0.385854421947922
2152	0.385632840205421
2153	0.385413292129465
2154	0.385322341467287
2155	0.385217214358682
2156	0.384912984850274
2157	0.384578343956391
2158	0.384096476553999
2159	0.383569706856839
2160	0.383330910894431
2161	0.383178645409752
2162	0.383074780024417
2163	0.382804673210327
2164	0.38242041548038
2165	0.381701614247376
2166	0.381314992420357
2167	0.381022601384747
2168	0.380652634267275
2169	0.380420611230637
2170	0.38001789423543
2171	0.379391679518748
2172	0.378951431176941
2173	0.378575621766834
2174	0.378145287826478
2175	0.377869853787412
2176	0.37739931485355
2177	0.376799123362863
2178	0.376236183477439
2179	0.375580428710153
2180	0.374959870629315
2181	0.374385513728289
2182	0.373867475081341
2183	0.373415161947687
2184	0.373115460726787
2185	0.372557181423751
2186	0.37193216971962
2187	0.371306123294904
2188	0.370447606859453
2189	0.369811622968186
2190	0.369273123255076
2191	0.368877507920522
2192	0.368320467196881
2193	0.367739137806527
2194	0.367220811681475
2195	0.366898350207057
2196	0.366508651420783
2197	0.366003139896755
2198	0.365446578916037
2199	0.364850375974127
2200	0.364367487246951
2201	0.364066627705059
2202	0.363647732221262
2203	0.363131785826438
2204	0.362728603619391
2205	0.362307393513945
2206	0.361917387177204
2207	0.361514386307694
2208	0.361269377858797
2209	0.361059207943161
2210	0.360967885730337
2211	0.36102938995609
2212	0.361151989952274
2213	0.361149767418395
2214	0.361031421299195
2215	0.361047186724553
2216	0.361144688084106
2217	0.361229136125725
2218	0.361415794701876
2219	0.361703786282075
2220	0.361977742016636
2221	0.36229082912552
2222	0.362593198495028
2223	0.362766773255393
2224	0.362717826223612
2225	0.362918746842704
2226	0.36318725933658
2227	0.363382447641685
2228	0.363650183091523
2229	0.363927181600457
2230	0.364255180346444
2231	0.364382230279624
2232	0.364777055570884
2233	0.36527060666044
2234	0.365700753843224
2235	0.366163198999504
2236	0.366474082315126
2237	0.366668252231683
2238	0.366928314596468
2239	0.367364280438215
2240	0.367943319502047
2241	0.368565955881034
2242	0.369118417837865
2243	0.369652986680505
2244	0.370329449869931
2245	0.371120773992327
2246	0.371800676948421
2247	0.372469592952418
2248	0.373131812241635
2249	0.373659504185168
2250	0.374280768789361
2251	0.375165634832582
2252	0.375796763842636
2253	0.376292638325081
2254	0.376893052828676
2255	0.377476100385764
2256	0.37818982831274
2257	0.378858684920687
2258	0.379353798260506
2259	0.379924875115632
2260	0.380090465735509
2261	0.380152483391677
2262	0.38073991115366
2263	0.381238508932886
2264	0.381772418286047
2265	0.382213550266106
2266	0.382351168649107
2267	0.382597354863563
2268	0.382625477654956
2269	0.382553039780888
2270	0.382415001153268
2271	0.382389678523135
2272	0.382172688691442
2273	0.381915389204393
2274	0.381795763829233
2275	0.381528722501127
2276	0.38103268653902
2277	0.380570532736413
2278	0.380238526700528
2279	0.379790523383403
2280	0.379102079595861
2281	0.378579516812073
2282	0.378127714519799
2283	0.377661795895316
2284	0.377069690610106
2285	0.376493804815974
2286	0.375850905052438
2287	0.375049451227032
2288	0.37442626612539
2289	0.373859041665565
2290	0.373195995799544
2291	0.372622936079827
2292	0.372079321484547
2293	0.371556452083132
2294	0.37092068166783
2295	0.370164129531626
2296	0.369621275486362
2297	0.369031667554141
2298	0.368604240053488
2299	0.36857073758379
2300	0.368126359316235
2301	0.367506134530094
2302	0.366936203408368
2303	0.36609856575336
2304	0.365627187952537
2305	0.365609278267407
2306	0.365166808141383
2307	0.364717215501647
2308	0.364163486575629
2309	0.363251708722498
2310	0.362399999483993
2311	0.361547132196449
2312	0.360503817226109
2313	0.359483566701452
2314	0.358547929571668
2315	0.357637383112397
2316	0.356881974922898
2317	0.356028722611081
2318	0.355108718025548
2319	0.354408848074727
2320	0.353793007627565
2321	0.353085147009439
2322	0.352549824605835
2323	0.352222944691441
2324	0.351891153883214
2325	0.351513340708699
2326	0.351270547343872
2327	0.351104550963251
2328	0.350950358849098
2329	0.350922017911097
2330	0.351134833949402
2331	0.351445212493306
2332	0.351860016482647
2333	0.352315681772601
2334	0.352995569612893
2335	0.353340518298537
2336	0.353455120691552
2337	0.353705776646634
2338	0.35386689306188
2339	0.354286649354751
2340	0.354866610287917
2341	0.355374248396476
2342	0.356031385813768
2343	0.356548916158374
2344	0.356914194845586
2345	0.357297620483403
2346	0.35776270372169
2347	0.357781970679661
2348	0.358100785060685
2349	0.358616958869612
2350	0.359341789797237
2351	0.360040730967359
2352	0.360009869592735
2353	0.359636867303956
2354	0.358691284310555
2355	0.357717682947422
2356	0.357456940658697
2357	0.357032421179268
2358	0.356771586366703
2359	0.356563108342701
2360	0.356172881144946
2361	0.355850427168376
2362	0.355645297456962
2363	0.35502123442818
2364	0.354285911350762
2365	0.353822211801585
2366	0.353298068180411
2367	0.35281136527288
2368	0.352208721401909
2369	0.351416495405544
2370	0.350899880056894
2371	0.350517936373035
2372	0.349850617345245
2373	0.349359554068638
2374	0.348605142520882
2375	0.347296087508256
2376	0.346477754183374
2377	0.346016172159148
2378	0.345281106082919
2379	0.344731784454099
2380	0.343934337452946
2381	0.342852103004508
2382	0.342134392133875
2383	0.341747049661441
2384	0.341065620622695
2385	0.340450278137683
2386	0.339856835812
2387	0.338790407609871
2388	0.338156427501847
2389	0.337877094301744
2390	0.337412042445633
2391	0.337021365583442
2392	0.336494444123309
2393	0.335786112754864
2394	0.335273638614633
2395	0.334995467364444
2396	0.334738911283029
2397	0.334509495266113
2398	0.334328032369963
2399	0.334105095807684
2400	0.333841076839286
2401	0.334008939099636
2402	0.334038765849819
2403	0.333910897992725
2404	0.334054489622757
2405	0.333787001463552
2406	0.333806345821099
2407	0.334129990947811
2408	0.333937698661802
2409	0.333356360992727
2410	0.332820779030436
2411	0.332446240743294
2412	0.332255808129021
2413	0.332486458574425
2414	0.332588882436235
2415	0.332724006104758
2416	0.332834214691709
2417	0.332368332241218
2418	0.332113439797783
2419	0.332144932538296
2420	0.332020425934425
2421	0.331856231902145
2422	0.33215761169799
2423	0.332207167257573
2424	0.331981162364618
2425	0.332129564242688
2426	0.332794406865128
2427	0.33301308375247
2428	0.33323228624024
2429	0.333263785397741
2430	0.333229179458706
2431	0.333065674506446
2432	0.332698665508106
2433	0.332365111765606
2434	0.331610535631083
2435	0.331232471160351
2436	0.330985016475292
2437	0.330732803346095
2438	0.330867698265477
2439	0.330612137960138
2440	0.330158084064707
2441	0.329859433953348
2442	0.329497776377228
2443	0.329436295000715
2444	0.32970174502506
2445	0.329605499265246
2446	0.329505111760073
2447	0.329371758382865
2448	0.328738610833068
2449	0.328598488810027
2450	0.328840104847157
2451	0.328771984181989
2452	0.328459330399229
2453	0.328613406222091
2454	0.328871009738351
2455	0.328917184949376
2456	0.329318415864443
2457	0.329523819231268
2458	0.329142788644565
2459	0.32868512669061
2460	0.327944164923581
2461	0.327353756329497
2462	0.326119915783507
2463	0.325789973956417
2464	0.326301614043256
2465	0.326170266941658
2466	0.326326474875498
2467	0.325983013972276
2468	0.325179376183241
2469	0.324610168122252
2470	0.323583532523991
2471	0.323033640013322
2472	0.322763092275616
2473	0.322235244475094
2474	0.321793799335538
2475	0.321546007721062
2476	0.321203545048832
2477	0.320760303605303
2478	0.320502607664114
2479	0.320269763530635
2480	0.319888331308595
2481	0.319444665582222
2482	0.318917673915174
2483	0.31862348252929
2484	0.31815244383367
2485	0.317729717247779
2486	0.317493543656856
2487	0.317243846173002
2488	0.317189542654008
2489	0.316759341371775
2490	0.31668893473808
2491	0.316148567147563
2492	0.314847608514057
2493	0.314174095389263
2494	0.313601188625158
2495	0.313039630801337
2496	0.312615828801231
2497	0.312312095492465
2498	0.312605035032613
2499	0.312123888229164
2500	0.311525398230601
