350	0.276275576758227
351	0.264557124990804
352	0.260381807463837
353	0.247955374917054
354	0.24874462466701
355	0.249998133339307
356	0.267948050081733
357	0.261617900172117
358	0.259989590987019
359	0.268283948717342
360	0.264181546479744
361	0.258127285715809
362	0.25448685478184
363	0.259000030360141
364	0.251827298226852
365	0.244988927189466
366	0.240359902474845
367	0.23786147822123
368	0.239072609701701
369	0.242314538872332
370	0.236080910988512
371	0.24484965139797
372	0.242328278395029
373	0.237186013204975
374	0.238301166908423
375	0.236556473193688
376	0.234888763685219
377	0.239667174023338
378	0.237765028359097
379	0.233183584340967
380	0.235760745308963
381	0.236304621538904
382	0.234543847668019
383	0.232692706274627
384	0.231358600339768
385	0.230706293253994
386	0.225799320519384
387	0.223547285322362
388	0.230689705368292
389	0.231545759518614
390	0.227494195191371
391	0.229108804711357
392	0.228827358687167
393	0.229997107810613
394	0.227796485885242
395	0.227208457906844
396	0.22334324372579
397	0.225881132419653
398	0.226733132205441
399	0.225543995343579
400	0.22739180206646
401	0.227774259185146
402	0.226668490462094
403	0.225354271226407
404	0.224278002691225
405	0.22543072205497
406	0.225144871216907
407	0.223221153024424
408	0.220660070855176
409	0.221118025418401
410	0.221762342476586
411	0.218659584907404
412	0.217369384724425
413	0.217255115961801
414	0.217295928245053
415	0.218762417327778
416	0.218153133544446
417	0.217026447268383
418	0.21724154653365
419	0.215067087975969
420	0.214841807060818
421	0.214733153249422
422	0.215870339460446
423	0.216216599926332
424	0.214759263079701
425	0.213623756414392
426	0.212748775333002
427	0.213014074429073
428	0.214260538085095
429	0.213779602038535
430	0.213499545417529
431	0.213792843806584
432	0.21313622242825
433	0.213334733368018
434	0.213659058300842
435	0.213297947416432
436	0.213977710388597
437	0.214366043923928
438	0.214856180412287
439	0.21534713512968
440	0.215157042394593
441	0.215515264062908
442	0.216008346625841
443	0.215972625009138
444	0.21660429650113
445	0.217082161721658
446	0.216816371269934
447	0.217053018650359
448	0.217886502674903
449	0.218400162450389
450	0.218497766898077
451	0.218035314269394
452	0.219275556022641
453	0.219532716348989
454	0.219474514397022
455	0.22014044557714
456	0.220061251582702
457	0.220244333739211
458	0.220447913705134
459	0.220550387630528
460	0.22149956932169
461	0.222053644153796
462	0.221812144718121
463	0.221770215161134
464	0.221819948062199
465	0.221924054330467
466	0.22286527706848
467	0.223109503178618
468	0.223122774079011
469	0.223040516228693
470	0.223489536477366
471	0.223908513249282
472	0.223931698634467
473	0.224346555098317
474	0.224809310570008
475	0.224589809028473
476	0.224940177573765
477	0.22477798223544
478	0.225167226886578
479	0.225624786742533
480	0.225903931870935
481	0.225716897046718
482	0.226070103126429
483	0.226314869936254
484	0.226773200520029
485	0.227457006611313
486	0.227655558249619
487	0.227849713543012
488	0.227791549748709
489	0.227797759344549
490	0.228389764953808
491	0.228899020647849
492	0.229142225017985
493	0.229660253288027
494	0.229851408478968
495	0.230338494568307
496	0.230643167389044
497	0.231142411515989
498	0.231410764128532
499	0.232290388435721
500	0.232903710687037
501	0.233371229825524
502	0.234006362737521
503	0.234591472583544
504	0.235046068374488
505	0.235570451302989
506	0.236247499627043
507	0.237014743761151
508	0.237455681506848
509	0.237918958422873
510	0.238767418155454
511	0.239657765710342
512	0.240300483216397
513	0.240680571438384
514	0.241435908649873
515	0.241890494235055
516	0.242431129169647
517	0.242995168485067
518	0.243607515696755
519	0.244509965778489
520	0.245252383562809
521	0.245841178938437
522	0.246400130972011
523	0.246934733379476
524	0.247697655909438
525	0.248190701939134
526	0.248818503075555
527	0.249597223751097
528	0.250110029391934
529	0.250555959684871
530	0.251231126089048
531	0.251751104806259
532	0.252374789322927
533	0.253035991611693
534	0.253708288031237
535	0.254357223121421
536	0.254981541610538
537	0.255698684974825
538	0.256150840761417
539	0.256596501651444
540	0.257291985981706
541	0.258053977546291
542	0.258477650032146
543	0.25891623638614
544	0.259617865322442
545	0.260146795395638
546	0.260705004597326
547	0.261295354545813
548	0.261980635142844
549	0.262725954973072
550	0.263463427605864
551	0.263874597476493
552	0.264415137764792
553	0.265154213907393
554	0.2658719690636
555	0.266466097769405
556	0.26722412488893
557	0.267888694789122
558	0.268490595798528
559	0.269331668594822
560	0.269960431030439
561	0.270524642975605
562	0.271302476542187
563	0.272113367247801
564	0.272857013493779
565	0.273588599396371
566	0.274442600610532
567	0.275203564191001
568	0.275927679372369
569	0.276598434464509
570	0.277474982079939
571	0.278205287556816
572	0.278821149766666
573	0.279466049440519
574	0.280293224087539
575	0.280937600908346
576	0.281485981104222
577	0.282340584741967
578	0.283007509108036
579	0.283571917821198
580	0.28421614509132
581	0.284880926880774
582	0.285519024917576
583	0.286080648651586
584	0.286677528469742
585	0.287288578074373
586	0.28788570573705
587	0.28854697018085
588	0.289095832517296
589	0.289615228613364
590	0.290171147275425
591	0.290639309514771
592	0.291127812913414
593	0.291605371671461
594	0.292037480876608
595	0.292522742727154
596	0.293035678945896
597	0.293508303592389
598	0.293879419516607
599	0.294219596544067
600	0.294542649449008
601	0.294934450444016
602	0.295353135952856
603	0.295760215220024
604	0.296127727981656
605	0.296371567824327
606	0.296691482059298
607	0.29700225247707
608	0.297320195395747
609	0.297652610653076
610	0.297974627537908
611	0.298193535542376
612	0.298468556821373
613	0.298747654448905
614	0.299107908717961
615	0.299349331977424
616	0.299578467901154
617	0.29978621746833
618	0.299961249800843
619	0.300113328458777
620	0.300354431571559
621	0.30058787288588
622	0.300851060044682
623	0.301100601873755
624	0.301274196520673
625	0.30153276578441
626	0.301803267999373
627	0.301993870499001
628	0.30208709764499
629	0.302248624170626
630	0.302523482497443
631	0.302734676307799
632	0.302880840265003
633	0.303032657304005
634	0.303182463603253
635	0.303268341747537
636	0.303418876604555
637	0.303687159138034
638	0.303853661113984
639	0.303999951550826
640	0.304153488599952
641	0.304244211273826
642	0.304433513330009
643	0.304501041161726
644	0.304518496940943
645	0.304657414056779
646	0.304848592859762
647	0.305038595097541
648	0.305087926215904
649	0.305262427759908
650	0.305333906577827
651	0.305448879959199
652	0.305586434129421
653	0.305619550106922
654	0.305668114049687
655	0.305851352279406
656	0.305931604129718
657	0.305977982826126
658	0.306129876327538
659	0.30628033452364
660	0.306401397345787
661	0.306437400525344
662	0.30648189626182
663	0.306644618529328
664	0.306765557514383
665	0.306863911696247
666	0.306937590377926
667	0.307032351805865
668	0.307167517983481
669	0.307226603376981
670	0.307263137728578
671	0.307427093612887
672	0.307523247718357
673	0.30759843745545
674	0.307743737512379
675	0.307827260871154
676	0.307915239880818
677	0.307944288967108
678	0.308019443457464
679	0.308103939027293
680	0.308184553203559
681	0.308293789392701
682	0.308360131831817
683	0.308450596760683
684	0.308581467520269
685	0.308609460482257
686	0.308688316894907
687	0.308804983404984
688	0.308803192882636
689	0.308867828257255
690	0.308964680208909
691	0.309049125793816
692	0.309028172675791
693	0.309127003022037
694	0.309409933644377
695	0.309775683568776
696	0.310276258005722
697	0.310526573809417
698	0.310404385075592
699	0.309989227035728
700	0.309719800051481
701	0.309661405145763
702	0.30976820706121
703	0.309819313873687
704	0.309818381386848
705	0.309885174683592
706	0.310044012823609
707	0.309969764594195
708	0.310015758788346
709	0.31012190203188
710	0.31022167807424
711	0.310248361841435
712	0.310266213359483
713	0.310335405535829
714	0.310385699915239
715	0.310447470322385
716	0.310464424027659
717	0.31047320997721
718	0.310574760171267
719	0.310633074668813
720	0.310655255618408
721	0.310714570172545
722	0.31079692075774
723	0.310778451763852
724	0.310731702467796
725	0.310827425190252
726	0.310931908220426
727	0.310935944537396
728	0.310890024975488
729	0.310982726548012
730	0.311022008904134
731	0.311068465811964
732	0.311042637667583
733	0.311098923474952
734	0.311178900169148
735	0.311194404508637
736	0.311154419313122
737	0.311203168646798
738	0.311273494854883
739	0.311271719531018
740	0.311298182804715
741	0.31133063601222
742	0.311460172014813
743	0.311522532793901
744	0.311466586990976
745	0.311484280686903
746	0.311562921841653
747	0.31158733383468
748	0.311604546394302
749	0.311643944484603
750	0.311703347633692
751	0.311751058665604
752	0.311721129155265
753	0.311708257696185
754	0.311756067342946
755	0.311819192965546
756	0.311896655188456
757	0.311920712051742
758	0.311904478636883
759	0.311966839880265
760	0.311996482397488
761	0.312031276530904
762	0.312026801386408
763	0.312054935384738
764	0.312123594141487
765	0.312195548411721
766	0.312212692133942
767	0.312252576600184
768	0.312346300154489
769	0.31243208800267
770	0.312495714934609
771	0.31246569745787
772	0.312492998052367
773	0.312578117799047
774	0.312648584522612
775	0.312652556782899
776	0.312656625642631
777	0.312677830636616
778	0.312766182961331
779	0.31286568772031
780	0.3129034279413
781	0.312897848437417
782	0.312947451946527
783	0.313018539608347
784	0.313064376716631
785	0.3130771558343
786	0.313064201587124
787	0.3131550830933
788	0.313203141353095
789	0.313236687782259
790	0.313242941672789
791	0.313272648071482
792	0.313315035201704
793	0.313375592126596
794	0.313370989849537
795	0.313329226891014
796	0.313376092429005
797	0.313422279590792
798	0.313459771333475
799	0.31347179890171
800	0.313472439910216
801	0.31345255402688
802	0.313506777677072
803	0.313554426160336
804	0.313556310032047
805	0.313487098931612
806	0.313471796828634
807	0.313511454425122
808	0.313475161399686
809	0.313437938888983
810	0.313457656374234
811	0.313453053621719
812	0.313481169841744
813	0.313504132181287
814	0.313429717934235
815	0.31337631865293
816	0.31337353656517
817	0.313341069846979
818	0.313345306923011
819	0.313340941476579
820	0.313303990994899
821	0.313274662988521
822	0.313284154775013
823	0.31324325907042
824	0.313166862825425
825	0.313136104335847
826	0.313113413967286
827	0.313089790660951
828	0.313000073525615
829	0.312954013717855
830	0.312957542615513
831	0.312933577055019
832	0.312841967122527
833	0.312777279649008
834	0.31277088913615
835	0.312712271735689
836	0.312586451130384
837	0.312564535072398
838	0.312553080671659
839	0.312460770657628
840	0.312350109842675
841	0.312265860624539
842	0.312213485862845
843	0.312145786701214
844	0.312086623237894
845	0.312033249701456
846	0.31196805872559
847	0.311862185036299
848	0.311779544330986
849	0.311715868842262
850	0.311632228937595
851	0.311594776658855
852	0.31148585934797
853	0.311390594180427
854	0.311323774335235
855	0.311208659652583
856	0.311167441600545
857	0.311123531151408
858	0.311085460325453
859	0.310945383878178
860	0.310839666261947
861	0.3107635721693
862	0.310668310754504
863	0.310589677319908
864	0.310521899882296
865	0.310364149969365
866	0.310273533759103
867	0.31025247490878
868	0.310243019142672
869	0.31012148438805
870	0.309971638653561
871	0.309928311187908
872	0.309870990298524
873	0.309699607549024
874	0.3095318862985
875	0.309475699349146
876	0.309412891053202
877	0.309310577877201
878	0.309206992534822
879	0.309126021453941
880	0.309026508327265
881	0.3089744915165
882	0.30890560466083
883	0.308850034964635
884	0.308737301713114
885	0.308626032298288
886	0.308541090643178
887	0.308377524408945
888	0.308347573100996
889	0.308231879164199
890	0.308181376784304
891	0.308077582417116
892	0.307971549356244
893	0.30793724194159
894	0.307875972030049
895	0.307775976646669
896	0.307675098676782
897	0.307569261529726
898	0.307478059754494
899	0.307373541354624
900	0.307398031684383
901	0.307288895136727
902	0.307107351003889
903	0.307049746507121
904	0.306944321829786
905	0.306955572945114
906	0.306948799898338
907	0.30687373388522
908	0.306719794452988
909	0.306535565503081
910	0.306540755984561
911	0.306540981969632
912	0.3064273156949
913	0.306396968923538
914	0.306298291509301
915	0.306180911242084
916	0.306193039609147
917	0.306161659971049
918	0.306074498302398
919	0.306025474056112
920	0.305906466888721
921	0.305866379605449
922	0.30589432808137
923	0.305778938839381
924	0.305633906892228
925	0.305683936858699
926	0.305700040662522
927	0.305627266718684
928	0.305514761509707
929	0.305539960453563
930	0.305467674036138
931	0.305403557792261
932	0.305421474606314
933	0.3054016842781
934	0.305368323133966
935	0.305427965821945
936	0.30539484975583
937	0.305187365859838
938	0.305241426827837
939	0.30534557040112
940	0.305194081100271
941	0.304994263556427
942	0.304983163152845
943	0.304971782615525
944	0.304936394226713
945	0.304878955014565
946	0.304818368167846
947	0.304786158114436
948	0.304812821235515
949	0.304781638582829
950	0.304665795170124
951	0.304625612949883
952	0.304601628216322
953	0.304776682756626
954	0.304877376765384
955	0.304755596481526
956	0.304767805931874
957	0.304633012910889
958	0.304736214460332
959	0.304761098477459
960	0.304692669442848
961	0.30476058125564
962	0.304727861060143
963	0.304676534872678
964	0.304768563108151
965	0.304816288474436
966	0.304859238766985
967	0.304868580869737
968	0.304925658951624
969	0.304841842026076
970	0.304698214199689
971	0.304735858291275
972	0.305065650972407
973	0.305043447372202
974	0.305049256666018
975	0.305124418416486
976	0.30506731797478
977	0.304896379592354
978	0.30494877026093
979	0.305198386254358
980	0.305088118647961
981	0.305047691432777
982	0.305100326715179
983	0.305084664806676
984	0.305085335445994
985	0.3049320191071
986	0.304907370158023
987	0.305224542801792
988	0.305143786804804
989	0.305231001403199
990	0.305220091296045
991	0.305100224920332
992	0.305292637848008
993	0.305497501627091
994	0.305384454429466
995	0.305153359364918
996	0.305492518163195
997	0.30554735491353
998	0.305434118643992
999	0.305456947754665
1000	0.305652764224993
1001	0.305075810945463
1002	0.305262808773416
1003	0.305245429586656
1004	0.305207126602841
1005	0.305135513452421
1006	0.305074748983711
1007	0.305129896556868
1008	0.30525140328977
1009	0.305304752515685
1010	0.305222960364332
1011	0.30527582048544
1012	0.305356305941733
1013	0.305250555136942
1014	0.305473484467761
1015	0.305549057210859
1016	0.30548013024442
1017	0.305284643820791
1018	0.305334934174094
1019	0.305134080556942
1020	0.305184647388483
1021	0.305246970906498
1022	0.305261471076453
1023	0.305213599535384
1024	0.305159342941026
1025	0.305116193924755
1026	0.305063181064703
1027	0.304949854688696
1028	0.304974901257805
1029	0.304966311116937
1030	0.305029239195269
1031	0.305095463493794
1032	0.305022120661929
1033	0.305087579145154
1034	0.30497879700291
1035	0.304906240889346
1036	0.304908353583211
1037	0.304805379117508
1038	0.304797073985259
1039	0.30479881876713
1040	0.304775217554252
1041	0.304706455343876
1042	0.30465878735747
1043	0.304692336639787
1044	0.304725062812956
1045	0.304714240100005
1046	0.304806634339927
1047	0.304731051684588
1048	0.304686577747061
1049	0.304676672360301
1050	0.304662382607563
1051	0.30466141658951
1052	0.304676492936703
1053	0.304791137683715
1054	0.30480542759899
1055	0.304946768804372
1056	0.304976633569875
1057	0.304887762867292
1058	0.304824071464338
1059	0.304732949853003
1060	0.304731599271282
1061	0.304689901143189
1062	0.304715239262066
1063	0.304654218867983
1064	0.304582776929715
1065	0.304620459042128
1066	0.304649657814941
1067	0.304701789245495
1068	0.304858878103191
1069	0.304836595254019
1070	0.304769591460882
1071	0.304728053062028
1072	0.304664172176058
1073	0.304632149738115
1074	0.30450022074037
1075	0.304532336673204
1076	0.304494723317169
1077	0.304470582601699
1078	0.304480138224825
1079	0.304528421122741
1080	0.304551142133151
1081	0.304550236758271
1082	0.304579132984041
1083	0.30454830097737
1084	0.304560458414895
1085	0.304619858448766
1086	0.304525653987989
1087	0.304572327511611
1088	0.304551247586492
1089	0.304644043037715
1090	0.304631144563516
1091	0.304569527888921
1092	0.30452432361672
1093	0.304572425824114
1094	0.304562957409831
1095	0.30456122333175
1096	0.304565766516037
1097	0.304585049132456
1098	0.30455181472762
1099	0.304567641221871
1100	0.304530030128485
1101	0.304564492998971
1102	0.304612365611495
1103	0.304561947793765
1104	0.304642034929969
1105	0.304706505966063
1106	0.30466765751342
1107	0.304698089891271
1108	0.304684649947916
1109	0.304721305544308
1110	0.304721573458475
1111	0.304704341850361
1112	0.30474783806517
1113	0.304848495352859
1114	0.304896127267604
1115	0.304889394258774
1116	0.30487158208777
1117	0.304862795324986
1118	0.304918103616941
1119	0.305002131782587
1120	0.304964991974202
1121	0.305026026728536
1122	0.305003160962617
1123	0.30498737045716
1124	0.3050426943192
1125	0.305049294439102
1126	0.305027823865697
1127	0.305079645611534
1128	0.305118134502833
1129	0.30518699153689
1130	0.305220863428709
1131	0.30530504449636
1132	0.30531981212471
1133	0.3053243282626
1134	0.30537639085019
1135	0.305361217383247
1136	0.30540646925877
1137	0.305429616990978
1138	0.305557497218037
1139	0.305601201936742
1140	0.305572389578064
1141	0.305625148971106
1142	0.305688649109333
1143	0.30574101963368
1144	0.305837548166314
1145	0.305943114324354
1146	0.305963667952277
1147	0.305971126058758
1148	0.306087752202038
1149	0.306115565675537
1150	0.306174041549965
1151	0.306287242552563
1152	0.306236234686748
1153	0.306306774920518
1154	0.3063688167593
1155	0.30640571524881
1156	0.306524496000123
1157	0.306588436124366
1158	0.306679665431525
1159	0.306758141239007
1160	0.306857449001127
1161	0.30695363997596
1162	0.307047127345066
1163	0.307204041051773
1164	0.3073299584751
1165	0.307396778132543
1166	0.307519361149987
1167	0.307552727634275
1168	0.307616761800993
1169	0.307682289032416
1170	0.307753806214681
1171	0.307871216755506
1172	0.308017253227296
1173	0.308108643830359
1174	0.308211229462171
1175	0.308293055039849
1176	0.308371825191259
1177	0.308484724276691
1178	0.308658644779158
1179	0.308763751685761
1180	0.308860079401701
1181	0.308986304246726
1182	0.309054062588322
1183	0.309145765729911
1184	0.309249886362343
1185	0.309396403319097
1186	0.309526507633728
1187	0.309637255527561
1188	0.309759122696765
1189	0.309800772678161
1190	0.309901919213085
1191	0.30997775828791
1192	0.310115245764522
1193	0.310246415886467
1194	0.310352609174685
1195	0.310502629955808
1196	0.310605322626
1197	0.31066325284263
1198	0.31075035077952
1199	0.310908506962247
1200	0.310992322284002
1201	0.311061998575327
1202	0.311156662483807
1203	0.31125377402118
1204	0.31135953932996
1205	0.311423407057667
1206	0.311529242287934
1207	0.311677775854032
1208	0.311747985770431
1209	0.311871152408187
1210	0.311960843740165
1211	0.312029769368664
1212	0.312084810485838
1213	0.312126647491718
1214	0.3122357321589
1215	0.312301774591729
1216	0.312435172134434
1217	0.312525359212845
1218	0.312679151592851
1219	0.312817827529949
1220	0.31291279775409
1221	0.313034502580831
1222	0.31318953473041
1223	0.313264325787409
1224	0.313439629324929
1225	0.313558462480437
1226	0.313667467668783
1227	0.313780295328684
1228	0.313886924017559
1229	0.314010400107601
1230	0.314129160546334
1231	0.314282976182828
1232	0.314426101890029
1233	0.314506724160069
1234	0.314623215645838
1235	0.314776913335857
1236	0.314893407083381
1237	0.315049285062252
1238	0.315151432630122
1239	0.315241750836336
1240	0.315343932003018
1241	0.315503625136944
1242	0.315690497549214
1243	0.315831353379172
1244	0.315994731834698
1245	0.316107351760871
1246	0.316280157214655
1247	0.316417516522594
1248	0.316536882701959
1249	0.316699076175007
1250	0.316865689504591
1251	0.317013881620488
1252	0.317166685769533
1253	0.317352302086758
1254	0.317473211727905
1255	0.317657398084833
1256	0.317793400884878
1257	0.318002952919797
1258	0.318148004268855
1259	0.318304754195582
1260	0.318377763017388
1261	0.318560000687161
1262	0.318748267529987
1263	0.318983087678376
1264	0.319134637876594
1265	0.319325691879962
1266	0.319454379209941
1267	0.319588265008623
1268	0.319715939049405
1269	0.319873374201682
1270	0.320052528852859
1271	0.32019968922194
1272	0.320349686136352
1273	0.320541199501871
1274	0.320714903585599
1275	0.320933372115841
1276	0.321091322455779
1277	0.321270258643965
1278	0.321412502290464
1279	0.32160499218144
1280	0.321731645762291
1281	0.321858003727145
1282	0.322022923423202
1283	0.322202268952715
1284	0.322393418142327
1285	0.322629715361664
1286	0.322864180171362
1287	0.323017173522782
1288	0.323209822324619
1289	0.323364146296789
1290	0.323498544863023
1291	0.323640429056187
1292	0.323825283470597
1293	0.323955976037882
1294	0.324153564533594
1295	0.324318213082417
1296	0.324546203195468
1297	0.324774559852731
1298	0.325049719376109
1299	0.325270520911423
1300	0.325459362189374
1301	0.325628707478941
1302	0.325771431359105
1303	0.325904199337843
1304	0.326087102897937
1305	0.326300633455868
1306	0.326476454942834
1307	0.32668161386491
1308	0.326904303906422
1309	0.327173847367079
1310	0.327371699744956
1311	0.327569771090278
1312	0.327741513849059
1313	0.32790474529185
1314	0.3281232451435
1315	0.328277873834284
1316	0.328468773783954
1317	0.328704054362034
1318	0.328909335180648
1319	0.329024467793581
1320	0.329214346735822
1321	0.32939516592206
1322	0.329583782739467
1323	0.329770836412356
1324	0.329971897709536
1325	0.330145316128414
1326	0.330315874309981
1327	0.330525044805296
1328	0.330719703305129
1329	0.330893098431035
1330	0.331083926496797
1331	0.331196812547931
1332	0.331344326792995
1333	0.331468888909811
1334	0.331608229533624
1335	0.331764537912128
1336	0.331964183876116
1337	0.332141549520473
1338	0.332335787483765
1339	0.332546616630624
1340	0.33274753983402
1341	0.332902476570118
1342	0.333087374298316
1343	0.333225202150974
1344	0.333345330132621
1345	0.333479273946106
1346	0.33366492119497
1347	0.333818764359734
1348	0.33401492785323
1349	0.334199616487072
1350	0.334358938993658
1351	0.334526844334839
1352	0.334695952222689
1353	0.334870914247858
1354	0.335104527531855
1355	0.335286104295359
1356	0.335445699447359
1357	0.335599867220977
1358	0.335743877508462
1359	0.335892157509044
1360	0.335962218022107
1361	0.336033769941109
1362	0.336067450359945
1363	0.336053403981796
1364	0.33600396375433
1365	0.335968242773229
1366	0.335845852034367
1367	0.335676217913046
1368	0.335453312790075
1369	0.335142291625666
1370	0.334864091821668
1371	0.334544880365087
1372	0.33423228425133
1373	0.333877988462597
1374	0.333601968697758
1375	0.333249271994292
1376	0.33300812083156
1377	0.332864512930946
1378	0.332715980604633
1379	0.332671527201953
1380	0.332613700560363
1381	0.33261136247677
1382	0.33251440235918
1383	0.332397148433247
1384	0.332193070506426
1385	0.331859679057775
1386	0.331540373435818
1387	0.33113866933382
1388	0.330721179652822
1389	0.330305846800791
1390	0.329872638643431
1391	0.329461233622474
1392	0.329051743361015
1393	0.328757438136023
1394	0.328535452546513
1395	0.328454178519398
1396	0.328471574954992
1397	0.328552829531011
1398	0.328814269220256
1399	0.329028837764542
1400	0.329362241950111
1401	0.329680990580939
1402	0.330061662524693
1403	0.330369622145972
1404	0.330708301658348
1405	0.330996313584223
1406	0.331252378386391
1407	0.331559055271682
1408	0.33186415887019
1409	0.332199060308486
1410	0.332543627196649
1411	0.332935562262508
1412	0.333334107929506
1413	0.333697243113944
1414	0.334070179293304
1415	0.334509900219408
1416	0.334936662904296
1417	0.335386407853581
1418	0.335780331979764
1419	0.336221068651425
1420	0.33666076415062
1421	0.337070417052744
1422	0.337473055181104
1423	0.337940924374918
1424	0.338384036098901
1425	0.338837172998
1426	0.339341234425404
1427	0.339769540823364
1428	0.34020342311093
1429	0.340624203076945
1430	0.341013550769003
1431	0.341395729333796
1432	0.341805812595748
1433	0.342187840947132
1434	0.342522168693654
1435	0.342853375509529
1436	0.343140666828912
1437	0.343415940665999
1438	0.343685046063373
1439	0.343947005415571
1440	0.344246967237948
1441	0.344497518878347
1442	0.344808528612239
1443	0.34516096505472
1444	0.345493324363793
1445	0.345872985033454
1446	0.34617742553987
1447	0.346473235963564
1448	0.346780032214153
1449	0.3470497589938
1450	0.347329707869437
1451	0.347550233658273
1452	0.34777254326662
1453	0.347938037851884
1454	0.348152339326691
1455	0.348351817408441
1456	0.348558200456186
1457	0.348834062515399
1458	0.349081615255406
1459	0.349381767347304
1460	0.349649065902238
1461	0.349895730017779
1462	0.350143641395824
1463	0.350406629676349
1464	0.350632990503596
1465	0.350907307403375
1466	0.351105676163568
1467	0.351245359889762
1468	0.351361353235577
1469	0.351534488352735
1470	0.351673751309626
1471	0.351847709450996
1472	0.352009328746273
1473	0.352233962899455
1474	0.35242242955433
1475	0.352667761789775
1476	0.352915035336275
1477	0.353222301712724
1478	0.353529586796886
1479	0.353807897597397
1480	0.354168929124115
1481	0.354450661054608
1482	0.354709256068517
1483	0.354942094043012
1484	0.355148916443715
1485	0.355330480021171
1486	0.355442083275444
1487	0.355582782794476
1488	0.355688798168637
1489	0.355891846701583
1490	0.356116217533955
1491	0.356340235364687
1492	0.356605727958408
1493	0.356850841161962
1494	0.357091667728856
1495	0.357369015398345
1496	0.357632330633237
1497	0.357902161000732
1498	0.358124785011018
1499	0.358344675689927
1500	0.358565533502195
1501	0.358723967371564
1502	0.358826018413825
1503	0.358933686045975
1504	0.359011619964276
1505	0.359088350565443
1506	0.359142562788072
1507	0.359294157802582
1508	0.359398177665034
1509	0.359602468045146
1510	0.359839755773988
1511	0.360076935565085
1512	0.360305211082142
1513	0.360538197728092
1514	0.36078201799453
1515	0.360988710890176
1516	0.361213961624457
1517	0.361361138081768
1518	0.361496984667298
1519	0.361655867871828
1520	0.361731171867589
1521	0.361856163460769
1522	0.361929774094033
1523	0.361980032821498
1524	0.362054039459137
1525	0.362115977976014
1526	0.362231761205848
1527	0.362349958587946
1528	0.362563928210533
1529	0.362810942275991
1530	0.363061671140113
1531	0.363354799540403
1532	0.363595227313074
1533	0.363840006479812
1534	0.364037128172862
1535	0.364214081754983
1536	0.364346501424899
1537	0.364456146566255
1538	0.364547374371366
1539	0.364601969423318
1540	0.364651646729474
1541	0.364739213512241
1542	0.364777158318231
1543	0.364816242243898
1544	0.364933198697824
1545	0.36504021386576
1546	0.36519132364268
1547	0.365419368395479
1548	0.365638647233664
1549	0.365861176560562
1550	0.366115510930407
1551	0.366367848549693
1552	0.366543951854953
1553	0.36669515787042
1554	0.366863324202569
1555	0.367008161802626
1556	0.367087995840222
1557	0.367150039524221
1558	0.367196307315838
1559	0.367175069819471
1560	0.36720897943955
1561	0.367228202465717
1562	0.367296624644971
1563	0.36736955376895
1564	0.36754173248858
1565	0.367749526688224
1566	0.36793204980262
1567	0.368122651367397
1568	0.368353779788226
1569	0.368574006651194
1570	0.368797535642288
1571	0.36906573661851
1572	0.369268913069926
1573	0.369375559358566
1574	0.369497041729747
1575	0.369515221144598
1576	0.369602229846109
1577	0.36966292552066
1578	0.369715236836955
1579	0.369756675120168
1580	0.369773944210464
1581	0.369820413935389
1582	0.36986024271461
1583	0.369931943003786
1584	0.370069777935874
1585	0.370276452518076
1586	0.370500229245619
1587	0.370798253497714
1588	0.371050531074299
1589	0.371271197730894
1590	0.371466675871173
1591	0.371678095952076
1592	0.371838942152145
1593	0.371987936120448
1594	0.372077336613107
1595	0.372119606584472
1596	0.372145968675073
1597	0.372108435718333
1598	0.372107612537337
1599	0.37209825612085
1600	0.372157258086231
1601	0.372197731477815
1602	0.372257129476251
1603	0.372348059562294
1604	0.372486394164823
1605	0.372718610512785
1606	0.372895412142471
1607	0.37316835097969
1608	0.37339801707474
1609	0.373642222078504
1610	0.373864334797964
1611	0.374063031339689
1612	0.374235229637567
1613	0.374340719485744
1614	0.374372477070046
1615	0.374433891780253
1616	0.374465962956827
1617	0.37441486738752
1618	0.37442319012563
1619	0.374338106640942
1620	0.374322361782733
1621	0.37438227783221
1622	0.374443431232983
1623	0.374612726063227
1624	0.374737356217299
1625	0.374873658453129
1626	0.37505263703702
1627	0.375304465683824
1628	0.37556299487157
1629	0.375857879616516
1630	0.376104010271813
1631	0.376356585025947
1632	0.376535961915756
1633	0.376658161394133
1634	0.376735512614804
1635	0.376794400929908
1636	0.376837960309064
1637	0.376797537413548
1638	0.376801539483788
1639	0.376737500135214
1640	0.376676560733464
1641	0.376652357461434
1642	0.376636272117491
1643	0.376667739262549
1644	0.376747463135402
1645	0.376855205251064
1646	0.377026818761204
1647	0.377182541398227
1648	0.377406431346331
1649	0.377714680631363
1650	0.377956295597647
1651	0.378230317610847
1652	0.37850543211484
1653	0.378736164273215
1654	0.378936942200883
1655	0.379114230445841
1656	0.379239706768696
1657	0.379189756637919
1658	0.379228286670549
1659	0.37922489668844
1660	0.379227529876026
1661	0.37923315658507
1662	0.379288341691283
1663	0.37925698774584
1664	0.379349249169129
1665	0.379447471501291
1666	0.379593936085014
1667	0.37984751161678
1668	0.380102680747032
1669	0.380486720395629
1670	0.38080888476728
1671	0.381205491356961
1672	0.381568247337104
1673	0.381906273864514
1674	0.382239076223735
1675	0.382554804330238
1676	0.382819809425556
1677	0.38309849948502
1678	0.38327794205687
1679	0.383354812607323
1680	0.383402850718909
1681	0.383435878120195
1682	0.383491049641879
1683	0.383516556713458
1684	0.383634153464728
1685	0.383754516559308
1686	0.383856108496994
1687	0.38400792947032
1688	0.384218533313558
1689	0.384490987282598
1690	0.384794951291835
1691	0.385257307072352
1692	0.38568455031912
1693	0.386151512392457
1694	0.386547857235884
1695	0.386873191286881
1696	0.387237653342349
1697	0.3875767683221
1698	0.387844382366252
1699	0.388058298538039
1700	0.388152247749664
1701	0.388214682193754
1702	0.388254858201072
1703	0.388195668235533
1704	0.388207200145724
1705	0.388243743720844
1706	0.388226928419043
1707	0.388252481862538
1708	0.388330531192303
1709	0.388446016307537
1710	0.38853958694468
1711	0.388751362385543
1712	0.388984911785908
1713	0.389161335605892
1714	0.389433795242638
1715	0.389796657913921
1716	0.390130660549842
1717	0.390489229335909
1718	0.390690037565943
1719	0.390920514530515
1720	0.391071046918977
1721	0.391143533881998
1722	0.391125694807125
1723	0.391041664922928
1724	0.390915545463249
1725	0.390737341025648
1726	0.390577603275856
1727	0.390364095913761
1728	0.390114225937392
1729	0.389838508526827
1730	0.38959523371701
1731	0.38942270049024
1732	0.389332771130512
1733	0.389241280498088
1734	0.389186642447799
1735	0.389187269690752
1736	0.389190156758269
1737	0.389177938768003
1738	0.389352172908861
1739	0.389476937953206
1740	0.389700175482126
1741	0.389932804850461
1742	0.390083281598206
1743	0.390186806175961
1744	0.390177715767021
1745	0.390173163508443
1746	0.390219473399472
1747	0.390170763048705
1748	0.390060477898348
1749	0.389913856939777
1750	0.38968635821595
1751	0.389440634913155
1752	0.389148073928465
1753	0.388940804884872
1754	0.388586699267907
1755	0.388476844168949
1756	0.388389789478436
1757	0.388315817785586
1758	0.388348987438781
1759	0.388406293168116
1760	0.388447300330812
1761	0.38852711064475
1762	0.388641567413378
1763	0.388776359358546
1764	0.388972813909512
1765	0.389191999453487
1766	0.389267541879166
1767	0.389337673882675
1768	0.389324696566807
1769	0.389276221663404
1770	0.389192960411604
1771	0.389129244749474
1772	0.388939868202588
1773	0.388809645281791
1774	0.388505803339438
1775	0.388249873746353
1776	0.388038875705346
1777	0.387817643579463
1778	0.387619966657361
1779	0.387463016815377
1780	0.387348299944955
1781	0.387232210362464
1782	0.387186985353024
1783	0.387361629251307
1784	0.387476126601646
1785	0.387621628888116
1786	0.38779603143932
1787	0.388015346797293
1788	0.388235943712641
1789	0.388563581969641
1790	0.388750951263799
1791	0.388965693136432
1792	0.389215269974413
1793	0.38930541337875
1794	0.389392817388956
1795	0.389424576580612
1796	0.389365705855529
1797	0.389226718643328
1798	0.389043661597398
1799	0.388908965699568
1800	0.388696468665424
1801	0.388530385450002
1802	0.388373241678111
1803	0.388161578213873
1804	0.388030301437077
1805	0.38792140582672
1806	0.387939512705072
1807	0.387924910473485
1808	0.387996243226604
1809	0.388216316785415
1810	0.388437981003762
1811	0.388658420815456
1812	0.388997922884614
1813	0.389246216763812
1814	0.389512997296647
1815	0.38981750484439
1816	0.390131788014696
1817	0.390329328726895
1818	0.390621260686047
1819	0.390734548880963
1820	0.390776063224462
1821	0.390807938468255
1822	0.390760206613164
1823	0.390635222132955
1824	0.390552191040591
1825	0.390383880569342
1826	0.390220733032167
1827	0.389856986689972
1828	0.38966354962628
1829	0.389521116976821
1830	0.389365889140204
1831	0.389464946178081
1832	0.389517421123939
1833	0.389644907513312
1834	0.389628949879917
1835	0.389663111795682
1836	0.3898846088095
1837	0.390298330853318
1838	0.390530706223974
1839	0.390865519025547
1840	0.391160557661717
1841	0.391130227422901
1842	0.391264593848739
1843	0.391497688624299
1844	0.391622145210125
1845	0.391726140127406
1846	0.39188564826842
1847	0.39189939370786
1848	0.391747064897017
1849	0.391619318423864
1850	0.391259912472928
1851	0.391000350658408
1852	0.390696792930743
1853	0.390453828203048
1854	0.39033495496697
1855	0.39049316938401
1856	0.390393348835752
1857	0.390288031816788
1858	0.390156741377236
1859	0.390047734284429
1860	0.389918027608428
1861	0.390001779700998
1862	0.390309254920299
1863	0.390432927511117
1864	0.390549056884332
1865	0.390689729838123
1866	0.390814586762419
1867	0.390814200024129
1868	0.390793399343707
1869	0.390742987201689
1870	0.390719541957815
1871	0.390560036827343
1872	0.390356267512069
1873	0.390303501654018
1874	0.389996648619105
1875	0.389492227049063
1876	0.389052342513859
1877	0.38860610383238
1878	0.388044859592488
1879	0.387438098721619
1880	0.386739993625771
1881	0.38606719285458
1882	0.385218984510928
1883	0.384558267378564
1884	0.384003117863217
1885	0.383378801800484
1886	0.382821024908026
1887	0.382041163555285
1888	0.381230901619716
1889	0.380579274524715
1890	0.379857236314133
1891	0.379072229375863
1892	0.378322221223723
1893	0.377588529021408
1894	0.376841124173635
1895	0.376110063926719
1896	0.37535766038777
1897	0.37452869759346
1898	0.373706085737913
1899	0.372866359308477
1900	0.372069003973434
1901	0.371096162058044
1902	0.36994179179715
1903	0.368988649623947
1904	0.367892543776222
1905	0.366989632505404
1906	0.366234298629315
1907	0.365602681131106
1908	0.364980872352035
1909	0.364398577016522
1910	0.363967689310491
1911	0.363702849558111
1912	0.363404301035905
1913	0.363078159316525
1914	0.362881319588837
1915	0.362771291282976
1916	0.362834437404139
1917	0.363114475674572
1918	0.363506706224833
1919	0.363818935868906
1920	0.36424886971518
1921	0.364710044603021
1922	0.365255701745994
1923	0.365656030128593
1924	0.365995829173222
1925	0.366434759598475
1926	0.366876833152594
1927	0.367287699302234
1928	0.367697842287201
1929	0.368325727840615
1930	0.368638741328989
1931	0.368767328892884
1932	0.36888244799282
1933	0.368968347952391
1934	0.369013938616637
1935	0.368996327406202
1936	0.369001924027102
1937	0.368952473580486
1938	0.368939751301427
1939	0.36893777014598
1940	0.368944759130516
1941	0.369011478562305
1942	0.369081427226918
1943	0.369216528276875
1944	0.369366822287058
1945	0.36959133237697
1946	0.369908555760413
1947	0.370301298020458
1948	0.370712106947717
1949	0.371185760872541
1950	0.371688395342779
1951	0.372297443885761
1952	0.372809912965405
1953	0.373320671696443
1954	0.373753289296487
1955	0.374088642194747
1956	0.374488156505174
1957	0.374944392489846
1958	0.375206491735563
1959	0.375347332702349
1960	0.375539133448703
1961	0.3756320407902
1962	0.375500747966475
1963	0.375522032131028
1964	0.375586108661283
1965	0.375621722681018
1966	0.375780866211999
1967	0.37571998526157
1968	0.375483974221731
1969	0.375430346507835
1970	0.375341335008338
1971	0.375225441966918
1972	0.375207599916183
1973	0.375297139459505
1974	0.37541906743536
1975	0.375444384757564
1976	0.375688505174407
1977	0.37622597857045
1978	0.376618270219855
1979	0.377040542909964
1980	0.377498535256623
1981	0.378006580615634
1982	0.378486232025002
1983	0.378926991978304
1984	0.379350096561553
1985	0.379773642471446
1986	0.380185286005914
1987	0.380602666860858
1988	0.381115758889369
1989	0.381538184019332
1990	0.382000920543396
1991	0.382290814408566
1992	0.382535650201119
1993	0.382683406497722
1994	0.382815800693126
1995	0.382746685705959
1996	0.382825560864087
1997	0.383006268908229
1998	0.383123261688097
1999	0.383235804179324
2000	0.383353265331519
2001	0.383407543180524
2002	0.383525408813268
2003	0.383612542535955
2004	0.383798176780785
2005	0.384037106003082
2006	0.384298931249186
2007	0.38465519833504
2008	0.385189582359738
2009	0.385682777366307
2010	0.386223884456218
2011	0.386788977293513
2012	0.387336252957932
2013	0.387950804559526
2014	0.388721806807943
2015	0.389309380891674
2016	0.390049633062847
2017	0.390781552995314
2018	0.391314240672318
2019	0.391960868540782
2020	0.392456934395401
2021	0.39288609139407
2022	0.393217449692649
2023	0.393504718768468
2024	0.393783240907832
2025	0.393995713900904
2026	0.394149687467433
2027	0.394267697286839
2028	0.394394846620828
2029	0.394480492668344
2030	0.394576042528802
2031	0.394666033331913
2032	0.394828520561134
2033	0.395039524056614
2034	0.395163836537745
2035	0.395370064723602
2036	0.395690009470016
2037	0.395940093039965
2038	0.396139813053431
2039	0.396457607233886
2040	0.39673568294619
2041	0.397226088192826
2042	0.39772746021137
2043	0.398127645747023
2044	0.398710325506918
2045	0.399535278157508
2046	0.400065627705318
2047	0.400615742276966
2048	0.401123782453092
2049	0.401410715849964
2050	0.401859315911856
2051	0.402306756432111
2052	0.402953311139998
2053	0.40338395585762
2054	0.403632060604378
2055	0.403941819267518
2056	0.404045360404639
2057	0.404001248060227
2058	0.404030625351349
2059	0.404028429436162
2060	0.404025228108571
2061	0.403923516777559
2062	0.403850928840812
2063	0.403761406204859
2064	0.403595661530975
2065	0.40336432251469
2066	0.403309096345672
2067	0.403360352185828
2068	0.403343999583154
2069	0.403295348005588
2070	0.403375225434845
2071	0.403347930123464
2072	0.40348282093405
2073	0.403708518618855
2074	0.403906768850944
2075	0.404125210867788
2076	0.404431257397232
2077	0.404809490869234
2078	0.405262510656523
2079	0.405861578849921
2080	0.406562998297885
2081	0.40700865885813
2082	0.407314684381029
2083	0.407720450179253
2084	0.407865530035263
2085	0.408116649854046
2086	0.408513985742464
2087	0.408734751768109
2088	0.408923132815043
2089	0.409041915159707
2090	0.409161920497024
2091	0.409146000955422
2092	0.409023633392556
2093	0.408997655976371
2094	0.408903366525941
2095	0.408598725315456
2096	0.40830900702826
2097	0.40796233840402
2098	0.407684548550709
2099	0.407635163002835
2100	0.407496600199209
2101	0.407423671580224
2102	0.407324054956669
2103	0.40697820752876
2104	0.406890891961929
2105	0.407015192647295
2106	0.407084639965618
2107	0.407287896310731
2108	0.407403020078626
2109	0.407486808126355
2110	0.407886098160266
2111	0.408234182477307
2112	0.408611043214532
2113	0.409131151078181
2114	0.409349732049334
2115	0.40967697368123
2116	0.410107946445106
2117	0.410402500154777
2118	0.410611627894583
2119	0.41081560927748
2120	0.41103790561101
2121	0.411103557497329
2122	0.411114430882469
2123	0.411027363135157
2124	0.410910523104043
2125	0.410688891475361
2126	0.41029115985185
2127	0.41001328457704
2128	0.409552961435556
2129	0.408974311791307
2130	0.408475417034289
2131	0.407829405868496
2132	0.407256113899594
2133	0.406667604309176
2134	0.406151508806515
2135	0.405834144459973
2136	0.405301367899357
2137	0.404711695944606
2138	0.404209463942765
2139	0.403758939461501
2140	0.403288548350999
2141	0.403057891486527
2142	0.402881469027337
2143	0.402742417389793
2144	0.402607041383403
2145	0.402445982208008
2146	0.402406939448118
2147	0.402367895562944
2148	0.402281540826016
2149	0.402269910581321
2150	0.402341158875857
2151	0.402441516269412
2152	0.402677039583216
2153	0.402757114788804
2154	0.402925397054587
2155	0.40295649546538
2156	0.402741526894738
2157	0.402539792013161
2158	0.402136865617054
2159	0.401721353913348
2160	0.401381169039164
2161	0.400944924201193
2162	0.400519167381487
2163	0.399983752440592
2164	0.399409271472909
2165	0.398616136538921
2166	0.397931857077837
2167	0.397241053117377
2168	0.396573950692808
2169	0.395914173707816
2170	0.395178229937433
2171	0.39442840431371
2172	0.393506598979934
2173	0.392739209863182
2174	0.391983049214386
2175	0.391468926601441
2176	0.391004449485096
2177	0.390223053752286
2178	0.389670717637944
2179	0.389276898706535
2180	0.38876142005368
2181	0.388438839199775
2182	0.388220489496458
2183	0.387876341022327
2184	0.387455706186972
2185	0.387119935359096
2186	0.386784673856925
2187	0.386500082393322
2188	0.386261414514328
2189	0.386051436000328
2190	0.385905050635474
2191	0.385721720631996
2192	0.385386895205341
2193	0.385078930319188
2194	0.384609356275666
2195	0.384173796795829
2196	0.383629734787958
2197	0.382918939108699
2198	0.382361114024262
2199	0.381853195685419
2200	0.38137255289454
2201	0.380839607387816
2202	0.380202941763972
2203	0.379434622274057
2204	0.378689782155942
2205	0.377891541412974
2206	0.377270110100098
2207	0.376638404539767
2208	0.376074097050817
2209	0.37559026779014
2210	0.375137725745355
2211	0.374701225417155
2212	0.374422022126959
2213	0.374265344040259
2214	0.374032762110232
2215	0.374045480989564
2216	0.374164469934398
2217	0.374208741752655
2218	0.374414436016817
2219	0.37482111340832
2220	0.375189935590012
2221	0.375746614395723
2222	0.376622301097672
2223	0.377279198156964
2224	0.377723265787583
2225	0.378245748659143
2226	0.378561770082337
2227	0.379042427477893
2228	0.379574950953128
2229	0.380187285553615
2230	0.380871815498161
2231	0.381610544299411
2232	0.382156787063914
2233	0.382793006038341
2234	0.383375495735028
2235	0.383645955256796
2236	0.383947322486243
2237	0.384229594821378
2238	0.38442254499502
2239	0.384674947836529
2240	0.385082731314184
2241	0.385303559502246
2242	0.385367501205057
2243	0.385347337761527
2244	0.385420470626071
2245	0.385296637439662
2246	0.38554311368393
2247	0.385978993143845
2248	0.386424599124322
2249	0.387079170342944
2250	0.387659006454324
2251	0.388206282790613
2252	0.388704245730229
2253	0.38932240968638
2254	0.389881145979912
2255	0.390298906869214
2256	0.390899256883505
2257	0.391763084282863
2258	0.392408510226193
2259	0.393428226117011
2260	0.394298161543158
2261	0.394838113095822
2262	0.395500361286527
2263	0.396108328037699
2264	0.396737930880867
2265	0.397603033427089
2266	0.39828200375874
2267	0.398627423699311
2268	0.398743912762075
2269	0.398864626328392
2270	0.398628549583106
2271	0.398605042250939
2272	0.398680079276651
2273	0.398617912023854
2274	0.398779104886564
2275	0.39836581254889
2276	0.397581958028518
2277	0.396869395130479
2278	0.395764321637477
2279	0.394865396300216
2280	0.394210626427803
2281	0.393363297680428
2282	0.392345702590338
2283	0.391442020112808
2284	0.390369330252633
2285	0.389342775872963
2286	0.388302443805801
2287	0.387137698853126
2288	0.385882280373217
2289	0.384547360641527
2290	0.383275982439173
2291	0.382308865167061
2292	0.381598958981399
2293	0.380900771466104
2294	0.380286081552044
2295	0.37967759813139
2296	0.379174520650917
2297	0.378592245819627
2298	0.378205640349716
2299	0.378156484287996
2300	0.377856680114347
2301	0.377554143624184
2302	0.377182006021953
2303	0.37654621024072
2304	0.376275530897498
2305	0.376217351534793
2306	0.375977200236242
2307	0.375911081551801
2308	0.375558310957422
2309	0.374785679384292
2310	0.374131469086567
2311	0.373437915892131
2312	0.37267443330503
2313	0.371946031116472
2314	0.371157129080219
2315	0.370459716135556
2316	0.369698370134779
2317	0.368795392586098
2318	0.367940072347611
2319	0.366753201921935
2320	0.365667465479808
2321	0.364657051074738
2322	0.363672025130574
2323	0.362919691975571
2324	0.362118225147257
2325	0.361527564307896
2326	0.361131865435439
2327	0.360654766369668
2328	0.360091084701357
2329	0.359923606604174
2330	0.359734864442357
2331	0.359846571062144
2332	0.360367269262538
2333	0.360741179816368
2334	0.36101311673663
2335	0.361393063378587
2336	0.361682757388014
2337	0.362211402690539
2338	0.362996942149426
2339	0.363641612434135
2340	0.36456747929933
2341	0.365180691227676
2342	0.365551614302627
2343	0.366298849352502
2344	0.367186628770639
2345	0.368057089277459
2346	0.369029173244032
2347	0.370262668189774
2348	0.370787829590453
2349	0.37118926155499
2350	0.371915222429765
2351	0.372266998669687
2352	0.372740924642478
2353	0.373350643473951
2354	0.373332392708854
2355	0.373312342711589
2356	0.373274377910653
2357	0.373134441735743
2358	0.372843861925708
2359	0.37255388177049
2360	0.372297709697297
2361	0.371692338256811
2362	0.370987863219899
2363	0.370167841530756
2364	0.369315806734329
2365	0.368674484943012
2366	0.367874844514408
2367	0.367253384992279
2368	0.36623257553497
2369	0.364879977016695
2370	0.363870709579872
2371	0.362906980720075
2372	0.36201876023311
2373	0.361573327181143
2374	0.360521102699426
2375	0.359231159098078
2376	0.358039854676441
2377	0.356471858294283
2378	0.35513576934996
2379	0.353974062768053
2380	0.352930601649933
2381	0.351969556410171
2382	0.351223687581962
2383	0.350796405745227
2384	0.350235221727904
2385	0.349665464247274
2386	0.349043793965421
2387	0.348261266684827
2388	0.34775212277824
2389	0.347218215339758
2390	0.347110978666291
2391	0.347597816199989
2392	0.347593250559708
2393	0.347537449936786
2394	0.347638726542565
2395	0.347550268147083
2396	0.347521063246495
2397	0.347725928328556
2398	0.347938959741152
2399	0.348249240386542
2400	0.348208587871077
2401	0.348298021041329
2402	0.348401142467807
2403	0.348345379516409
2404	0.348456230350443
2405	0.3482878355418
2406	0.348327289345775
2407	0.348359971753138
2408	0.347858596626649
2409	0.347760287244851
2410	0.347922852467643
2411	0.347812526394436
2412	0.347466372870891
2413	0.347041164821428
2414	0.346273816252924
2415	0.345570782628088
2416	0.345093832650473
2417	0.34479025911807
2418	0.344439186324819
2419	0.344064741560679
2420	0.343773508816527
2421	0.343506012094211
2422	0.343276474368369
2423	0.343238888957944
2424	0.34325219364733
2425	0.34318746586947
2426	0.343155632314269
2427	0.343154816270166
2428	0.343138426624695
2429	0.343330401644509
2430	0.343960884925457
2431	0.343962203710982
2432	0.343797945058533
2433	0.343730246227678
2434	0.342878508717869
2435	0.342872925681679
2436	0.343444465562618
2437	0.34378168903635
2438	0.344306052750566
2439	0.344547301670029
2440	0.344627056863038
2441	0.344632898119468
2442	0.344119248775454
2443	0.344263575581189
2444	0.344777036342775
2445	0.3449981689954
2446	0.345619795319161
2447	0.345699739214466
2448	0.345247621303732
2449	0.344996619500574
2450	0.345061139427348
2451	0.344882329759332
2452	0.34441796954178
2453	0.344232094835369
2454	0.34403743221989
2455	0.343957099527607
2456	0.344291802198962
2457	0.3440163266508
2458	0.343164053620163
2459	0.34232721351761
2460	0.34101179896981
2461	0.340268968858995
2462	0.339773702374648
2463	0.339294851610435
2464	0.339242811292175
2465	0.338836497413931
2466	0.338781664561919
2467	0.338285844334616
2468	0.33753634104964
2469	0.336939198923955
2470	0.33643745930583
2471	0.335608516618129
2472	0.334647410294514
2473	0.334224833966276
2474	0.33391233293556
2475	0.333386777061692
2476	0.332694654303722
2477	0.332235787065072
2478	0.331600825060883
2479	0.331073756123992
2480	0.331407243606066
2481	0.331242531408064
2482	0.330794937657157
2483	0.330663207297416
2484	0.330371504021559
2485	0.330427907424596
2486	0.330919438834163
2487	0.330881386347669
2488	0.331058375242675
2489	0.330700998629638
2490	0.329360876476367
2491	0.328898308112623
2492	0.328506946857207
2493	0.32829115369094
2494	0.328485018054553
2495	0.328075975930434
2496	0.327094507666088
2497	0.326757638710203
2498	0.326989628200776
2499	0.326888301868502
2500	0.327806977797012
