350	0.11660912056551
351	0.104486036838978
352	9.76032482881798E-02
353	7.92435839711842E-02
354	8.69818699436299E-02
355	7.89484086343758E-02
356	0.105628621050817
357	9.60902316818607E-02
358	8.09456974876558E-02
359	7.24396454435642E-02
360	8.53514919631314E-02
361	8.52498858427549E-02
362	0.080758577109653
363	8.25289477761237E-02
364	7.63849620452715E-02
365	7.48917336597367E-02
366	8.83391819152122E-02
367	7.68475609414689E-02
368	7.54553140117934E-02
369	7.39617834394904E-02
370	7.28021643227961E-02
371	0.08852112502465
372	8.31854862214463E-02
373	7.51072279586974E-02
374	7.45287221473613E-02
375	7.11961199828114E-02
376	6.69931543324733E-02
377	0.071816211790598
378	7.45648557435125E-02
379	7.31762471168197E-02
380	7.47193629541923E-02
381	7.27226689035436E-02
382	6.95303529860755E-02
383	7.66710947088755E-02
384	7.91524156832544E-02
385	0.068887263470819
386	6.69711765937808E-02
387	6.51334364314799E-02
388	7.08413511611283E-02
389	7.44259537387946E-02
390	6.99926452561902E-02
391	0.064837075119281
392	6.51880310500367E-02
393	6.86154751042985E-02
394	0.072752061336489
395	7.20753269294518E-02
396	0.070053023766344
397	6.65218130763918E-02
398	6.85028517523061E-02
399	6.69571595538788E-02
400	6.56624184061345E-02
401	6.61898762097274E-02
402	6.94791364627766E-02
403	7.01363605905609E-02
404	6.68835803779333E-02
405	6.75887844661802E-02
406	0.069519396956041
407	6.80042678375075E-02
408	0.069652080464943
409	6.82247781514971E-02
410	6.88776650426854E-02
411	6.91759093794487E-02
412	6.61752924837023E-02
413	6.82842336980742E-02
414	6.83693175310904E-02
415	6.69511823967069E-02
416	6.68526730239321E-02
417	6.75992448584141E-02
418	6.67488186250312E-02
419	6.88759864959917E-02
420	6.84491765583314E-02
421	6.65749445845754E-02
422	6.68466270143867E-02
423	6.52580007086648E-02
424	6.49278025250803E-02
425	6.51473356252109E-02
426	0.065620276252737
427	6.58471899404194E-02
428	6.55705669748249E-02
429	6.54901716859142E-02
430	0.064597823303107
431	6.55088402942366E-02
432	0.064798244235628
433	6.45383519900043E-02
434	6.53596654576365E-02
435	6.61824293268696E-02
436	6.55642751466314E-02
437	6.55253997260959E-02
438	6.65878290905191E-02
439	6.57447744794873E-02
440	6.53929770293603E-02
441	6.54636044157574E-02
442	0.066215123921257
443	6.59736086658169E-02
444	6.61195460220509E-02
445	6.67425489723579E-02
446	6.71014131433018E-02
447	6.74505750650165E-02
448	6.75311160277772E-02
449	6.79337218076762E-02
450	0.068295120769072
451	6.81377116887322E-02
452	6.84123466898988E-02
453	6.86050841346864E-02
454	6.88239389897105E-02
455	6.89490446742839E-02
456	6.91982387927629E-02
457	6.95572983336258E-02
458	6.98076619234411E-02
459	7.02021436265354E-02
460	6.99138660449706E-02
461	0.070112910036661
462	7.02761442129766E-02
463	7.01731870908929E-02
464	7.04680477505357E-02
465	7.07669104425585E-02
466	7.07640810218985E-02
467	7.09686150173762E-02
468	7.07041271340126E-02
469	7.05301835924852E-02
470	7.09020776375483E-02
471	7.12456919531612E-02
472	0.070954590000053
473	7.13370199176606E-02
474	7.16949948303851E-02
475	7.17676362115861E-02
476	7.14864482315045E-02
477	7.16074103119556E-02
478	7.15576090118675E-02
479	7.18117606026885E-02
480	7.20779055638758E-02
481	7.21464502295515E-02
482	7.22934614096451E-02
483	7.24205651329304E-02
484	7.28265661236096E-02
485	7.25978510387932E-02
486	7.23117245809342E-02
487	7.23956432941055E-02
488	7.29393403433162E-02
489	7.29695680304366E-02
490	7.32326109050244E-02
491	7.35699105221206E-02
492	7.33513960850739E-02
493	0.073233552087933
494	7.33539354358081E-02
495	7.34342556278654E-02
496	7.36808973821186E-02
497	7.33004802334436E-02
498	7.35468884434542E-02
499	7.36931304480539E-02
500	7.38606926805704E-02
501	7.41548953718688E-02
502	7.37243848213026E-02
503	7.35944007049208E-02
504	7.41281627752209E-02
505	7.42855219165472E-02
506	7.43639509229843E-02
507	7.42020542167091E-02
508	7.45632552642596E-02
509	7.47471313131043E-02
510	7.47203977169009E-02
511	7.46356782361464E-02
512	7.49829292752318E-02
513	7.52945597897458E-02
514	7.52404964908052E-02
515	7.52729664297322E-02
516	7.53100060212585E-02
517	7.54837357586305E-02
518	7.56800860399253E-02
519	7.56610362025004E-02
520	0.075725096081613
521	7.57146335021374E-02
522	7.57776734405279E-02
523	7.60505311992326E-02
524	7.62930024110372E-02
525	7.65252450755612E-02
526	7.65138310719499E-02
527	0.076547615181187
528	7.66429148554708E-02
529	7.66352084983075E-02
530	7.67593041366075E-02
531	7.67569268380205E-02
532	7.66697843450951E-02
533	7.68114873823166E-02
534	7.69286811063166E-02
535	7.68723040269852E-02
536	7.68256597768744E-02
537	7.68044398163141E-02
538	7.70152819273936E-02
539	7.69912979939289E-02
540	7.67335561696065E-02
541	7.67293491786791E-02
542	7.66757265710043E-02
543	7.65701441275637E-02
544	0.07656445443915
545	7.65951864611094E-02
546	7.66267126168055E-02
547	7.65254625435428E-02
548	7.66255909347049E-02
549	7.65970552000079E-02
550	7.63544931582284E-02
551	7.63288894431585E-02
552	0.076293223107078
553	7.62566986214696E-02
554	7.62574454213779E-02
555	7.64028831190036E-02
556	0.076376530424564
557	7.62742873159355E-02
558	0.07616025253394
559	7.60493794164824E-02
560	7.59219085038888E-02
561	7.59380135043569E-02
562	7.57694681871412E-02
563	7.57162353897552E-02
564	7.56783343197782E-02
565	7.55265901540534E-02
566	7.55851076502302E-02
567	0.075528753851878
568	7.53661878254982E-02
569	7.52862172992646E-02
570	7.52177618423065E-02
571	7.51608191364693E-02
572	7.49851850943426E-02
573	7.48844297822671E-02
574	7.48392999681956E-02
575	7.47608640248303E-02
576	7.45747283983493E-02
577	7.45550263020825E-02
578	7.44050480976038E-02
579	7.42548006275288E-02
580	7.42217388916079E-02
581	7.40107594477113E-02
582	0.073864909062128
583	7.38871793189268E-02
584	7.37986555889538E-02
585	0.073711116872938
586	7.35253638169713E-02
587	7.34016967499276E-02
588	7.32692452285229E-02
589	0.073136798125871
590	7.29680369617193E-02
591	7.28058793810948E-02
592	7.26396513023646E-02
593	7.24908206711219E-02
594	7.23096430316015E-02
595	7.22046559169482E-02
596	7.20185784322272E-02
597	7.18586478307969E-02
598	7.17196421027454E-02
599	7.16316019115694E-02
600	7.14079519464728E-02
601	7.11770845169319E-02
602	7.10206629431345E-02
603	0.070977545113791
604	7.09396101587527E-02
605	7.07335707813537E-02
606	7.05716068033066E-02
607	7.04115831772662E-02
608	7.03324892813993E-02
609	7.02241152534269E-02
610	7.01353940311229E-02
611	7.00903484508424E-02
612	7.01125872319143E-02
613	7.00150513357599E-02
614	6.99098965271827E-02
615	6.99073917766758E-02
616	0.069884034696096
617	6.97884939952688E-02
618	6.97749418443984E-02
619	6.97240492928584E-02
620	6.96931488511703E-02
621	6.97176417374285E-02
622	6.97285018920138E-02
623	6.96971013390966E-02
624	6.97818278448237E-02
625	6.97710444907957E-02
626	6.97775836157842E-02
627	6.97695127749002E-02
628	6.97755736919388E-02
629	6.98591616834194E-02
630	6.99426002708575E-02
631	7.00006327021003E-02
632	7.00839362157017E-02
633	7.01943668693027E-02
634	7.03448799358273E-02
635	7.05012334392985E-02
636	7.05872354147978E-02
637	0.070687109203573
638	7.08174085389289E-02
639	7.10257637948152E-02
640	0.071189422489804
641	7.13535398630477E-02
642	7.16088617904673E-02
643	7.17032443641729E-02
644	7.18959983056635E-02
645	7.20886486983608E-02
646	7.21936303967368E-02
647	7.23347741917295E-02
648	7.24455029824648E-02
649	7.26119104028805E-02
650	7.27659854461344E-02
651	7.28059956479084E-02
652	7.28520462390318E-02
653	0.072999786989328
654	7.30459100141205E-02
655	7.31478156626122E-02
656	7.31959583869912E-02
657	7.32397572691256E-02
658	7.33046151376348E-02
659	7.33627059007913E-02
660	7.34995740729188E-02
661	7.35827818890982E-02
662	7.36785768864196E-02
663	0.073839132632316
664	7.39476837061172E-02
665	7.40788063339401E-02
666	7.43896176725071E-02
667	7.46802505380014E-02
668	7.49403426376827E-02
669	7.52569249812401E-02
670	7.56239884794158E-02
671	7.60189217070214E-02
672	7.64606658938928E-02
673	7.68854620309501E-02
674	7.72859227279665E-02
675	7.78089461146418E-02
676	0.078325851366491
677	0.078817173128044
678	7.93159735686635E-02
679	7.98680923116488E-02
680	8.03236060680499E-02
681	8.08399762060883E-02
682	8.14773911383443E-02
683	8.20845596372655E-02
684	8.25554377814312E-02
685	0.083098316305655
686	8.36090050910925E-02
687	8.41015065470737E-02
688	8.45810424954721E-02
689	8.50451799460957E-02
690	8.55226418847083E-02
691	0.086072375093737
692	8.67241621841385E-02
693	8.73199566951643E-02
694	8.81174270134756E-02
695	8.92529752829046E-02
696	9.05232377745542E-02
697	9.13868593113112E-02
698	9.16910579567846E-02
699	9.16611932315767E-02
700	9.19199951333493E-02
701	9.24228179928612E-02
702	9.30537891356947E-02
703	9.37150973999058E-02
704	9.43618694834207E-02
705	9.49958801951843E-02
706	9.56128050655732E-02
707	9.63299868852414E-02
708	0.097074961348074
709	9.77539496481657E-02
710	9.84284492549551E-02
711	9.90672735039328E-02
712	9.97293071580861E-02
713	0.100373036283516
714	0.101011872505084
715	0.101661559072627
716	0.102299221066618
717	0.102941255124584
718	0.103603807420531
719	0.104209034435174
720	0.104762308922961
721	0.105338679863014
722	0.105850797653214
723	0.106411352839421
724	0.107015759696001
725	0.107574265104826
726	0.10811477956023
727	0.108662646491321
728	0.109100336919741
729	0.109563949060104
730	0.110062779261511
731	0.1105868627802
732	0.111096427335976
733	0.111565375508844
734	0.112032198899
735	0.112503671367116
736	0.112897841229062
737	0.113269721140349
738	0.113694400250786
739	0.114110768555165
740	0.114482684363737
741	0.114816559180649
742	0.115178856790552
743	0.115599357581406
744	0.115907103859319
745	0.116207647446142
746	0.116556076360837
747	0.116859648002528
748	0.117163897440732
749	0.1174073896279
750	0.11762785059305
751	0.117898231842822
752	0.118146173212994
753	0.118402720393413
754	0.118566280315633
755	0.118808565941519
756	0.119066230721392
757	0.119251362881253
758	0.119458228415487
759	0.119612120483565
760	0.119794175763004
761	0.119972550385547
762	0.120002868696911
763	0.119993378753657
764	0.120056524181023
765	0.12022174156592
766	0.120382421914469
767	0.120573481436073
768	0.120770204518787
769	0.121010988346224
770	0.121187858668838
771	0.121335107691874
772	0.121414060014707
773	0.121644888177229
774	0.121826613164916
775	0.12191688908226
776	0.122013529172655
777	0.122111738498342
778	0.122308685896036
779	0.12244886069155
780	0.12249301570769
781	0.122583435534559
782	0.122698956478128
783	0.12282655134071
784	0.122882406503612
785	0.122925549759323
786	0.123019912098274
787	0.123181120274378
788	0.123214692555346
789	0.123283993709066
790	0.123390807700245
791	0.123502053975101
792	0.123519380172393
793	0.12359117353811
794	0.123640997682297
795	0.123744544218893
796	0.123810331469569
797	0.12387585950931
798	0.123921871640171
799	0.124016724993624
800	0.12407349966615
801	0.124075241141122
802	0.124109038717449
803	0.1242095209535
804	0.124270843065713
805	0.124321819813542
806	0.12437415076309
807	0.124425962890171
808	0.124495975049287
809	0.12452420624331
810	0.124512261991461
811	0.124550621836901
812	0.124593064250682
813	0.12462825930269
814	0.1246368708134
815	0.124651160807288
816	0.124680778246315
817	0.124742576074032
818	0.124781264895868
819	0.124768117876376
820	0.124785212560344
821	0.124881010579307
822	0.124871667776981
823	0.124913858897074
824	0.124959788639157
825	0.124979532666977
826	0.124982371481564
827	0.125014512331676
828	0.125069496131766
829	0.125144365011974
830	0.125106122782627
831	0.12507820990491
832	0.125124064663921
833	0.125167061105045
834	0.125229747767863
835	0.125229394241267
836	0.125214937299217
837	0.125267651893391
838	0.125304757542213
839	0.125291111625097
840	0.125283772816014
841	0.125379665432723
842	0.125428235878469
843	0.125421285031991
844	0.125402294986835
845	0.125423009633797
846	0.125450581546498
847	0.125455062136575
848	0.125415021266668
849	0.125372904359254
850	0.125426119181951
851	0.125487063416901
852	0.125453126037802
853	0.125383775886752
854	0.125377607290535
855	0.125425051298844
856	0.125435675923444
857	0.125433852483389
858	0.125471625414193
859	0.125411893818096
860	0.125418216182838
861	0.125403860608797
862	0.125418302875503
863	0.125427121343214
864	0.12539459048949
865	0.125406352811646
866	0.125356966868684
867	0.125310755614922
868	0.125381558459513
869	0.125329868645679
870	0.125258896704084
871	0.125276552170444
872	0.12527182848604
873	0.125260983348016
874	0.125191109331983
875	0.12517164769803
876	0.125153734402552
877	0.125211436059593
878	0.125220780559641
879	0.125195370306711
880	0.125094815353694
881	0.125107730272246
882	0.12511971054785
883	0.12511298475168
884	0.125117678262422
885	0.125087640232711
886	0.125005489685267
887	0.124969531915355
888	0.1249653373317
889	0.124972529395927
890	0.124879039990609
891	0.124890271736559
892	0.124892252963199
893	0.124857074375885
894	0.124852395781453
895	0.12487505817294
896	0.124854460428945
897	0.124794932204238
898	0.124666558197096
899	0.124552926320866
900	0.1245570742235
901	0.124681267390437
902	0.124652596151608
903	0.124596712634367
904	0.124612525904096
905	0.124599708740308
906	0.124582991713576
907	0.124556668369782
908	0.124547420954096
909	0.12458650868033
910	0.12454714568676
911	0.1244412790514
912	0.124390387516668
913	0.124383015899928
914	0.124344281970462
915	0.124306433398677
916	0.124364293034225
917	0.124382336636991
918	0.124308471083575
919	0.124273754401553
920	0.124343807333222
921	0.124292259371615
922	0.124255600606946
923	0.124258747505256
924	0.124275229957061
925	0.124287281718462
926	0.124205206369608
927	0.124134349409583
928	0.124079441911439
929	0.124146900736589
930	0.124181013469033
931	0.124094019822478
932	0.124054733937107
933	0.123989954711363
934	0.123961819058462
935	0.123918775210394
936	0.123827449438658
937	0.123801262988918
938	0.123870270065743
939	0.123957141321794
940	0.123842827399721
941	0.123920326197329
942	0.123859308520048
943	0.123743190635322
944	0.123807283451814
945	0.123638478521108
946	0.12362621987811
947	0.123605453726469
948	0.123641660350804
949	0.123660191464934
950	0.123583780339938
951	0.123633463760008
952	0.12360930370841
953	0.123712118053093
954	0.123698463234191
955	0.123509038962657
956	0.123555471887396
957	0.123515404292592
958	0.123496408827075
959	0.123458726016558
960	0.12342317964901
961	0.123413921714644
962	0.123372665773855
963	0.123499303066021
964	0.123336877306108
965	0.123248493370319
966	0.123381211996579
967	0.123395717163967
968	0.123477968888836
969	0.123295829561647
970	0.123186259198712
971	0.12316458197452
972	0.123189946594018
973	0.123280040955808
974	0.123153333197905
975	0.123147287206951
976	0.123120121674852
977	0.12303442490843
978	0.122915920169614
979	0.12300898446882
980	0.123185757334359
981	0.123107260494581
982	0.122903463663392
983	0.12295842611858
984	0.123009548844572
985	0.123013153222577
986	0.122894026861913
987	0.122917538345433
988	0.122926606676665
989	0.122922619474951
990	0.122896756122694
991	0.122924505365526
992	0.122815773522887
993	0.122809841424751
994	0.122673647607822
995	0.122609634344016
996	0.122667530525104
997	0.12278129353957
998	0.122746331527149
999	0.122882707267868
1000	0.122816917793955
1001	0.113480536703302
1002	0.113575742251603
1003	0.113652637515004
1004	0.113777437775568
1005	0.113787868095728
1006	0.113728073218909
1007	0.113738686841571
1008	0.113594244928447
1009	0.113619395469617
1010	0.113561774004402
1011	0.113586813072805
1012	0.113476674360964
1013	0.113501920082513
1014	0.113453813063038
1015	0.113435952983582
1016	0.113344432342803
1017	0.113468947562888
1018	0.113480421960683
1019	0.113450936329504
1020	0.113348563123434
1021	0.113363827228754
1022	0.113362895832
1023	0.113463420438314
1024	0.113461913474871
1025	0.113327461952818
1026	0.113192062334739
1027	0.113269685601435
1028	0.113232467418968
1029	0.113291304026945
1030	0.113416113079425
1031	0.113461031557506
1032	0.113138902252057
1033	0.113196871417751
1034	0.11319853376964
1035	0.113139767240479
1036	0.113204077319569
1037	0.113237031550537
1038	0.113003013438939
1039	0.112935333782358
1040	0.112992987879419
1041	0.113026407195611
1042	0.1129536259469
1043	0.112877379661352
1044	0.112922013638958
1045	0.112786809290611
1046	0.112745038823169
1047	0.112956349602369
1048	0.112839514281093
1049	0.112758344048382
1050	0.112665250802186
1051	0.112670727368949
1052	0.112684052752652
1053	0.112846566998847
1054	0.112858907691716
1055	0.112779044549246
1056	0.112659718931404
1057	0.112744085437318
1058	0.112659213589189
1059	0.112585576546919
1060	0.112654112732367
1061	0.112636396132534
1062	0.112569853721628
1063	0.112601915068032
1064	0.112739193985565
1065	0.112818612439526
1066	0.112822458928641
1067	0.112851156931384
1068	0.112790594898339
1069	0.112750920684672
1070	0.112724916116993
1071	0.112741733032503
1072	0.112736700517001
1073	0.112758413510312
1074	0.112781221758076
1075	0.112778441239867
1076	0.11283762644697
1077	0.112837607150913
1078	0.112903130660854
1079	0.112986640371272
1080	0.11307518971164
1081	0.113126634663769
1082	0.113099539202586
1083	0.113068077547463
1084	0.113135354973369
1085	0.11320857425868
1086	0.113169450982946
1087	0.113228065461112
1088	0.113229386664229
1089	0.113246248077982
1090	0.113362880268499
1091	0.113334367109753
1092	0.113368897529554
1093	0.113420688899567
1094	0.113494038379163
1095	0.113490449906656
1096	0.113448327803011
1097	0.113445154109435
1098	0.11344428104967
1099	0.113449925795281
1100	0.113481820296399
1101	0.11351594896512
1102	0.113563681848678
1103	0.11355735583988
1104	0.113482293804499
1105	0.113539067106991
1106	0.113525506631091
1107	0.113584045960068
1108	0.113615707296844
1109	0.113703988015293
1110	0.113700718665493
1111	0.11364520162206
1112	0.113581030349493
1113	0.113588156140482
1114	0.11354241662263
1115	0.113531072517416
1116	0.113504516146499
1117	0.113554821419753
1118	0.113554372734306
1119	0.113524411139022
1120	0.113433486927652
1121	0.113407958591208
1122	0.113387785246801
1123	0.113363538459137
1124	0.11336787011559
1125	0.113370303875944
1126	0.113329087029334
1127	0.113327260256681
1128	0.113289011874533
1129	0.11328992013464
1130	0.113258969263883
1131	0.11323556203894
1132	0.113191057871647
1133	0.113162228860566
1134	0.113156402369171
1135	0.113091695574081
1136	0.112989649201686
1137	0.112913928887836
1138	0.112851433192233
1139	0.112802935367773
1140	0.112806370779951
1141	0.112743972490877
1142	0.112720443958524
1143	0.112709594496085
1144	0.112698250602597
1145	0.112729840955189
1146	0.112688396501971
1147	0.112637032346462
1148	0.112634973456548
1149	0.112602426757224
1150	0.112508546376476
1151	0.11248431107392
1152	0.112430878932326
1153	0.112383641840309
1154	0.112408109719305
1155	0.112431753346362
1156	0.112367220500058
1157	0.112353942194477
1158	0.112280825381048
1159	0.112235836160283
1160	0.112184396858766
1161	0.112184223211171
1162	0.11219763802978
1163	0.112154033887332
1164	0.11214644808035
1165	0.112158537286388
1166	0.11210070679811
1167	0.112072427550381
1168	0.112050635109614
1169	0.112052987529501
1170	0.111978718091657
1171	0.111945030510874
1172	0.111904484950224
1173	0.111917201039104
1174	0.11188548415675
1175	0.111877949530061
1176	0.111851059276696
1177	0.111839372229688
1178	0.111821269781674
1179	0.111800860735019
1180	0.111872972291513
1181	0.111834584215964
1182	0.111803055304639
1183	0.111802715489371
1184	0.11171366987838
1185	0.111695011233508
1186	0.111719224550307
1187	0.111714500077628
1188	0.11171690494656
1189	0.111780476979086
1190	0.111758158660854
1191	0.11174607288315
1192	0.111736065501313
1193	0.111719767112451
1194	0.111727523336452
1195	0.111770983247287
1196	0.111791852801423
1197	0.111784698758392
1198	0.111814275026177
1199	0.11180333133796
1200	0.11180673798595
1201	0.111799925317412
1202	0.111801190987513
1203	0.111849334294114
1204	0.111861967065382
1205	0.111920079957821
1206	0.111950229257434
1207	0.111920982677058
1208	0.111829999451515
1209	0.111816458212612
1210	0.111805726103829
1211	0.111796564142261
1212	0.111836786690056
1213	0.111875031125361
1214	0.111934788360329
1215	0.111985914451702
1216	0.11202219850071
1217	0.112081878729824
1218	0.112080188335361
1219	0.112071193519512
1220	0.112076928112205
1221	0.11208984134408
1222	0.11211826301164
1223	0.112135080831983
1224	0.112208692021396
1225	0.112233580775275
1226	0.112246168447541
1227	0.112284557539009
1228	0.112305782672257
1229	0.112356180558346
1230	0.112386046926674
1231	0.112414956901967
1232	0.112449145377528
1233	0.112426881336167
1234	0.112431212201602
1235	0.112490455669009
1236	0.112537649775147
1237	0.11253987017316
1238	0.112587070224922
1239	0.112679394471171
1240	0.112696765708248
1241	0.112693189507994
1242	0.112646529456506
1243	0.112683725184473
1244	0.112735405127015
1245	0.112765858341839
1246	0.112756413475064
1247	0.112795599324194
1248	0.112794755298726
1249	0.112842701820905
1250	0.112840340586371
1251	0.112858401486422
1252	0.1129626614431
1253	0.112989553301969
1254	0.112968337966499
1255	0.112969634234894
1256	0.112998685335618
1257	0.113052006714459
1258	0.113099716526423
1259	0.113084204330423
1260	0.113081720153673
1261	0.113074978130332
1262	0.113067411847962
1263	0.113108535142753
1264	0.113121337045992
1265	0.113136439348031
1266	0.113156319051316
1267	0.113174630353129
1268	0.113203501442716
1269	0.11322612304767
1270	0.113233584342403
1271	0.113204179629431
1272	0.11323400206534
1273	0.113259914606031
1274	0.113255531016312
1275	0.113294652936674
1276	0.113286587622825
1277	0.113338374091606
1278	0.113331173892834
1279	0.113338660780309
1280	0.113363403324119
1281	0.113427294135863
1282	0.113417339718186
1283	0.113434901790579
1284	0.11341647435114
1285	0.113329953180987
1286	0.113370891302034
1287	0.113370766151492
1288	0.113409063498641
1289	0.113423288867387
1290	0.113456291185951
1291	0.113485162666418
1292	0.113529172107565
1293	0.113544155940865
1294	0.11358628621301
1295	0.113648353695354
1296	0.113623367339763
1297	0.11368996512584
1298	0.113685111219557
1299	0.113751377674775
1300	0.11381370933648
1301	0.113859844939342
1302	0.113942479844895
1303	0.113981932159078
1304	0.114035582877874
1305	0.114111951435715
1306	0.114152062383263
1307	0.114226219160697
1308	0.11426205836334
1309	0.114353960046927
1310	0.114370209582611
1311	0.114329095625266
1312	0.114352795184486
1313	0.114436891723782
1314	0.11445769078226
1315	0.114535590501094
1316	0.114591712957878
1317	0.114572407305838
1318	0.11460200943127
1319	0.114634564866427
1320	0.114657439139806
1321	0.114713668922551
1322	0.114724940511576
1323	0.114694280354234
1324	0.11468499135312
1325	0.114670814280611
1326	0.11464619859093
1327	0.114583365117214
1328	0.114567612438871
1329	0.114503622917519
1330	0.114415752086924
1331	0.114396921814316
1332	0.114335811135544
1333	0.114245187703172
1334	0.114170115004691
1335	0.1141194997865
1336	0.114045741921126
1337	0.113957144591751
1338	0.113840328879102
1339	0.113762050061654
1340	0.113718606523303
1341	0.113603957502143
1342	0.113548347947802
1343	0.113460946760485
1344	0.113321164828873
1345	0.113249006618189
1346	0.113157930010335
1347	0.113056077842386
1348	0.112897738207373
1349	0.11278309256828
1350	0.112673198513892
1351	0.112561701763558
1352	0.112457084796207
1353	0.11234120394664
1354	0.112242672775777
1355	0.11214106578036
1356	0.11207318625805
1357	0.111984929033043
1358	0.111916343875466
1359	0.111849727394067
1360	0.11173382402277
1361	0.111677184927755
1362	0.111578582240882
1363	0.111455549482176
1364	0.111389213494802
1365	0.111315961724666
1366	0.111205583508335
1367	0.11107419665809
1368	0.111018847704404
1369	0.110969681440963
1370	0.110853721231189
1371	0.110782514466225
1372	0.110641350205928
1373	0.110464343075774
1374	0.11030531701697
1375	0.110170678457814
1376	0.110020179260686
1377	0.109861778982111
1378	0.109715883717796
1379	0.109539108195102
1380	0.109367993078841
1381	0.109197817115268
1382	0.108969258392894
1383	0.108728345627073
1384	0.108466431017365
1385	0.108249276377756
1386	0.108002713540574
1387	0.107732759940221
1388	0.107543569433491
1389	0.107277636058191
1390	0.106975816288583
1391	0.106693856775764
1392	0.106396554438344
1393	0.106094887092643
1394	0.105808364207664
1395	0.105513460910823
1396	0.105242260627532
1397	0.104972769933215
1398	0.104694533155526
1399	0.104412293500681
1400	0.104093670322076
1401	0.103795529837034
1402	0.103501396263
1403	0.103190151310472
1404	0.102945777991178
1405	0.102646871185677
1406	0.102291488251692
1407	0.101973216254323
1408	0.101620415598825
1409	0.101308353472888
1410	0.100977873710582
1411	0.100674774679735
1412	0.100364106414037
1413	0.10004121669266
1414	9.97039960367633E-02
1415	0.099392562379626
1416	9.90270852840385E-02
1417	9.87011253058916E-02
1418	0.098421650391324
1419	0.098132449196437
1420	9.78350433338804E-02
1421	9.75617634074513E-02
1422	9.72754058471142E-02
1423	9.69865444388979E-02
1424	9.67004798087435E-02
1425	9.64092335944623E-02
1426	9.61520085183561E-02
1427	9.58994316099304E-02
1428	9.56674691990307E-02
1429	9.54291501724007E-02
1430	9.51992965284903E-02
1431	9.50016859889654E-02
1432	9.47794708532815E-02
1433	9.46072683455236E-02
1434	9.44448391752301E-02
1435	0.094296845692936
1436	9.41366713913621E-02
1437	9.39866025874399E-02
1438	9.38575831000919E-02
1439	9.37363480124402E-02
1440	9.36150619804909E-02
1441	9.35503070748496E-02
1442	9.34340554900542E-02
1443	9.32984129357812E-02
1444	9.32134833808644E-02
1445	9.31682853763706E-02
1446	9.31149156650386E-02
1447	9.30613095614351E-02
1448	9.30158712422795E-02
1449	9.29814390513757E-02
1450	9.29412516231319E-02
1451	9.29116213002696E-02
1452	9.28712625660623E-02
1453	9.28712440106954E-02
1454	9.28655930797556E-02
1455	9.28092421073781E-02
1456	9.28089709703014E-02
1457	0.092751981932164
1458	9.27248346002537E-02
1459	9.27365039173835E-02
1460	9.27096903862596E-02
1461	9.26918501006047E-02
1462	9.26741103796294E-02
1463	9.26655412178403E-02
1464	9.26656987015513E-02
1465	9.26495831211312E-02
1466	9.26684570674085E-02
1467	9.26741535456724E-02
1468	9.27235235704796E-02
1469	9.27531078989752E-02
1470	9.27744360117877E-02
1471	9.28013723139924E-02
1472	9.28267587788229E-02
1473	9.28594239689954E-02
1474	9.28911534686826E-02
1475	0.092948582950335
1476	9.30210662280931E-02
1477	9.30457097397109E-02
1478	9.30889716201156E-02
1479	9.31412842170184E-02
1480	0.093160471571104
1481	9.32158374582286E-02
1482	9.32416384821316E-02
1483	9.33029401452972E-02
1484	9.33623166718516E-02
1485	9.34239409610181E-02
1486	9.34860440867953E-02
1487	9.35479917582704E-02
1488	9.35277580152709E-02
1489	9.35870452852185E-02
1490	9.36529734570558E-02
1491	9.37405202869923E-02
1492	9.38191708522084E-02
1493	9.39013377565096E-02
1494	9.39502743503702E-02
1495	9.40298747622537E-02
1496	0.094120388096441
1497	9.42091524527891E-02
1498	9.42419816132342E-02
1499	9.43340745375378E-02
1500	9.43763255700507E-02
1501	9.44717885874022E-02
1502	9.45257327762881E-02
1503	9.46216526466018E-02
1504	9.46563763952258E-02
1505	9.47272980291354E-02
1506	0.094806519424674
1507	9.48748690090748E-02
1508	9.49396333641504E-02
1509	9.50053574658268E-02
1510	9.50789444351798E-02
1511	9.51736581522781E-02
1512	9.52287655070165E-02
1513	9.53038100527624E-02
1514	9.53764598263558E-02
1515	9.54223457837408E-02
1516	9.55125916715301E-02
1517	9.56160861596982E-02
1518	9.56612854605036E-02
1519	9.57017296052285E-02
1520	9.57730162845074E-02
1521	9.58055278198952E-02
1522	9.58829278537347E-02
1523	9.59791962543698E-02
1524	9.60508881914514E-02
1525	9.61354111699128E-02
1526	9.61720784146678E-02
1527	9.61687796270354E-02
1528	9.62411412471589E-02
1529	0.096281285607688
1530	9.63277610652367E-02
1531	9.64311522994492E-02
1532	9.65106200984418E-02
1533	9.65456453208924E-02
1534	9.66255255340088E-02
1535	9.66870196233498E-02
1536	0.096698536199647
1537	9.67119463386397E-02
1538	9.67628165112571E-02
1539	9.67929795614119E-02
1540	9.68441367091462E-02
1541	9.69182532363205E-02
1542	9.69729755887132E-02
1543	9.70362960438595E-02
1544	9.70913742384572E-02
1545	9.71010432578244E-02
1546	9.71628827585309E-02
1547	9.72030142156207E-02
1548	0.097268489372428
1549	9.73355583914139E-02
1550	9.73949441680107E-02
1551	9.74121878831274E-02
1552	9.74686094765179E-02
1553	9.75100583378988E-02
1554	9.75363373061514E-02
1555	0.097588112035438
1556	9.76146088428214E-02
1557	9.76321014776142E-02
1558	9.76587608739574E-02
1559	9.76688372951972E-02
1560	9.76956461766358E-02
1561	9.77632058326704E-02
1562	9.77969602167373E-02
1563	9.78141681920016E-02
1564	9.78481297201542E-02
1565	9.78918883964324E-02
1566	9.79193546931815E-02
1567	9.79250824090264E-02
1568	9.79493072148151E-02
1569	9.79521280446721E-02
1570	9.80145793884259E-02
1571	0.098072235390205
1572	9.81037055619549E-02
1573	9.81477708447329E-02
1574	9.82178658761604E-02
1575	9.82095830913109E-02
1576	9.82449631045326E-02
1577	9.83060944090547E-02
1578	9.83486987418251E-02
1579	9.84287805466099E-02
1580	9.84682948926738E-02
1581	9.85392582386165E-02
1582	9.85756275588229E-02
1583	9.86394166045768E-02
1584	9.86760967104075E-02
1585	0.09869456017295
1586	9.87350010123397E-02
1587	9.88331149236605E-02
1588	9.88775150432987E-02
1589	0.098976939345765
1590	9.90217853665053E-02
1591	0.099032128226069
1592	9.91169662269966E-02
1593	9.91493599373041E-02
1594	9.92746423273688E-02
1595	9.93776235645183E-02
1596	9.94346480049083E-02
1597	9.94977279527558E-02
1598	9.95443094408967E-02
1599	9.96293112518601E-02
1600	9.97020584854532E-02
1601	9.97891229748213E-02
1602	9.98624233948449E-02
1603	9.99312487139775E-02
1604	9.99718004122167E-02
1605	0.100027993826884
1606	0.100109726056124
1607	0.100179154443335
1608	0.100227959565348
1609	0.100309580948299
1610	0.100407529188741
1611	0.100474261830392
1612	0.100584332797147
1613	0.10064296713578
1614	0.100708539718504
1615	0.100749805587896
1616	0.100804415399401
1617	0.100824686429957
1618	0.100875834546776
1619	0.100972356862031
1620	0.101024014916045
1621	0.101105641327625
1622	0.101153900006026
1623	0.101245423446225
1624	0.101298057030945
1625	0.101336557165561
1626	0.101397437753701
1627	0.101421286193945
1628	0.101486561797726
1629	0.101594194143595
1630	0.101660142087448
1631	0.101706403601268
1632	0.101764894402014
1633	0.101807808955187
1634	0.101862753494806
1635	0.10193811488793
1636	0.102005667243214
1637	0.101971946001951
1638	0.102035817759843
1639	0.102083114731036
1640	0.102195542355846
1641	0.102255360605823
1642	0.102300854315019
1643	0.102300995561663
1644	0.102310675991703
1645	0.102385533959297
1646	0.102395471939643
1647	0.102497951868392
1648	0.102544721212053
1649	0.102559725250392
1650	0.10260686965077
1651	0.102612272620846
1652	0.102622924833458
1653	0.102644320429738
1654	0.102655106698161
1655	0.102615612212688
1656	0.102593408787322
1657	0.102631360855399
1658	0.102634763678937
1659	0.102635682132939
1660	0.102660664099214
1661	0.102591808468442
1662	0.102565896570416
1663	0.102557524905213
1664	0.102522637941174
1665	0.102534773402836
1666	0.102490844827359
1667	0.102441545312118
1668	0.102383873244381
1669	0.102370819225224
1670	0.102329321269566
1671	0.102312856050354
1672	0.102248800183605
1673	0.102206416487016
1674	0.102132906089872
1675	0.102021479770259
1676	0.101956146211705
1677	0.10182526420149
1678	0.101763636548145
1679	0.101737120729503
1680	0.101635233561462
1681	0.101529300400385
1682	0.101444428364161
1683	0.101368189868687
1684	0.101286942982351
1685	0.101159827344382
1686	0.101077551711712
1687	0.101011165948218
1688	0.100914346874274
1689	0.100876193390485
1690	0.100823959690302
1691	0.100764838132138
1692	0.100698227633666
1693	0.100708244416608
1694	0.100677827114986
1695	0.100625488901981
1696	0.100594722203148
1697	0.100531441595174
1698	0.100500291865598
1699	0.100462114760617
1700	0.100425957293604
1701	0.100394903979802
1702	0.100344312893885
1703	0.100308008194737
1704	0.100299299186226
1705	0.100264003303309
1706	0.100261811598241
1707	0.100170448271927
1708	0.100089963882829
1709	0.10004465208998
1710	0.099997262020197
1711	0.100029442553694
1712	9.99792813103944E-02
1713	9.98453670721544E-02
1714	9.97826856948198E-02
1715	9.96797924119476E-02
1716	9.95764886845286E-02
1717	9.95132937692997E-02
1718	9.93933769670216E-02
1719	9.92549065099677E-02
1720	9.91884444666816E-02
1721	9.90579212013768E-02
1722	9.90164676892844E-02
1723	9.89261651230575E-02
1724	9.87853887213097E-02
1725	9.86734490537213E-02
1726	9.85609729685541E-02
1727	9.85160800064923E-02
1728	9.83873795360119E-02
1729	9.82714552899131E-02
1730	9.82026513926271E-02
1731	9.81705994784895E-02
1732	9.80858355363715E-02
1733	9.80520797933165E-02
1734	9.80386666190757E-02
1735	9.80582457118069E-02
1736	9.80135060593066E-02
1737	9.79672928961933E-02
1738	9.79849874683376E-02
1739	9.79509048183206E-02
1740	9.79066560548437E-02
1741	9.79488860800918E-02
1742	9.80008618168762E-02
1743	9.79946779517154E-02
1744	9.79416178603429E-02
1745	9.79393981022261E-02
1746	9.78478189647387E-02
1747	9.78434127097843E-02
1748	9.78289567089054E-02
1749	9.77840627941642E-02
1750	9.77256718779151E-02
1751	9.76992105381209E-02
1752	9.75506737679961E-02
1753	9.75287986394519E-02
1754	9.75113621330203E-02
1755	9.74953150827953E-02
1756	0.097546572163462
1757	9.74947671580328E-02
1758	9.74720493565476E-02
1759	0.097456260860292
1760	9.74129590008669E-02
1761	9.73631931901395E-02
1762	9.73720791127718E-02
1763	9.73558660426107E-02
1764	9.73474289922596E-02
1765	9.73801833136266E-02
1766	9.73309703719853E-02
1767	9.73602067368996E-02
1768	0.097274641388624
1769	9.72407048457393E-02
1770	9.72327745818519E-02
1771	9.72377449376511E-02
1772	9.72077098738229E-02
1773	9.71597604100829E-02
1774	9.71063453255988E-02
1775	9.71405163285988E-02
1776	9.71693076622229E-02
1777	9.71924985980505E-02
1778	9.71659713876242E-02
1779	9.71090949229227E-02
1780	9.71324292905602E-02
1781	0.09714162709707
1782	9.71858043763585E-02
1783	9.72544514801036E-02
1784	9.72417836685676E-02
1785	0.097204353889864
1786	9.71982866298211E-02
1787	9.72215858077506E-02
1788	0.097215263751765
1789	9.72421488920772E-02
1790	9.72225405046176E-02
1791	0.09715641989991
1792	9.71181036149816E-02
1793	9.71136097826465E-02
1794	9.70947440056637E-02
1795	9.71556518140459E-02
1796	9.71682302451809E-02
1797	9.71388172571292E-02
1798	9.72129191289378E-02
1799	9.72959344946896E-02
1800	9.72399127504338E-02
1801	9.73381846230476E-02
1802	9.74103203874847E-02
1803	9.73272222565297E-02
1804	9.73806896325562E-02
1805	9.73981288198673E-02
1806	9.74003528617909E-02
1807	9.74626130978047E-02
1808	9.75323579916846E-02
1809	0.097602942043882
1810	9.76063227609681E-02
1811	9.76367304438615E-02
1812	9.76937939008208E-02
1813	9.77807291367761E-02
1814	9.78027551933213E-02
1815	9.77692022558943E-02
1816	9.78033016614593E-02
1817	9.78665229459147E-02
1818	0.097889274496046
1819	9.80324937636603E-02
1820	9.81161319970283E-02
1821	9.80570091034543E-02
1822	9.80504366512121E-02
1823	9.80667446212889E-02
1824	0.098121304150666
1825	9.81687024383084E-02
1826	9.82098234306735E-02
1827	9.81683193696999E-02
1828	9.82229477373528E-02
1829	9.82846424164324E-02
1830	0.098317422800301
1831	9.63998843921817E-02
1832	9.64682283166215E-02
1833	9.65970164887393E-02
1834	9.67420470552139E-02
1835	9.68331164583788E-02
1836	9.68785408115827E-02
1837	9.67614060857609E-02
1838	9.67965571406676E-02
1839	0.09687986761586
1840	9.68935212654283E-02
1841	9.69346759291005E-02
1842	9.69113681129664E-02
1843	9.68993895619983E-02
1844	9.70671185647526E-02
1845	9.70824075906643E-02
1846	9.72196975157241E-02
1847	9.72070385494902E-02
1848	9.70619267905898E-02
1849	9.69169717571167E-02
1850	9.68460571834338E-02
1851	9.67160492030706E-02
1852	9.67224844271503E-02
1853	0.096651550709873
1854	9.65978654291389E-02
1855	9.66003262066181E-02
1856	0.096592497706506
1857	9.65540898842398E-02
1858	9.64393820227781E-02
1859	9.63843688883305E-02
1860	9.63350886307999E-02
1861	9.63733713969516E-02
1862	9.63657626248959E-02
1863	9.62413869475959E-02
1864	9.59791975229738E-02
1865	9.58577551942423E-02
1866	9.57026491408889E-02
1867	9.54864123919404E-02
1868	9.53145613118204E-02
1869	9.51060881286425E-02
1870	9.47747109509864E-02
1871	9.44926687420517E-02
1872	9.41682771322762E-02
1873	9.38378410683687E-02
1874	9.35354572526316E-02
1875	9.31118340566319E-02
1876	0.092730816888671
1877	9.23616766522324E-02
1878	9.20864264562742E-02
1879	0.091780978164442
1880	9.13648955638823E-02
1881	0.090860575775832
1882	9.02793394585201E-02
1883	8.96367064046788E-02
1884	8.88088893352127E-02
1885	8.80808721675889E-02
1886	8.73951141275647E-02
1887	8.67651912799461E-02
1888	8.59125667209412E-02
1889	8.50879903151504E-02
1890	8.42852160316936E-02
1891	8.34475576568233E-02
1892	8.25928827348785E-02
1893	8.17870138153984E-02
1894	8.08728698504931E-02
1895	7.97526319938755E-02
1896	7.88376372640426E-02
1897	7.80112098649089E-02
1898	7.72251765166201E-02
1899	7.63196912298461E-02
1900	7.55127854546143E-02
1901	7.45616379613141E-02
1902	7.32801322548993E-02
1903	7.23760269193093E-02
1904	7.16117092684394E-02
1905	7.07938553832114E-02
1906	7.01353196620481E-02
1907	0.069518578233149
1908	6.87886604037564E-02
1909	6.79832165364869E-02
1910	6.72357654239062E-02
1911	6.64652115040033E-02
1912	6.58508875645865E-02
1913	6.53166180801467E-02
1914	6.48316968997281E-02
1915	6.44518810949306E-02
1916	6.40617830016996E-02
1917	6.36131024581894E-02
1918	6.32412246302348E-02
1919	6.28793779272497E-02
1920	6.25100512182915E-02
1921	6.21737493066604E-02
1922	6.17707226532673E-02
1923	0.061517266707186
1924	6.12926224940093E-02
1925	6.10938366769723E-02
1926	6.09819361314777E-02
1927	6.08427607630379E-02
1928	6.07350290406569E-02
1929	6.05613611309142E-02
1930	6.04905700265905E-02
1931	0.060419802909582
1932	0.060330733568408
1933	6.01716737025021E-02
1934	6.01226215909304E-02
1935	6.00385552280171E-02
1936	6.00239894928702E-02
1937	6.02587882400638E-02
1938	6.03619757486615E-02
1939	6.04632651590127E-02
1940	6.05015603695243E-02
1941	6.06078524057967E-02
1942	6.07114037387698E-02
1943	6.07578095415727E-02
1944	6.07205246883595E-02
1945	6.07651079232524E-02
1946	0.060874169236627
1947	6.09980918920966E-02
1948	6.12102029446589E-02
1949	6.13712734724483E-02
1950	6.15321446386171E-02
1951	0.061598551411605
1952	6.17572914554027E-02
1953	6.19751716385565E-02
1954	6.21657245697194E-02
1955	6.22895756859552E-02
1956	6.25352249288109E-02
1957	6.29000563745058E-02
1958	6.31217949492495E-02
1959	6.33637239679369E-02
1960	6.35782372345987E-02
1961	6.37225485467098E-02
1962	0.063633010635884
1963	6.37899401968787E-02
1964	6.40812009343577E-02
1965	0.064306147309544
1966	6.46016410926418E-02
1967	6.47731045308544E-02
1968	6.48765907568654E-02
1969	6.49983320263446E-02
1970	6.50768632942177E-02
1971	6.52691711418691E-02
1972	6.54650674792664E-02
1973	6.56535667364355E-02
1974	6.59070621987393E-02
1975	6.62675630506357E-02
1976	0.066490934725727
1977	6.66974710893683E-02
1978	6.68618427742174E-02
1979	0.066881701904186
1980	6.70233224291367E-02
1981	6.73408528216583E-02
1982	6.75559916186734E-02
1983	6.77920654079794E-02
1984	6.80944769380936E-02
1985	6.83062378003809E-02
1986	6.84266017769715E-02
1987	6.86139534339545E-02
1988	6.88735239602641E-02
1989	6.90962171381514E-02
1990	6.93409509832618E-02
1991	6.95414767333899E-02
1992	6.98189289348874E-02
1993	6.99847049154181E-02
1994	7.02111555267621E-02
1995	7.04118428651734E-02
1996	7.06140312120411E-02
1997	7.07517973028976E-02
1998	7.09836493254823E-02
1999	7.13121774573946E-02
2000	7.14866818630149E-02
2001	7.17110258200693E-02
2002	7.17924191708142E-02
2003	7.17747172373566E-02
2004	7.18461888902924E-02
2005	7.19597520860297E-02
2006	7.21713004351187E-02
2007	7.23745597671196E-02
2008	7.26938246763399E-02
2009	7.28456410424882E-02
2010	7.29186332967349E-02
2011	7.29871305148711E-02
2012	7.29643931268733E-02
2013	7.30100912155816E-02
2014	7.30219952108315E-02
2015	0.07316158253298
2016	7.32689443952777E-02
2017	7.33233355143678E-02
2018	7.34169436314135E-02
2019	7.33705980736266E-02
2020	7.34236216481135E-02
2021	7.35030140283564E-02
2022	7.35816542470996E-02
2023	7.36824681326348E-02
2024	7.37338760130167E-02
2025	7.38463762153998E-02
2026	0.073866030551351
2027	7.38703023643264E-02
2028	7.37900772698621E-02
2029	7.36407917121292E-02
2030	7.35349346649849E-02
2031	7.33911322951846E-02
2032	7.30598421547417E-02
2033	7.29842284595864E-02
2034	7.30439505137444E-02
2035	7.29659617390437E-02
2036	7.29094250539827E-02
2037	7.28289429400352E-02
2038	7.25765946464195E-02
2039	7.24978533900851E-02
2040	7.24858324040361E-02
2041	0.072458585558286
2042	7.23879963753233E-02
2043	7.22207994174386E-02
2044	7.20653265519613E-02
2045	0.071831674358429
2046	7.17275918820366E-02
2047	7.16853733022775E-02
2048	7.16092775607323E-02
2049	7.14825031178404E-02
2050	7.13688467786828E-02
2051	7.12096952561139E-02
2052	7.09806787753561E-02
2053	7.08825875376271E-02
2054	7.09227735386363E-02
2055	7.08101127083249E-02
2056	7.08352423797481E-02
2057	0.07091136219643
2058	7.08413471875693E-02
2059	7.07725599668924E-02
2060	7.07263596588101E-02
2061	7.07213803046211E-02
2062	7.06236016782157E-02
2063	7.06250902416626E-02
2064	7.07110121728015E-02
2065	7.08327032795752E-02
2066	7.07996640837404E-02
2067	7.06690835153418E-02
2068	7.05908074627185E-02
2069	7.04465737486247E-02
2070	7.04729579220891E-02
2071	7.05262442639622E-02
2072	7.05140340095244E-02
2073	7.04121248758329E-02
2074	7.03728269593419E-02
2075	7.02308136561948E-02
2076	7.02204083175321E-02
2077	7.02879393937011E-02
2078	0.070342780948144
2079	0.070351282512068
2080	7.03276489621423E-02
2081	0.070359324673119
2082	7.04991189532903E-02
2083	7.05036100234732E-02
2084	7.04718650325767E-02
2085	7.04437635039116E-02
2086	7.03672249180683E-02
2087	7.03707534082114E-02
2088	7.03725372821241E-02
2089	7.04079212137714E-02
2090	7.03749853861293E-02
2091	7.04490855077801E-02
2092	7.05331690046653E-02
2093	7.06150553654499E-02
2094	0.070636730957535
2095	7.07373731276442E-02
2096	7.07896156016806E-02
2097	7.07378699894069E-02
2098	0.070690218267852
2099	7.06674545358334E-02
2100	7.06432508576392E-02
2101	7.06474767237514E-02
2102	7.06578576378466E-02
2103	0.070653525416863
2104	7.06662440269558E-02
2105	7.06653156849587E-02
2106	7.06454923904282E-02
2107	7.06087757522327E-02
2108	7.06247553138019E-02
2109	7.06634092898946E-02
2110	7.07653959102105E-02
2111	7.08644243530033E-02
2112	7.09153766397147E-02
2113	7.10529649055464E-02
2114	7.09214614843584E-02
2115	7.09608399141516E-02
2116	7.10310794870111E-02
2117	7.11085970272635E-02
2118	7.11935029072972E-02
2119	7.12430070234415E-02
2120	7.11725550102044E-02
2121	7.11673255443139E-02
2122	7.12340327817633E-02
2123	7.11055478916253E-02
2124	7.10835085352941E-02
2125	7.11758284420158E-02
2126	7.11164335879598E-02
2127	7.10833862673727E-02
2128	7.11527110378678E-02
2129	0.071154685289223
2130	7.11210479027708E-02
2131	7.10244409707327E-02
2132	7.10821129343884E-02
2133	7.11817114704846E-02
2134	7.12203893752773E-02
2135	7.12826992568519E-02
2136	7.12824893322306E-02
2137	7.11763617817798E-02
2138	7.11494832113301E-02
2139	7.11157505842189E-02
2140	7.09709386413676E-02
2141	0.070747530014275
2142	0.070757266861827
2143	7.07260064075025E-02
2144	7.05884633140345E-02
2145	7.06624008990507E-02
2146	7.05334042814058E-02
2147	7.04680671091807E-02
2148	7.03365874021399E-02
2149	7.03105461712186E-02
2150	7.03412419548862E-02
2151	7.03573358156448E-02
2152	7.04249320192153E-02
2153	7.04810110418655E-02
2154	0.070484690733889
2155	7.03951119705994E-02
2156	7.03665016856557E-02
2157	7.01914307382961E-02
2158	7.00517972901596E-02
2159	7.00383558946266E-02
2160	6.99169984219222E-02
2161	6.97887517956318E-02
2162	6.97767445739539E-02
2163	6.97776470594742E-02
2164	6.97372648289653E-02
2165	6.97040399070005E-02
2166	0.069655999831126
2167	6.96000285884561E-02
2168	6.95848872817151E-02
2169	6.96263962051378E-02
2170	6.96162271916265E-02
2171	6.96012111183776E-02
2172	6.96153653340369E-02
2173	6.95304568919499E-02
2174	6.94757292408793E-02
2175	6.95073576437532E-02
2176	6.95134774543419E-02
2177	6.94557540588967E-02
2178	6.95216507189556E-02
2179	6.95754939320734E-02
2180	6.95422856633818E-02
2181	6.96077870156219E-02
2182	6.95133709392039E-02
2183	6.94667432751321E-02
2184	6.92885001857608E-02
2185	6.91929149999669E-02
2186	6.91255584318208E-02
2187	6.90915745199076E-02
2188	6.89093478862873E-02
2189	6.88499506488546E-02
2190	6.88086113830274E-02
2191	6.88888663710763E-02
2192	6.90091373586999E-02
2193	6.91672746551921E-02
2194	6.93422142546777E-02
2195	6.93032980329401E-02
2196	6.91015270349515E-02
2197	6.89497005365368E-02
2198	6.88964131466164E-02
2199	6.88830819693179E-02
2200	6.90285170256308E-02
2201	6.91391522592943E-02
2202	6.91262094645476E-02
2203	6.90929226415274E-02
2204	6.90634219537272E-02
2205	6.89641842976806E-02
2206	0.068960082424376
2207	6.90553754520949E-02
2208	6.91517347380081E-02
2209	0.069211531702796
2210	6.92841955151209E-02
2211	6.93049151205497E-02
2212	6.92123981346272E-02
2213	6.91896440793632E-02
2214	0.069207242715463
2215	6.90908869570607E-02
2216	6.91625420840487E-02
2217	0.069183068096939
2218	6.91627338994992E-02
2219	6.94571071966482E-02
2220	6.96196601551227E-02
2221	6.98770069592504E-02
2222	7.01625856192661E-02
2223	7.03213304696064E-02
2224	7.02595561498377E-02
2225	7.03336738497887E-02
2226	7.03364589596354E-02
2227	7.04257017614837E-02
2228	7.05538722054971E-02
2229	7.06112183063628E-02
2230	7.05734084327673E-02
2231	7.05746904513168E-02
2232	0.070609462987321
2233	7.06954456134868E-02
2234	7.06085973007713E-02
2235	7.04751008225583E-02
2236	7.05376713421949E-02
2237	7.03872865858031E-02
2238	7.03184316733139E-02
2239	7.03812506253395E-02
2240	7.03509154836834E-02
2241	7.03691145568831E-02
2242	7.04976092450435E-02
2243	7.04435393157642E-02
2244	7.02873540567576E-02
2245	6.99184510283326E-02
2246	6.97307885394936E-02
2247	0.069551839416426
2248	6.93706463449641E-02
2249	6.92921514442423E-02
2250	6.91116471463973E-02
2251	0.068878784938806
2252	6.86922315053799E-02
2253	6.84184286644583E-02
2254	6.83255559150252E-02
2255	6.84078447026946E-02
2256	6.83092807738735E-02
2257	6.79880698363987E-02
2258	6.79267187962432E-02
2259	6.77304009629183E-02
2260	6.74719763476747E-02
2261	6.74389628245201E-02
2262	6.73064624816187E-02
2263	0.067122335181525
2264	6.69876138536734E-02
2265	6.70301843037189E-02
2266	6.69339069728844E-02
2267	6.67629841920588E-02
2268	0.066642732926292
2269	6.64161597960305E-02
2270	6.60495345496622E-02
2271	0.065861561135909
2272	6.56748979902081E-02
2273	6.54330625844868E-02
2274	0.065327721431092
2275	6.52136816849814E-02
2276	0.065096013363356
2277	6.50233308583993E-02
2278	6.50397076096924E-02
2279	6.48808754917067E-02
2280	6.46086361964085E-02
2281	6.45081844155603E-02
2282	6.43145243469974E-02
2283	6.43932165500911E-02
2284	0.064620730459799
2285	6.47513879489158E-02
2286	6.46277257593324E-02
2287	6.43967216192932E-02
2288	6.41669609740492E-02
2289	6.39336818289761E-02
2290	6.39578847425442E-02
2291	6.41831875078092E-02
2292	6.41258785667691E-02
2293	6.39976334291442E-02
2294	6.39354107176254E-02
2295	6.37219107859818E-02
2296	6.36192062278026E-02
2297	6.34814101577226E-02
2298	6.34295045778039E-02
2299	6.33965390013456E-02
2300	6.33303830278228E-02
2301	6.32183902059781E-02
2302	6.31876260351506E-02
2303	6.31453918755148E-02
2304	6.31646439087355E-02
2305	6.32734295447549E-02
2306	6.32692451299528E-02
2307	6.29485999149568E-02
2308	6.28167834210112E-02
2309	0.062671760153207
2310	6.26275947439605E-02
2311	6.25640224261182E-02
2312	6.24490573010385E-02
2313	6.24550336744209E-02
2314	6.21561548672077E-02
2315	6.18226827127633E-02
2316	6.18685169117969E-02
2317	0.06167984098075
2318	6.15130472202032E-02
2319	6.17209765080918E-02
2320	6.17502657397716E-02
2321	6.17112333082613E-02
2322	6.15926611364529E-02
2323	6.13781089460222E-02
2324	6.12654510563273E-02
2325	6.13391480941762E-02
2326	6.15870910176198E-02
2327	6.17571801239276E-02
2328	6.19447180699109E-02
2329	0.06189881199052
2330	6.16496995743775E-02
2331	6.16167113959047E-02
2332	0.061514403971563
2333	6.14732700904098E-02
2334	6.14442833622615E-02
2335	6.14732997818703E-02
2336	6.15280166518603E-02
2337	6.13915767222292E-02
2338	6.13168603460445E-02
2339	6.11781013066835E-02
2340	6.07580385399704E-02
2341	6.06078884043896E-02
2342	6.07205024687723E-02
2343	6.07510938630546E-02
2344	6.07148369092381E-02
2345	6.08083024416155E-02
2346	6.08631124756519E-02
2347	6.09481801681539E-02
2348	0.061231845884778
2349	6.15090148912454E-02
2350	6.12553189973022E-02
2351	6.11681407041484E-02
2352	6.10218519612147E-02
2353	0.060856399900083
2354	6.08324614717701E-02
2355	6.08391794998032E-02
2356	6.05946068573582E-02
2357	6.04748462630953E-02
2358	6.07710520562474E-02
2359	6.08229085920194E-02
2360	6.09371657478818E-02
2361	6.08943689287862E-02
2362	6.05585308411652E-02
2363	6.02877090649429E-02
2364	6.02341316063736E-02
2365	6.02117918122132E-02
2366	0.060077004992964
2367	0.060049861089721
2368	5.99131041216829E-02
2369	5.96221507091173E-02
2370	5.94904294739955E-02
2371	0.059325118453785
2372	5.93980514051069E-02
2373	5.94902049283705E-02
2374	5.96984902268934E-02
2375	6.00253720788973E-02
2376	6.00355589316937E-02
2377	5.97596919677689E-02
2378	5.96234502446172E-02
2379	5.93696348585865E-02
2380	5.92903190970244E-02
2381	5.95984993183625E-02
2382	5.95151437169424E-02
2383	5.90614761019853E-02
2384	5.88297099995257E-02
2385	5.84578751370206E-02
2386	5.83137885905115E-02
2387	5.83696774163891E-02
2388	5.83851453073702E-02
2389	5.84800684168057E-02
2390	5.85599669782755E-02
2391	5.85197093393576E-02
2392	5.84446531810623E-02
2393	5.83436801437127E-02
2394	5.80999920237477E-02
2395	5.77122992297595E-02
2396	0.057387456360725
2397	5.68176199896487E-02
2398	5.65513319203522E-02
2399	5.64294219742839E-02
2400	5.64542589117722E-02
2401	5.64711277006101E-02
2402	5.66070439552679E-02
2403	5.69072101204487E-02
2404	5.69864131200565E-02
2405	5.67246925377946E-02
2406	5.66454593444753E-02
2407	5.64970237474944E-02
2408	5.61627123242941E-02
2409	5.58934166134463E-02
2410	5.54697977830042E-02
2411	0.055160954490597
2412	5.48142733510277E-02
2413	5.47118458081479E-02
2414	5.50789876436808E-02
2415	5.50750098088818E-02
2416	0.055043618446242
2417	5.47431823156052E-02
2418	5.43046435749027E-02
2419	5.42369187591691E-02
2420	5.38260271589482E-02
2421	5.38480956285926E-02
2422	0.053806275914345
2423	0.052917581861678
2424	5.22014443485241E-02
2425	5.20456067291023E-02
2426	5.22488999454311E-02
2427	5.23966275425533E-02
2428	5.31132458056208E-02
2429	0.053268615372797
2430	5.30638716275276E-02
2431	5.29175959122604E-02
2432	5.29270097761482E-02
2433	5.25749514386071E-02
2434	5.17974813566663E-02
2435	5.16442219740762E-02
2436	5.15156322360059E-02
2437	5.13583336673184E-02
2438	5.13273031402771E-02
2439	5.11454357522352E-02
2440	5.05937471421392E-02
2441	5.04047450110503E-02
2442	0.050608537231295
2443	5.06284345591136E-02
2444	5.05735927452021E-02
2445	0.050373881399824
2446	5.01453769824899E-02
2447	4.99348074436043E-02
2448	4.96459927695135E-02
2449	4.93085256968992E-02
2450	4.88950483959209E-02
2451	4.87817293778079E-02
2452	4.85344243527875E-02
2453	4.84116244688623E-02
2454	4.86934604209073E-02
2455	0.048558945544623
2456	4.82524798250568E-02
2457	4.76327402070772E-02
2458	4.65671371227618E-02
2459	4.60516332117332E-02
2460	4.54003740553993E-02
2461	4.52377588447331E-02
2462	4.56348123849863E-02
2463	4.59543535932993E-02
2464	4.62442588022997E-02
2465	4.63163981391437E-02
2466	4.60364650363619E-02
2467	4.58829033956527E-02
2468	4.56229307314252E-02
2469	4.53664735979374E-02
2470	4.53490816335151E-02
2471	4.52198952905819E-02
2472	4.50792564831859E-02
2473	4.50936746240091E-02
2474	4.54351982396302E-02
2475	4.53443586405041E-02
2476	4.47152315864058E-02
2477	4.45037733181352E-02
2478	4.42664248719106E-02
2479	4.42027811171081E-02
2480	4.47255372543863E-02
2481	4.46973814092255E-02
2482	4.41435341909276E-02
2483	4.38737134202986E-02
2484	0.044030420492394
2485	4.40710921288177E-02
2486	4.44625412979053E-02
2487	4.43769110794586E-02
2488	4.38746682515762E-02
2489	4.36661915114614E-02
2490	4.29581821796744E-02
2491	4.26168453581954E-02
2492	4.30165564160819E-02
2493	4.28718914220478E-02
2494	4.26451184609579E-02
2495	4.26816394208708E-02
2496	4.29817392267769E-02
2497	4.30844909539777E-02
2498	4.30720562124303E-02
2499	4.34328685680557E-02
2500	4.34740570805756E-02
