350	0.50965739404718
351	0.525617490258735
352	0.509245499577141
353	0.495368406955202
354	0.478889760742642
355	0.49518936556505
356	0.494715195315168
357	0.475941505878606
358	0.484732185430464
359	0.489410700914113
360	0.46926780585542
361	0.460265395159312
362	0.463845307510876
363	0.475640920487423
364	0.461868976364327
365	0.454266487293498
366	0.456398823269263
367	0.458213995355782
368	0.447675761105495
369	0.447464679283612
370	0.442492098480342
371	0.448790348492826
372	0.44373917871946
373	0.438130882099626
374	0.433108788339437
375	0.431844376188387
376	0.42812133339915
377	0.424691988814464
378	0.424573583535626
379	0.423941996842181
380	0.41725214643086
381	0.410221392432781
382	0.40583874164418
383	0.407946813628465
384	0.408226700160517
385	0.407542073017291
386	0.406615050016804
387	0.402883267148827
388	0.401219906975868
389	0.397658977996723
390	0.396158995288505
391	0.396701136348162
392	0.396600272271267
393	0.391336096332474
394	0.384666221930757
395	0.38717621057475
396	0.385766628611871
397	0.384583020807219
398	0.382125357011496
399	0.383168030429477
400	0.381625306777747
401	0.380397587129817
402	0.379678265873183
403	0.377579460293723
404	0.377675956519733
405	0.380029943461865
406	0.375704846743196
407	0.372915593173969
408	0.37455106142453
409	0.375299516844958
410	0.37238907890623
411	0.370267770255738
412	0.368657783517934
413	0.367649915011103
414	0.367286018479283
415	0.365904679694763
416	0.364746593461174
417	0.362795154601891
418	0.359742704032266
419	0.357249236638176
420	0.35580470823505
421	0.354691442183712
422	0.354143061068666
423	0.35298332259031
424	0.351742048622785
425	0.350658161144737
426	0.349472599070858
427	0.347796206924182
428	0.346273770417836
429	0.345282010913691
430	0.344228956720645
431	0.342817842968557
432	0.341280038977835
433	0.340547305729044
434	0.340314204595393
435	0.340170282472632
436	0.339103462562367
437	0.338308885822929
438	0.337639005643299
439	0.337011389978528
440	0.33729994895581
441	0.336808818032108
442	0.335854150155284
443	0.335543732639777
444	0.335147494881843
445	0.334338873239317
446	0.334096110979954
447	0.334028164084484
448	0.333581757570308
449	0.333387703636212
450	0.333232965628586
451	0.333092800681965
452	0.332775864028798
453	0.33196802615532
454	0.331487177623308
455	0.331196233283526
456	0.330800690192898
457	0.330029959458125
458	0.32929773565562
459	0.329046582750824
460	0.328901823997693
461	0.328417181934034
462	0.328281698395737
463	0.327954513601301
464	0.327361346194342
465	0.327017678861553
466	0.32635120472924
467	0.325937846782518
468	0.325616916757054
469	0.325386527075012
470	0.324677250241118
471	0.324114459898053
472	0.324038739989393
473	0.3238387779966
474	0.323452278618595
475	0.323372567228836
476	0.323013893920149
477	0.322767693654672
478	0.322341707484097
479	0.321919451081372
480	0.322212123116779
481	0.322096115423244
482	0.321885250590942
483	0.321839435027652
484	0.321564777788627
485	0.321348167403
486	0.320995286881771
487	0.320378343914789
488	0.320231712388948
489	0.320336152165312
490	0.320270262890793
491	0.319921420318542
492	0.319975540110828
493	0.32014093045328
494	0.320206616650069
495	0.32045084132415
496	0.320373078321655
497	0.320484275423941
498	0.320577292897988
499	0.320671093967194
500	0.320488155242484
501	0.320337948637581
502	0.320578591792207
503	0.320435357110299
504	0.320154434219764
505	0.320401066913526
506	0.320577775374752
507	0.32076910824844
508	0.320709369384183
509	0.320727824621109
510	0.320856807523803
511	0.321118159964561
512	0.321082968439556
513	0.321231343368907
514	0.321377233348028
515	0.32143005388084
516	0.321401265704068
517	0.321316150197009
518	0.321261308350795
519	0.321508408372968
520	0.321565810396704
521	0.321653253866376
522	0.321627673370392
523	0.321891198185866
524	0.322245686071479
525	0.322446064740569
526	0.322442904140608
527	0.322532279947496
528	0.322807587125419
529	0.323007540759638
530	0.32312264785339
531	0.323269866933088
532	0.3235565162401
533	0.323730644815376
534	0.323833939195299
535	0.323944747099584
536	0.324127044946143
537	0.324349884611426
538	0.324523971200948
539	0.324679343242785
540	0.324917935481402
541	0.325168262715692
542	0.325350680154411
543	0.325522889109327
544	0.325750748025645
545	0.326025946858903
546	0.326274787007016
547	0.326451849039989
548	0.326565197290957
549	0.326823407594643
550	0.327199383959793
551	0.327402902040298
552	0.327639928054929
553	0.327891580803933
554	0.328200440008875
555	0.328412346466654
556	0.32860464302795
557	0.32888592072393
558	0.329214675548622
559	0.329407429317676
560	0.329507632716166
561	0.329707791337043
562	0.330037018646411
563	0.330341713889659
564	0.330520889531125
565	0.330709902166407
566	0.331068484234609
567	0.331394815229817
568	0.331558974795387
569	0.331726160203937
570	0.331886211478557
571	0.332103909341532
572	0.33232739648294
573	0.3323968713431
574	0.332545970806867
575	0.332810760681911
576	0.333072596759989
577	0.333215695665972
578	0.333295481840144
579	0.333429700905049
580	0.333654055657389
581	0.333798642607761
582	0.333960251790761
583	0.334141097650972
584	0.334349187434485
585	0.334473430823256
586	0.334606907166192
587	0.334713602619777
588	0.33486908594004
589	0.334893552052477
590	0.334896890684541
591	0.334908446667405
592	0.335071339426186
593	0.335219740710816
594	0.33525716285425
595	0.335433097670645
596	0.335614043054937
597	0.335752872945291
598	0.335821927767926
599	0.335928203359017
600	0.336020355203738
601	0.336146904629826
602	0.336184891313065
603	0.336213521032456
604	0.336233427649259
605	0.336264690940384
606	0.336359751619182
607	0.336457533199824
608	0.336525008452015
609	0.336585192156308
610	0.336667011513519
611	0.336688135469023
612	0.336708273070964
613	0.336772718050246
614	0.336772485575988
615	0.336736209358867
616	0.33677124568877
617	0.336770444117728
618	0.33683370554963
619	0.336956504397137
620	0.336958103591176
621	0.336961850363999
622	0.337059374299978
623	0.33716650077359
624	0.337164969205882
625	0.337160914607073
626	0.337191622712647
627	0.337239571890381
628	0.337242249426015
629	0.337272904787757
630	0.337293179652026
631	0.337355507553524
632	0.337374725110168
633	0.337370678968237
634	0.337410517395873
635	0.337523444113707
636	0.337629134618621
637	0.337661956141203
638	0.337587961729517
639	0.337671422176506
640	0.337793827682566
641	0.337852766254759
642	0.337914250983678
643	0.337927978200016
644	0.337936857979143
645	0.337968318796965
646	0.338023071155554
647	0.338036920067406
648	0.338061786548852
649	0.338171160851271
650	0.338239184754134
651	0.338196538382304
652	0.338197602545761
653	0.33828500710731
654	0.338348301996378
655	0.338403051428594
656	0.338448197842874
657	0.338454000502465
658	0.338480329984356
659	0.338427152262868
660	0.338540613620691
661	0.338689720986103
662	0.338782361028812
663	0.338831106925898
664	0.338950191189046
665	0.339036896971389
666	0.339108312660026
667	0.339144797298802
668	0.3391532485101
669	0.339216110730209
670	0.339387498788725
671	0.339462656019424
672	0.339463944171078
673	0.339495906591131
674	0.33957253624728
675	0.339698545994307
676	0.339821790871667
677	0.339762475534081
678	0.339845244281755
679	0.339962971481676
680	0.340045304157154
681	0.340046263344212
682	0.340158723793411
683	0.340266142503668
684	0.340302920348861
685	0.340305879308848
686	0.340381864977847
687	0.340466653419173
688	0.340519376250763
689	0.340400263002967
690	0.340274472148653
691	0.340216598488344
692	0.340436162969076
693	0.34066698325283
694	0.3409053134576
695	0.341272935448708
696	0.341960222057754
697	0.342197515672923
698	0.341905792331464
699	0.341443108130832
700	0.341320421968623
701	0.341330248310856
702	0.341342029937195
703	0.341374092833173
704	0.341423353433665
705	0.341457133922729
706	0.341494552244996
707	0.341556049426023
708	0.341683403206473
709	0.341763061492911
710	0.34178637043781
711	0.34181985088525
712	0.341872598739457
713	0.341903209744392
714	0.341982267232653
715	0.34203342936056
716	0.342113435948097
717	0.342147034819716
718	0.342212757617854
719	0.342177874424065
720	0.34207689588392
721	0.341961702311265
722	0.342020353268874
723	0.342169884026461
724	0.342273760503165
725	0.342295469981932
726	0.342337692093909
727	0.342360659316001
728	0.342389889002934
729	0.342371201547081
730	0.342462830381419
731	0.342535051462455
732	0.342515607245905
733	0.342525661996256
734	0.342628571391462
735	0.34272649489998
736	0.342720594865023
737	0.342755334122249
738	0.342827454819178
739	0.342868510962822
740	0.342805411945106
741	0.342844037119983
742	0.342949319451459
743	0.343006621500925
744	0.343005501355626
745	0.343048871985857
746	0.343142731195185
747	0.343157123692027
748	0.343125793531996
749	0.343095784119974
750	0.343114184631924
751	0.34326634621169
752	0.343297182416885
753	0.343254581876392
754	0.343268894997077
755	0.343325039512506
756	0.343382409117135
757	0.343417484480943
758	0.343424921130495
759	0.343415301916821
760	0.343373292091729
761	0.343211608325876
762	0.343033291408896
763	0.342879962980705
764	0.342764138175203
765	0.342758470513951
766	0.342868765711506
767	0.343041757986931
768	0.343196084406965
769	0.343364023002167
770	0.343490427977555
771	0.343652016951299
772	0.34377175098689
773	0.34379462501154
774	0.343767267834277
775	0.34376385535464
776	0.343828042304336
777	0.343885268610057
778	0.343888138425436
779	0.343844201730337
780	0.343831198839019
781	0.343923088957499
782	0.343891174104188
783	0.343858452958815
784	0.343908884327072
785	0.344000418487847
786	0.344028275462243
787	0.343955455022193
788	0.343927521356535
789	0.343956895065324
790	0.344021922717005
791	0.344026705853386
792	0.343994643824508
793	0.34399613501144
794	0.344073054839414
795	0.344170239575749
796	0.344115231086842
797	0.344073547098706
798	0.344120094056342
799	0.344227455999878
800	0.344197904552939
801	0.344104485653547
802	0.344059614325269
803	0.344197475401532
804	0.34426912190096
805	0.344204609787045
806	0.34414987809825
807	0.344169176777052
808	0.344209985130645
809	0.344206855876417
810	0.344196211533716
811	0.344218689468126
812	0.344222409594958
813	0.3442505590879
814	0.34426975373065
815	0.344257370307326
816	0.344194970888518
817	0.344114913697612
818	0.344123320867301
819	0.344156805700486
820	0.344145152774748
821	0.344115147688038
822	0.344133326708232
823	0.344197746076566
824	0.344249414889271
825	0.344241559156045
826	0.344193739694972
827	0.344209983183347
828	0.344299833565353
829	0.344407169435467
830	0.344377696102517
831	0.344315651815004
832	0.344348970876469
833	0.344452069403766
834	0.344491969409123
835	0.344441788607023
836	0.344381015327871
837	0.344413983326649
838	0.344410232768464
839	0.344420518079164
840	0.344447247690671
841	0.344503375167325
842	0.344496739581517
843	0.344472166932226
844	0.344469264396468
845	0.344464359409338
846	0.344439420072989
847	0.344410615340452
848	0.344387608083365
849	0.344434482721694
850	0.344421558860322
851	0.344401814741798
852	0.344345531386257
853	0.344410732505777
854	0.344471017945813
855	0.344424001390238
856	0.344409990079527
857	0.344395226775408
858	0.344403253475586
859	0.344476517129059
860	0.344487360552595
861	0.344527160514388
862	0.344489167187694
863	0.344510298389714
864	0.344522753690571
865	0.344523197113547
866	0.344565882937955
867	0.344588210836724
868	0.344463017506361
869	0.344482787443589
870	0.344522720671821
871	0.344516089280799
872	0.344518836692443
873	0.344473818552626
874	0.344508457087593
875	0.344520388257386
876	0.344520398811076
877	0.344502083152773
878	0.3444865967284
879	0.344457113903593
880	0.344409607697477
881	0.344389007652944
882	0.344407223297499
883	0.344477665613293
884	0.344469981856924
885	0.34441691933311
886	0.344491847900524
887	0.344567670716319
888	0.344595676527149
889	0.344534269967521
890	0.344423905161153
891	0.344504544727457
892	0.344557168967845
893	0.344527398051318
894	0.344500965061544
895	0.344539718415538
896	0.344509863710003
897	0.344426886951013
898	0.344382339882309
899	0.344431460245619
900	0.34440434272161
901	0.34439752520514
902	0.344373665323198
903	0.344353416675968
904	0.344335386087957
905	0.344368579397664
906	0.344377912110363
907	0.344342613410857
908	0.344391846011138
909	0.344427735344599
910	0.344392067003575
911	0.3442778972673
912	0.344376719250721
913	0.344433779014376
914	0.344418505074314
915	0.344315716989788
916	0.344367869784208
917	0.344363291128204
918	0.344241348680503
919	0.344210196170212
920	0.344403653002905
921	0.344498241569845
922	0.344447594715608
923	0.344410350183831
924	0.344412196625812
925	0.344435906689731
926	0.344409928440409
927	0.344296781402547
928	0.344331495306352
929	0.34439919865148
930	0.344499833976748
931	0.344299752099203
932	0.344268162808545
933	0.344394284333727
934	0.344319936989503
935	0.34411857440206
936	0.344240394003374
937	0.344330902576273
938	0.344321213014899
939	0.344218190287627
940	0.344253379331895
941	0.344348176870706
942	0.344412829600777
943	0.344351881075387
944	0.344158454989472
945	0.344245449338278
946	0.344304720354767
947	0.344288029941297
948	0.344139102513647
949	0.34414432491442
950	0.344218631509898
951	0.344291092900477
952	0.344194412418176
953	0.344134001824659
954	0.344175059998366
955	0.344219216623369
956	0.344233494968582
957	0.344300411008641
958	0.344502559170433
959	0.344547418342995
960	0.344341071643477
961	0.344530988841555
962	0.344563498051993
963	0.344468394862874
964	0.34433673693663
965	0.344383662204484
966	0.344550954006799
967	0.344729438052461
968	0.344617857253415
969	0.344624755509405
970	0.344658119100481
971	0.344731355521385
972	0.344654531248426
973	0.344661040015379
974	0.344897922720536
975	0.344951363202102
976	0.344775040239377
977	0.344798281154051
978	0.345014052650651
979	0.345068500127555
980	0.3450409161208
981	0.345069875500845
982	0.345252721185191
983	0.345474060210444
984	0.345253207250476
985	0.345254960009012
986	0.345408506318373
987	0.345380655546178
988	0.345299280198533
989	0.34537481344541
990	0.345583853355328
991	0.345544502805117
992	0.345156536689376
993	0.345239413553965
994	0.345627999703145
995	0.345703415650346
996	0.345803621607121
997	0.345817261998188
998	0.345734046589347
999	0.345759118172139
1000	0.345628479627302
1001	0.343727305264173
1002	0.343845577070605
1003	0.343745072880103
1004	0.343647401343069
1005	0.343542232787849
1006	0.343549633738366
1007	0.34344637859179
1008	0.343509693123533
1009	0.343525912914213
1010	0.34343847896389
1011	0.343454932569834
1012	0.343354926830416
1013	0.343411218978068
1014	0.343330655685404
1015	0.343254496058136
1016	0.343119623955496
1017	0.343092234051126
1018	0.343110028700709
1019	0.343208286618235
1020	0.343187293494035
1021	0.343200888500445
1022	0.343180178279794
1023	0.343043338028907
1024	0.342949723953609
1025	0.342963630656873
1026	0.34297824157027
1027	0.342948535439488
1028	0.342890779928724
1029	0.34293846538165
1030	0.342994386072661
1031	0.342901892102396
1032	0.34283450793719
1033	0.342776224330597
1034	0.342722024374975
1035	0.342665123643723
1036	0.342744072481338
1037	0.342721927630059
1038	0.342671477877789
1039	0.342714846199323
1040	0.342548432074833
1041	0.342561319918493
1042	0.342578892452713
1043	0.342596700901833
1044	0.342609102609103
1045	0.342682937046142
1046	0.34266489900809
1047	0.342621081854858
1048	0.342635704090012
1049	0.34255431288033
1050	0.342632763370217
1051	0.342484481243017
1052	0.342562499034525
1053	0.342560561674684
1054	0.342546378486737
1055	0.34253404120267
1056	0.342513410499182
1057	0.342524280972898
1058	0.342450714471436
1059	0.342446621396009
1060	0.342325000830298
1061	0.342340171203825
1062	0.342256928836898
1063	0.342327329988548
1064	0.342362485297815
1065	0.342399711037878
1066	0.342434674612753
1067	0.342410298894482
1068	0.34225220312042
1069	0.342308976175306
1070	0.342277271013552
1071	0.342323932940081
1072	0.342315363948796
1073	0.342303343646003
1074	0.34230000924607
1075	0.342286107832741
1076	0.342213007425118
1077	0.342239864088107
1078	0.342215928417864
1079	0.34209669583488
1080	0.342094739246436
1081	0.342055987813284
1082	0.342052442419701
1083	0.342134208090861
1084	0.34214531274739
1085	0.342142611868954
1086	0.342099344024657
1087	0.342121907379651
1088	0.342115371417914
1089	0.342129064354431
1090	0.342149269282421
1091	0.342086361369293
1092	0.342160595147729
1093	0.342180070698062
1094	0.342188133366608
1095	0.342162511553009
1096	0.342150266760878
1097	0.342125342728936
1098	0.342132742777268
1099	0.342171690124893
1100	0.342140494751538
1101	0.342079472592585
1102	0.342107538648918
1103	0.342092800169053
1104	0.342110541521776
1105	0.342125474679812
1106	0.34207093328721
1107	0.342087242662738
1108	0.342086442426903
1109	0.342107028021255
1110	0.342110216702677
1111	0.342070393775372
1112	0.342073778734133
1113	0.342043244546671
1114	0.342040604465327
1115	0.342034170002643
1116	0.341987823081414
1117	0.341960509501815
1118	0.341921377780053
1119	0.341883625458944
1120	0.341905801828596
1121	0.341953271725992
1122	0.341948842363208
1123	0.341975301767991
1124	0.341969606621279
1125	0.341935832192918
1126	0.341949822647888
1127	0.341949379747451
1128	0.341940173447837
1129	0.341952524388987
1130	0.34192095351004
1131	0.341954374196277
1132	0.341971277269391
1133	0.34208909422066
1134	0.342086369281528
1135	0.342109713997447
1136	0.342119869848657
1137	0.342175797059704
1138	0.342158429631844
1139	0.342116979644135
1140	0.342172098926721
1141	0.342233261343701
1142	0.342166074933175
1143	0.342188872740555
1144	0.342224993139508
1145	0.342244909155998
1146	0.342244596912747
1147	0.342266800311482
1148	0.342290124679727
1149	0.34229202284033
1150	0.342341654716306
1151	0.342401560911486
1152	0.342440878762706
1153	0.34247978480581
1154	0.342553473691683
1155	0.342541457954686
1156	0.342602316932626
1157	0.342613545470421
1158	0.342645491025298
1159	0.342758103243108
1160	0.3428050737371
1161	0.34279909200579
1162	0.342861404316822
1163	0.342953904362243
1164	0.342971649370696
1165	0.343009952958727
1166	0.343068994854449
1167	0.343058809357915
1168	0.34307491690764
1169	0.343109792056876
1170	0.34309107139907
1171	0.343131442166006
1172	0.343219110366416
1173	0.343316738039851
1174	0.343345344288016
1175	0.343390222535743
1176	0.343398248863185
1177	0.343432373389411
1178	0.343429952831548
1179	0.343480050884627
1180	0.343566497036397
1181	0.343604589580197
1182	0.343717070595491
1183	0.343775734132628
1184	0.343773341912864
1185	0.34376250914027
1186	0.343757315460159
1187	0.343688453219064
1188	0.343711662926646
1189	0.34376494855219
1190	0.343803584121053
1191	0.343849270604311
1192	0.343909026690436
1193	0.343876015439542
1194	0.343872156979564
1195	0.343889395845307
1196	0.343886759020631
1197	0.343855939387168
1198	0.343854583534677
1199	0.34388370162931
1200	0.343883536121302
1201	0.34385560988303
1202	0.343841692466102
1203	0.343844415953152
1204	0.343825353935164
1205	0.343843557690233
1206	0.343874205156485
1207	0.34385227392394
1208	0.343864627748432
1209	0.343844160371729
1210	0.343829416807338
1211	0.343822177705998
1212	0.343808728515372
1213	0.343827827723975
1214	0.343821520511365
1215	0.343841793913036
1216	0.343882643277034
1217	0.343852749115682
1218	0.343861284966247
1219	0.343832624619554
1220	0.343799212165652
1221	0.343791543296371
1222	0.343836665094214
1223	0.343859583793375
1224	0.343870204165818
1225	0.343909140660997
1226	0.343894824466392
1227	0.343853934215798
1228	0.343852731648367
1229	0.343869616114432
1230	0.343856514909008
1231	0.343807848955167
1232	0.343807848955167
1233	0.343812021977971
1234	0.343825122736052
1235	0.343900825036464
1236	0.343902033257272
1237	0.3439042198202
1238	0.343918539822597
1239	0.34390410563573
1240	0.343944664722368
1241	0.343976833634477
1242	0.344027299582145
1243	0.34402016342894
1244	0.344039754438574
1245	0.344043435648466
1246	0.344027474845067
1247	0.344057460919091
1248	0.344064028410586
1249	0.344082123500526
1250	0.344164349256904
1251	0.344157387877615
1252	0.344140697908861
1253	0.344173316872543
1254	0.344177052259241
1255	0.344172578617371
1256	0.344159134951088
1257	0.344194369653322
1258	0.344224909663179
1259	0.344261533364957
1260	0.344277130935458
1261	0.344340488717609
1262	0.344324077647651
1263	0.344400954567301
1264	0.344426187168218
1265	0.344472741301888
1266	0.34448702808929
1267	0.344448419737428
1268	0.344464013884788
1269	0.344478897204082
1270	0.344495887243749
1271	0.344518816391426
1272	0.344577770646168
1273	0.344577822716073
1274	0.344601728795852
1275	0.344681190561075
1276	0.344709476416855
1277	0.34470719601228
1278	0.344765845218576
1279	0.344737504674538
1280	0.344786904632456
1281	0.344808344331122
1282	0.344795766927202
1283	0.344819961131245
1284	0.344850746677175
1285	0.34487346084259
1286	0.344865172842831
1287	0.344912112009157
1288	0.344923600180499
1289	0.344916855271621
1290	0.344944155602446
1291	0.344995131469117
1292	0.345014822526368
1293	0.34500834690703
1294	0.34503627042474
1295	0.345012169775871
1296	0.345024464855012
1297	0.345025198926669
1298	0.345004864514799
1299	0.345029263425788
1300	0.345054654200613
1301	0.345086712897378
1302	0.345167834425953
1303	0.34519105632791
1304	0.345236605588092
1305	0.345235562902467
1306	0.345232859371768
1307	0.34525109275285
1308	0.34521619373064
1309	0.345223506097756
1310	0.345241204907923
1311	0.345306213376165
1312	0.345344476390628
1313	0.34540765471122
1314	0.345436155354349
1315	0.345421563196112
1316	0.345483586310066
1317	0.345476984286557
1318	0.345502570913311
1319	0.345547907386108
1320	0.345566796598789
1321	0.345536428474485
1322	0.345563567140532
1323	0.345551801429074
1324	0.3455437272206
1325	0.345573390340113
1326	0.345628859997027
1327	0.345658944387489
1328	0.345682165221311
1329	0.345648191245697
1330	0.345640436052596
1331	0.345600498765224
1332	0.345601003769953
1333	0.345609314972991
1334	0.345613663831583
1335	0.345610432422142
1336	0.345585109547906
1337	0.345590488204361
1338	0.345601053672092
1339	0.345641290755723
1340	0.345666520175733
1341	0.345664308912651
1342	0.345665932686325
1343	0.345649702379266
1344	0.345637739472292
1345	0.345646971789091
1346	0.345633993451614
1347	0.34561975763997
1348	0.345612918745092
1349	0.34562077247954
1350	0.345625002773663
1351	0.345644660918706
1352	0.34562288266377
1353	0.345644819595828
1354	0.345689043678287
1355	0.345723227923707
1356	0.345673496573995
1357	0.345671470754972
1358	0.345654018500046
1359	0.345609088494301
1360	0.345652711992062
1361	0.345680606373731
1362	0.345710961668272
1363	0.345725789762774
1364	0.345722341473577
1365	0.345752484744412
1366	0.345747739417808
1367	0.345732552423712
1368	0.345699173553317
1369	0.345659244747896
1370	0.345582583248274
1371	0.345487981696331
1372	0.345369194390788
1373	0.345247598768153
1374	0.345087452573828
1375	0.344887961193591
1376	0.344707753467942
1377	0.344474615818315
1378	0.344223697861273
1379	0.343978294948387
1380	0.34368376666533
1381	0.343357487280388
1382	0.342947955801028
1383	0.342512191632545
1384	0.342008842561388
1385	0.341415328143302
1386	0.340811158869797
1387	0.340199112061678
1388	0.33958142042755
1389	0.338974140483886
1390	0.338343565223491
1391	0.337749004839028
1392	0.337232298848786
1393	0.336898390302402
1394	0.336610328070285
1395	0.336463108345652
1396	0.336431400594125
1397	0.336438392828698
1398	0.336600377418475
1399	0.336722496748442
1400	0.33697277066876
1401	0.337152107485309
1402	0.337384730701661
1403	0.337573664118895
1404	0.337742603638236
1405	0.337912669761199
1406	0.338041455026585
1407	0.338211730482132
1408	0.338419125402857
1409	0.338579996236999
1410	0.338748994988723
1411	0.33891021586169
1412	0.339052709198591
1413	0.33923374752366
1414	0.339408933111447
1415	0.339628802834409
1416	0.339885417673473
1417	0.340115737107345
1418	0.340330295662055
1419	0.340523141575077
1420	0.340751876304899
1421	0.340940438920536
1422	0.341147539003361
1423	0.341401774047924
1424	0.341615781762773
1425	0.341835292999855
1426	0.342059538160175
1427	0.342235537706509
1428	0.342349829156523
1429	0.342486623735613
1430	0.342636827082869
1431	0.342738623471107
1432	0.342851337401655
1433	0.342957154457916
1434	0.343090011058634
1435	0.343267694802044
1436	0.343401018668052
1437	0.343516683401228
1438	0.34364136368593
1439	0.343731269200661
1440	0.343867248495355
1441	0.3440160632364
1442	0.344114468364833
1443	0.344206128133705
1444	0.34427580533477
1445	0.344289818399554
1446	0.344369776745799
1447	0.344471994859624
1448	0.344533146252602
1449	0.344565634807986
1450	0.344617915931744
1451	0.344670624301213
1452	0.344723151206485
1453	0.344849585660958
1454	0.344932943465298
1455	0.345032630060322
1456	0.345107281741882
1457	0.345189736823003
1458	0.345285264332896
1459	0.345347905086405
1460	0.345394176365528
1461	0.34545660561547
1462	0.345473481366322
1463	0.345493063634465
1464	0.345535122329044
1465	0.34555492122663
1466	0.34559461886808
1467	0.345654863586196
1468	0.345711530222625
1469	0.345757232845059
1470	0.345823728925184
1471	0.345910260347582
1472	0.345969028882904
1473	0.346046668636106
1474	0.346118918535423
1475	0.346156177767232
1476	0.346177079287485
1477	0.34623438487557
1478	0.346245262570605
1479	0.346292251676452
1480	0.346389927792121
1481	0.346417281584551
1482	0.346440615873664
1483	0.34647870050895
1484	0.346497489424276
1485	0.346566466644532
1486	0.3466378146794
1487	0.346696490300052
1488	0.346778086469738
1489	0.346816938654043
1490	0.346895155131263
1491	0.34693427657237
1492	0.346967403027797
1493	0.347016230748533
1494	0.347019104819235
1495	0.347015393761707
1496	0.347017254730257
1497	0.347024359547746
1498	0.346993556345834
1499	0.346980220938863
1500	0.347044653882134
1501	0.347073605515658
1502	0.3471014416736
1503	0.347141464995696
1504	0.347151636778742
1505	0.347193155308374
1506	0.347226443185214
1507	0.347268198286838
1508	0.347296566744205
1509	0.347316505992846
1510	0.347314846345478
1511	0.34732381490112
1512	0.347312040422157
1513	0.347310635968828
1514	0.347330745563862
1515	0.3473494628062
1516	0.347372006699037
1517	0.3473932490762
1518	0.34738295540992
1519	0.347380875245593
1520	0.347428443915483
1521	0.347455888626724
1522	0.347489047175137
1523	0.347576661068646
1524	0.347631288530752
1525	0.347655700837275
1526	0.347655445755766
1527	0.347669459872725
1528	0.347669224700567
1529	0.34764642872489
1530	0.347646158159884
1531	0.347643656169799
1532	0.347631964858756
1533	0.347598538560036
1534	0.347608231369546
1535	0.347602601755754
1536	0.347623808314515
1537	0.347688529441576
1538	0.347732964828926
1539	0.347794482721702
1540	0.34779587630539
1541	0.347813059512365
1542	0.347814488084624
1543	0.347812733643099
1544	0.347780711266218
1545	0.347840008859931
1546	0.347819598927917
1547	0.347792339643874
1548	0.347793748418237
1549	0.34772593285833
1550	0.347715485945612
1551	0.347759612038237
1552	0.347783085741995
1553	0.34779553474599
1554	0.347796962576081
1555	0.347805104213188
1556	0.347842167883305
1557	0.347840813752577
1558	0.347912324681241
1559	0.34797834053812
1560	0.348015976413635
1561	0.348030384648057
1562	0.348033750999493
1563	0.347972076988153
1564	0.347963303055034
1565	0.347944984444648
1566	0.347946697355122
1567	0.347959799165739
1568	0.347949414560466
1569	0.347942382944944
1570	0.347944102713003
1571	0.34797875318565
1572	0.3480171838468
1573	0.348095093882703
1574	0.348110915374104
1575	0.348146601294027
1576	0.348150265745556
1577	0.348151743736881
1578	0.348167788802133
1579	0.348210174316327
1580	0.348226392162084
1581	0.348251904192413
1582	0.348243350492249
1583	0.348189046848164
1584	0.348180348006634
1585	0.348224792662635
1586	0.348205189949033
1587	0.348189973195834
1588	0.348218990441589
1589	0.348269275455399
1590	0.348298560953886
1591	0.348378512214531
1592	0.348420828616689
1593	0.348451158139799
1594	0.348506551347264
1595	0.348501509112892
1596	0.348557240298695
1597	0.34857875030171
1598	0.348609135046204
1599	0.348588183185305
1600	0.348592872906281
1601	0.348587452133409
1602	0.348579195112918
1603	0.348589333023802
1604	0.348631393574032
1605	0.348606675395682
1606	0.348611455440464
1607	0.348607359700714
1608	0.348612159250274
1609	0.348593543021797
1610	0.348637836396656
1611	0.348625245151953
1612	0.348658313667034
1613	0.348697078527753
1614	0.348730449787098
1615	0.348749621212036
1616	0.348808170876863
1617	0.348800138304557
1618	0.348820616180895
1619	0.348841032286392
1620	0.348861688964367
1621	0.348922505229649
1622	0.34894161263991
1623	0.348889441997222
1624	0.348881400096002
1625	0.34881832642226
1626	0.348823740270655
1627	0.348858720946019
1628	0.348866068673985
1629	0.348952772499807
1630	0.34899977174372
1631	0.349036411984643
1632	0.349069973407271
1633	0.349119157473769
1634	0.349154927204425
1635	0.34923975728832
1636	0.349289920494655
1637	0.349354510357557
1638	0.349365046980825
1639	0.349357089299721
1640	0.349367680241229
1641	0.349315370670906
1642	0.349299557742411
1643	0.349255414996018
1644	0.349253596293588
1645	0.349257014525581
1646	0.349281811524813
1647	0.349358891461845
1648	0.349396428986209
1649	0.349449319174122
1650	0.349460387228322
1651	0.349491248053329
1652	0.349545982443287
1653	0.349631682885762
1654	0.349716228198137
1655	0.349770475938669
1656	0.349872577934363
1657	0.349898421230386
1658	0.349948741139914
1659	0.350050069260203
1660	0.350103315013868
1661	0.350117407722041
1662	0.350184016940694
1663	0.350221265034415
1664	0.350271359443768
1665	0.350332335432969
1666	0.350395999424001
1667	0.350454011557027
1668	0.350529159733802
1669	0.350626008693981
1670	0.350728126434469
1671	0.350815632119706
1672	0.350944912515883
1673	0.35106957399719
1674	0.351200069419628
1675	0.351380426435928
1676	0.351572229390109
1677	0.351752513993105
1678	0.351901614296009
1679	0.35200613677653
1680	0.352143344689005
1681	0.352185001617273
1682	0.352265073788143
1683	0.352408995100518
1684	0.352522021287797
1685	0.352706188320467
1686	0.35281801250921
1687	0.352917724242549
1688	0.353014533585368
1689	0.353078312296347
1690	0.353238261827935
1691	0.353415617832149
1692	0.353561002249372
1693	0.353808224123987
1694	0.353968992052458
1695	0.354133918792156
1696	0.354233085887196
1697	0.354316497579917
1698	0.354463579139123
1699	0.354655362186381
1700	0.354787328898893
1701	0.354832228064333
1702	0.354914800494302
1703	0.354971915391201
1704	0.355021380072494
1705	0.355076039510881
1706	0.355258769256965
1707	0.355320322351971
1708	0.355380758022201
1709	0.355509725530922
1710	0.355512227094132
1711	0.355573907533829
1712	0.355615706482015
1713	0.355635544265665
1714	0.355620340666081
1715	0.355680447778285
1716	0.355769640482293
1717	0.355859095212079
1718	0.355845447478711
1719	0.355772801578003
1720	0.355764521519587
1721	0.35573615627503
1722	0.355709331054541
1723	0.355649268808877
1724	0.355540277584686
1725	0.355439038438015
1726	0.35538431741763
1727	0.35533389277048
1728	0.355248166049506
1729	0.355072965837654
1730	0.354909354163709
1731	0.354753502510513
1732	0.354611847093996
1733	0.354510988156828
1734	0.354442891737942
1735	0.354325332412675
1736	0.3542255708207
1737	0.354155787647991
1738	0.354063434656285
1739	0.353940276742666
1740	0.353922020444989
1741	0.353855108198568
1742	0.353793842732241
1743	0.353747548898962
1744	0.35369423373833
1745	0.353554988155074
1746	0.353537525955928
1747	0.353445962961503
1748	0.353374046044077
1749	0.353288213653038
1750	0.353207707334682
1751	0.353167669368518
1752	0.353076871070527
1753	0.352982849893675
1754	0.352930915463014
1755	0.352834257660932
1756	0.35275712611665
1757	0.35269886344156
1758	0.352635215317502
1759	0.35257001806935
1760	0.352459768365199
1761	0.352351474053191
1762	0.352242124543887
1763	0.352114104163748
1764	0.35203000657294
1765	0.351941026867217
1766	0.351856917189038
1767	0.351758719904769
1768	0.351674726681967
1769	0.351540360891495
1770	0.351476406470795
1771	0.351415488038644
1772	0.351296220836639
1773	0.351187764507217
1774	0.351075330797257
1775	0.350907904622607
1776	0.350797633564297
1777	0.350711346777932
1778	0.350676724536337
1779	0.350670469684682
1780	0.35067459390732
1781	0.350684094189823
1782	0.350612741548954
1783	0.350463983642826
1784	0.350415099452512
1785	0.350394574795086
1786	0.350425985340835
1787	0.350487991486179
1788	0.350428741957408
1789	0.350394350424942
1790	0.350375173375884
1791	0.350372403189703
1792	0.350398657204014
1793	0.350342964664108
1794	0.350333250186549
1795	0.35031630296595
1796	0.350307222247265
1797	0.350300905941048
1798	0.350282439160359
1799	0.350208922519859
1800	0.350152080821198
1801	0.350136265390871
1802	0.350112061106176
1803	0.350092362186924
1804	0.350103827595245
1805	0.350122466519716
1806	0.350116940737686
1807	0.350138892291232
1808	0.350191153836014
1809	0.350172055426817
1810	0.350088996590251
1811	0.350073982971871
1812	0.3501111675189
1813	0.35013006828569
1814	0.350219056992424
1815	0.35020212087056
1816	0.350158434272085
1817	0.350097116844498
1818	0.350099460823194
1819	0.350114472946811
1820	0.35011010788664
1821	0.350145934555489
1822	0.350188450408716
1823	0.350201271750428
1824	0.350255428761348
1825	0.350170408674024
1826	0.350164661260899
1827	0.350219499601325
1828	0.350228766876422
1829	0.35025917581461
1830	0.350239679015889
1831	0.347659860406206
1832	0.347622536059862
1833	0.347643778161194
1834	0.347614406645684
1835	0.347649641960679
1836	0.347647292857035
1837	0.34771182672191
1838	0.347786476263057
1839	0.347854604659307
1840	0.347819828686466
1841	0.34784215607365
1842	0.347886058847643
1843	0.347984082003871
1844	0.348001112530856
1845	0.348038902982831
1846	0.348159155190852
1847	0.348218778442144
1848	0.348219630388119
1849	0.348195674003533
1850	0.348286028657048
1851	0.348309152387967
1852	0.348338200381639
1853	0.348498400892354
1854	0.348615449345192
1855	0.348720007398289
1856	0.348732816981715
1857	0.348712201686546
1858	0.348625591717931
1859	0.348497592618865
1860	0.348473243074908
1861	0.348530710040149
1862	0.348590234057938
1863	0.348643524748258
1864	0.348704788689478
1865	0.348698414698926
1866	0.348694835349745
1867	0.348655969839418
1868	0.348535043865045
1869	0.348542066669084
1870	0.348516749719673
1871	0.348543775238542
1872	0.348563734706946
1873	0.348621244073557
1874	0.348635322633884
1875	0.348625502957481
1876	0.348575698386272
1877	0.348509756679639
1878	0.34843815088407
1879	0.348305747295015
1880	0.348221601419404
1881	0.348227516719984
1882	0.348427738327104
1883	0.348340691966254
1884	0.348165438809981
1885	0.348065925753411
1886	0.34781065722062
1887	0.347622660240726
1888	0.347588118190963
1889	0.347674053377848
1890	0.347585194224732
1891	0.347409895632297
1892	0.347322259701052
1893	0.347200057791315
1894	0.347082257284958
1895	0.34695291574887
1896	0.3468024958423
1897	0.346537805141144
1898	0.346302226064608
1899	0.346106783984798
1900	0.345952962776144
1901	0.345774116500213
1902	0.345615857581286
1903	0.345494188530845
1904	0.345480710724236
1905	0.345366529064795
1906	0.345199700556476
1907	0.344984390866403
1908	0.344820913180497
1909	0.344570663180661
1910	0.344467528881009
1911	0.344420007523054
1912	0.344368340767496
1913	0.344373848908309
1914	0.344402835310785
1915	0.344464146565308
1916	0.344534679163663
1917	0.344723702671264
1918	0.344770806979707
1919	0.344781015444814
1920	0.34478346594808
1921	0.344782493084011
1922	0.344712992288831
1923	0.344730318590572
1924	0.344809006061772
1925	0.344805996626028
1926	0.344756365700668
1927	0.344762494130634
1928	0.344739423933467
1929	0.344720526947711
1930	0.344698555834741
1931	0.344686050662845
1932	0.344694206733252
1933	0.344632483606119
1934	0.34463166463812
1935	0.344676092556626
1936	0.34466624146775
1937	0.34467935254
1938	0.344641593377982
1939	0.344642729007746
1940	0.34456332279913
1941	0.344555550173314
1942	0.344596977196684
1943	0.344609042320378
1944	0.344719972326508
1945	0.344731945619504
1946	0.344701083080978
1947	0.344722955530082
1948	0.344747388006297
1949	0.344763390007446
1950	0.344787158439267
1951	0.344832961798746
1952	0.344915016204295
1953	0.344965091347777
1954	0.345085577697019
1955	0.345400990364864
1956	0.345522310095291
1957	0.345586378590045
1958	0.345622790698611
1959	0.345621703521044
1960	0.345503074343208
1961	0.345484342536801
1962	0.345477503517451
1963	0.345469699517908
1964	0.34539077737173
1965	0.345403777560139
1966	0.345426245773487
1967	0.345516380003452
1968	0.345639866395503
1969	0.345751051367702
1970	0.345719075416167
1971	0.34576713552032
1972	0.345774638875581
1973	0.345750488336645
1974	0.345806663577909
1975	0.345953115681476
1976	0.346028347959782
1977	0.346101392426619
1978	0.346205665654186
1979	0.346307011607041
1980	0.346391529482063
1981	0.346376545880347
1982	0.346412115091562
1983	0.346466769393308
1984	0.346465642728519
1985	0.346530410045946
1986	0.346599607350553
1987	0.346684609549772
1988	0.346740521212877
1989	0.346884957883871
1990	0.347128525026391
1991	0.347312584193256
1992	0.347512102281755
1993	0.347651691981834
1994	0.347740236196921
1995	0.347693288292321
1996	0.347812446919961
1997	0.34792611927561
1998	0.348105437006029
1999	0.348384219179886
2000	0.348555453656808
2001	0.348625884646111
2002	0.34875811144972
2003	0.348800229439292
2004	0.348913048223017
2005	0.349113739945903
2006	0.349333427427042
2007	0.349517125835617
2008	0.349667414564722
2009	0.349851851646539
2010	0.350070375628763
2011	0.35021559779209
2012	0.350352206080811
2013	0.350536573669221
2014	0.350748256262103
2015	0.350900750732089
2016	0.351106092115555
2017	0.351312090397163
2018	0.351339352464068
2019	0.351371242829846
2020	0.351536727445298
2021	0.351759048327415
2022	0.352006078004249
2023	0.352360811458673
2024	0.352580646747956
2025	0.3525784010769
2026	0.352729996523553
2027	0.352918984799441
2028	0.353170488564892
2029	0.353414331638564
2030	0.353689714733746
2031	0.353866660496449
2032	0.354012365747117
2033	0.354129592246681
2034	0.354184708460806
2035	0.354311319825449
2036	0.354535247096304
2037	0.354732323945974
2038	0.354910574999869
2039	0.35511936919523
2040	0.355330316757206
2041	0.355444339183247
2042	0.355507677972787
2043	0.355627047067121
2044	0.35575258171596
2045	0.355854307649731
2046	0.355894882768504
2047	0.355969816953392
2048	0.356061198922725
2049	0.356052789071654
2050	0.356091569146932
2051	0.356123582691448
2052	0.356301436987139
2053	0.356463392631116
2054	0.35654390710499
2055	0.356725902015921
2056	0.356884244813281
2057	0.356774234262185
2058	0.356730679889723
2059	0.356807997491549
2060	0.356924234957701
2061	0.356928457271329
2062	0.357015102121251
2063	0.357028362806651
2064	0.356839037679101
2065	0.356728914735776
2066	0.356925944290353
2067	0.356931515805711
2068	0.357009034276837
2069	0.357125298245741
2070	0.357255738676049
2071	0.357449776948915
2072	0.35759442580999
2073	0.357768308115683
2074	0.357879728945577
2075	0.357823509567322
2076	0.357880823171489
2077	0.35798536629898
2078	0.35809512807903
2079	0.358178116957963
2080	0.358302673882089
2081	0.358386766597764
2082	0.358352198907093
2083	0.358383947807437
2084	0.358435687228034
2085	0.358439252625357
2086	0.358413434986467
2087	0.358396430036795
2088	0.358299772048256
2089	0.358285016766419
2090	0.358353720845178
2091	0.358373594024254
2092	0.358362655916364
2093	0.358261467515495
2094	0.358233696096376
2095	0.358267831741465
2096	0.358220268679126
2097	0.358336794325903
2098	0.358518703473932
2099	0.358567517564413
2100	0.358627903428071
2101	0.358703035092325
2102	0.358778042387532
2103	0.358744066673231
2104	0.358840444327919
2105	0.359102025237133
2106	0.359208579470307
2107	0.359340074398061
2108	0.359409877769644
2109	0.359318537182102
2110	0.359303535900133
2111	0.359375211512416
2112	0.359421175951372
2113	0.35958392899429
2114	0.359609563740256
2115	0.359603652467326
2116	0.359480268202446
2117	0.359407233766508
2118	0.359353246140825
2119	0.359181749426443
2120	0.358952910585951
2121	0.35873960888083
2122	0.358504152404975
2123	0.35832349371293
2124	0.358250425184548
2125	0.358127450808289
2126	0.357881637063534
2127	0.357757052647341
2128	0.357562377353982
2129	0.357234062002115
2130	0.357085309070048
2131	0.35697367578708
2132	0.356740072858901
2133	0.356438975888206
2134	0.356186631213119
2135	0.355919260475656
2136	0.35558161330251
2137	0.355220574115461
2138	0.354845237838031
2139	0.354358433615856
2140	0.353834175718228
2141	0.353649015050287
2142	0.353473809575817
2143	0.353208505636854
2144	0.35313484750658
2145	0.352723140718534
2146	0.351990880485364
2147	0.351507582896579
2148	0.351030863396258
2149	0.350578967024018
2150	0.350287741463665
2151	0.349906465666014
2152	0.349487014962003
2153	0.34900002085936
2154	0.348428402626747
2155	0.347909178068796
2156	0.347374744489143
2157	0.346819474052134
2158	0.346218396363928
2159	0.34555249955806
2160	0.344840569879061
2161	0.344053865686869
2162	0.343343634909164
2163	0.342715172807991
2164	0.342025607323423
2165	0.341296801609596
2166	0.340674850126862
2167	0.339978669240213
2168	0.339509099089034
2169	0.339242916162799
2170	0.338951753151116
2171	0.338736503451841
2172	0.338528745325744
2173	0.338390192108242
2174	0.338364158329018
2175	0.338352860412257
2176	0.33833659629482
2177	0.338211955751943
2178	0.338014942957478
2179	0.337765545403601
2180	0.337489067710095
2181	0.337235157493818
2182	0.336958048335186
2183	0.336720453103783
2184	0.336642565746062
2185	0.336341477601103
2186	0.335923250460791
2187	0.335569479316526
2188	0.335206027766034
2189	0.334823255097129
2190	0.334526296957087
2191	0.334203221234263
2192	0.333836585088198
2193	0.333437733078392
2194	0.333016594431403
2195	0.332779870458905
2196	0.332466032627642
2197	0.332024735688421
2198	0.331485608051623
2199	0.330918208018709
2200	0.330619647407611
2201	0.330379337311553
2202	0.329948034015921
2203	0.329494527203277
2204	0.329111082608953
2205	0.328458178643495
2206	0.328069361126269
2207	0.327980162742926
2208	0.327843947271906
2209	0.327710201460934
2210	0.327624857280858
2211	0.327732611932423
2212	0.327724333987862
2213	0.327705502716176
2214	0.327692660120993
2215	0.327599753047921
2216	0.327678895032415
2217	0.327988813998017
2218	0.328372815234657
2219	0.328675651097755
2220	0.329016629523317
2221	0.329312697499848
2222	0.32957185795132
2223	0.329896319026808
2224	0.330408903929327
2225	0.330749789083343
2226	0.330767165922645
2227	0.331067927745442
2228	0.331364098844894
2229	0.331681549513369
2230	0.332069822839085
2231	0.332648383090159
2232	0.3330157918774
2233	0.333276687827532
2234	0.333621628544962
2235	0.333965088725274
2236	0.334329366232958
2237	0.334750136875847
2238	0.335238083173401
2239	0.33591506751036
2240	0.336391897581082
2241	0.336895965138807
2242	0.337559290782438
2243	0.337979027902612
2244	0.338570376627388
2245	0.339456524365169
2246	0.340266224625017
2247	0.341092945623231
2248	0.341839718582081
2249	0.34245028462229
2250	0.343161331453821
2251	0.343781793032973
2252	0.344441714018329
2253	0.345061670313656
2254	0.34579270758241
2255	0.346542146369368
2256	0.347284431826167
2257	0.348060947986619
2258	0.348791059889176
2259	0.349491411279077
2260	0.349892836989111
2261	0.350320975653572
2262	0.351023942982971
2263	0.351430913501615
2264	0.35195927176956
2265	0.352559598364686
2266	0.352942423620048
2267	0.353339791201026
2268	0.353761898920337
2269	0.354130778479431
2270	0.354440351889342
2271	0.354667845920339
2272	0.354871419027211
2273	0.355052823000067
2274	0.355082964235754
2275	0.35528043983933
2276	0.355512793155918
2277	0.355677567373149
2278	0.355926435237409
2279	0.356128859804091
2280	0.356259387840857
2281	0.3565491568125
2282	0.356799834201723
2283	0.357039418538777
2284	0.357180919258848
2285	0.357265431804706
2286	0.357436874953116
2287	0.357496493015391
2288	0.357887418622522
2289	0.358395598588526
2290	0.358689648170949
2291	0.359112582758676
2292	0.359345150352764
2293	0.359480446440716
2294	0.359909109548662
2295	0.360239208040639
2296	0.360537720561525
2297	0.360850303115666
2298	0.361187653090452
2299	0.361527757284798
2300	0.361651384500896
2301	0.361688366734739
2302	0.361759530841263
2303	0.36159461505979
2304	0.361557162930139
2305	0.361805315750075
2306	0.361669230910055
2307	0.361307713056538
2308	0.361029398214828
2309	0.360625681061353
2310	0.360263482029399
2311	0.359891338102871
2312	0.359464819124305
2313	0.358968338857022
2314	0.358650086627833
2315	0.358244593220162
2316	0.357905931394512
2317	0.357639202387844
2318	0.357414167280603
2319	0.357293036049949
2320	0.356924605619641
2321	0.356351743113947
2322	0.355883946569327
2323	0.355642885229205
2324	0.355539213912981
2325	0.355654439943958
2326	0.355660852883306
2327	0.355684645425121
2328	0.355438638299941
2329	0.355642528656895
2330	0.356046400924439
2331	0.356199001576501
2332	0.356485185420493
2333	0.356461061068771
2334	0.355953621409988
2335	0.355888155817452
2336	0.355977398456123
2337	0.356098505493757
2338	0.356406081029426
2339	0.356574106692464
2340	0.3566942086489
2341	0.356696610680793
2342	0.356578095063013
2343	0.356494988755462
2344	0.356414606007794
2345	0.356397599279013
2346	0.35644061887884
2347	0.356559446197195
2348	0.356326214401214
2349	0.356040618683542
2350	0.355739571724167
2351	0.355136211285126
2352	0.354757941904936
2353	0.354341833663879
2354	0.35391027736824
2355	0.35374969829717
2356	0.35336977336049
2357	0.353027238407841
2358	0.352728846705841
2359	0.352058256873988
2360	0.35131755039453
2361	0.350853864567997
2362	0.350297324775203
2363	0.349947570546001
2364	0.349795956217112
2365	0.349421923754398
2366	0.349266666910414
2367	0.349253475400175
2368	0.348861427314833
2369	0.348447591994828
2370	0.348097239941217
2371	0.347597543350096
2372	0.347093958557879
2373	0.346814374093769
2374	0.346324237767966
2375	0.345400710262872
2376	0.344729324108568
2377	0.3442309255417
2378	0.343646353906843
2379	0.343099451745545
2380	0.342554595792061
2381	0.341874647372775
2382	0.341393214920647
2383	0.341088313890084
2384	0.340498444620536
2385	0.339742124453884
2386	0.339165102553018
2387	0.33850434383172
2388	0.33788951947049
2389	0.337574085033068
2390	0.337050578775954
2391	0.33648877032504
2392	0.335927258755615
2393	0.335171955705845
2394	0.334597429817504
2395	0.334169236589014
2396	0.333743919917983
2397	0.333417223786331
2398	0.332983158678287
2399	0.332543292444092
2400	0.331927966326496
2401	0.331861396514203
2402	0.331903482464242
2403	0.331509512276885
2404	0.331168681555416
2405	0.330836673035754
2406	0.330345252764094
2407	0.33046623631493
2408	0.330569434752972
2409	0.33045887428899
2410	0.330301140122343
2411	0.330116911125707
2412	0.329881765554049
2413	0.329401431869134
2414	0.328788255906368
2415	0.328450728107848
2416	0.328186482403872
2417	0.328339568009829
2418	0.328131157498828
2419	0.3278268630604
2420	0.327806802248153
2421	0.327483061443195
2422	0.327326894746653
2423	0.32738890034293
2424	0.327213768080499
2425	0.327146015756253
2426	0.32713507459857
2427	0.32696799992031
2428	0.326611483632848
2429	0.326438932638334
2430	0.326697083344751
2431	0.326623562539705
2432	0.326427838326952
2433	0.326419058287522
2434	0.326393668441373
2435	0.326147216157259
2436	0.325876183454519
2437	0.325756603313757
2438	0.325406794539089
2439	0.32531859098239
2440	0.325786795452701
2441	0.325771030032542
2442	0.325191119852253
2443	0.325101652055693
2444	0.325156224913506
2445	0.325100491092568
2446	0.325342258089567
2447	0.325180031760547
2448	0.324534025277158
2449	0.324217183084842
2450	0.324238405101788
2451	0.324100931102544
2452	0.324349680529473
2453	0.32432516818525
2454	0.324224489759259
2455	0.324048684567399
2456	0.323767662010167
2457	0.323627876273104
2458	0.32348195348655
2459	0.323258097265296
2460	0.323433321490879
2461	0.323046747426022
2462	0.322177223277193
2463	0.321576731368703
2464	0.320604141064643
2465	0.320267430607046
2466	0.320711881956399
2467	0.320782567551376
2468	0.321587732167077
2469	0.321452342520077
2470	0.320735878876499
2471	0.320249485465946
2472	0.319367907359391
2473	0.318767996098827
2474	0.318216243732712
2475	0.317808674270168
2476	0.317707151354652
2477	0.317366979295511
2478	0.317251020130302
2479	0.316987509853078
2480	0.316374259503107
2481	0.315795427789643
2482	0.315587159138703
2483	0.314968609739909
2484	0.314094303053687
2485	0.313769221118852
2486	0.313412290912926
2487	0.313213199316061
2488	0.313974942516795
2489	0.313709317884806
2490	0.313166851480529
2491	0.312630175587143
2492	0.31119736129845
2493	0.310632346877814
2494	0.310863861061695
2495	0.310558611093636
2496	0.310695993266574
2497	0.310288976637245
2498	0.30889710705438
2499	0.308457090914567
2500	0.308470050054379
