350	0.434946955342458
351	0.431187893153432
352	0.411791968605573
353	0.420717699994638
354	0.402121785188666
355	0.403682656332518
356	0.429920577006462
357	0.429163186792915
358	0.423261451601674
359	0.420371531822119
360	0.424585386770178
361	0.417247185889495
362	0.413475482987678
363	0.404920182481139
364	0.398391206346551
365	0.408332482074666
366	0.409924597939177
367	0.403346631335891
368	0.405833715260299
369	0.4030615386287
370	0.396770717095867
371	0.397861579443957
372	0.405584714229773
373	0.402578546319949
374	0.396960934212477
375	0.394961061019724
376	0.389856587694554
377	0.391914124330536
378	0.387239115891825
379	0.38296878224405
380	0.382083666840779
381	0.37841649310272
382	0.376830761752623
383	0.381506999564717
384	0.373722467182823
385	0.37528378234248
386	0.377961749778662
387	0.374774798738361
388	0.370569966388031
389	0.368317561282043
390	0.371141337700686
391	0.378573184682923
392	0.372177601594845
393	0.366133529206568
394	0.365956576497056
395	0.36982825479438
396	0.367135747717273
397	0.36208692237105
398	0.365375535020906
399	0.365083200800256
400	0.361292544603598
401	0.358119923248283
402	0.357595645374851
403	0.359710034756358
404	0.358501144999198
405	0.358162006969701
406	0.354782795924627
407	0.35687714372293
408	0.355529722109969
409	0.353253083172095
410	0.351601335453948
411	0.350908853838623
412	0.350787631644087
413	0.349982613222492
414	0.349426534709577
415	0.347232242751236
416	0.345671683024043
417	0.345115105558422
418	0.344852597459978
419	0.342506690651052
420	0.341275567400575
421	0.342978256049225
422	0.339553934040506
423	0.339279173706296
424	0.339276434129387
425	0.337629560282682
426	0.336929661178224
427	0.336555782032874
428	0.335250670932249
429	0.334672729762233
430	0.334257543121771
431	0.332449675509518
432	0.331693729434791
433	0.331310664184543
434	0.330809384022559
435	0.33064370236633
436	0.329862899014392
437	0.330095662068094
438	0.330017348751476
439	0.328530452535023
440	0.328343498740828
441	0.328005839937331
442	0.327440746980371
443	0.328001383751891
444	0.32767203875754
445	0.327116614405033
446	0.326836127757338
447	0.326970679229461
448	0.32688121979706
449	0.326682651034215
450	0.326450283742939
451	0.326041927110331
452	0.326232352863314
453	0.325664110717911
454	0.325257856405167
455	0.325095524100838
456	0.324464698668639
457	0.324233285536655
458	0.324133167094893
459	0.323616476340359
460	0.323117111168218
461	0.323260476844961
462	0.323404479496309
463	0.323088373926754
464	0.322476908565637
465	0.321848497160359
466	0.321540420716272
467	0.321635455829516
468	0.321693698116333
469	0.321266391912851
470	0.321179857973936
471	0.320916599216659
472	0.321065623639005
473	0.320966651336386
474	0.319998433710331
475	0.319881972954367
476	0.320401012661785
477	0.320545131905683
478	0.320131712611549
479	0.319977697428707
480	0.319833451580064
481	0.319612951488394
482	0.319574086293941
483	0.319595784113175
484	0.319667758508333
485	0.319963575255328
486	0.319232928197071
487	0.318968803614426
488	0.319300343423168
489	0.319410365743488
490	0.319009621405823
491	0.319205888765973
492	0.319724059447806
493	0.320152282540157
494	0.320216356347724
495	0.319837024145068
496	0.320417996085047
497	0.320999645798996
498	0.320799576637835
499	0.320714954918019
500	0.320907604850488
501	0.320792890964431
502	0.320965708855689
503	0.321316892398131
504	0.321844851439382
505	0.321932068764052
506	0.322161413075035
507	0.3224726812623
508	0.322509293989221
509	0.322488733043973
510	0.322823034173677
511	0.323075898887692
512	0.323392783118512
513	0.323579561242733
514	0.323739365808047
515	0.323844618717638
516	0.324007373525377
517	0.324266571440009
518	0.324457173012988
519	0.32468087654702
520	0.324759026298922
521	0.325065641525864
522	0.325478626686297
523	0.325747752249338
524	0.325953823473876
525	0.326144849467816
526	0.326438195838541
527	0.326796986213441
528	0.327217972546965
529	0.327297665622575
530	0.327412227963896
531	0.327754151874237
532	0.328186359725677
533	0.328538870728365
534	0.32874612903989
535	0.329131753940587
536	0.329299318939455
537	0.329656378855142
538	0.330027042723863
539	0.330330084535417
540	0.330696678547837
541	0.33097693764344
542	0.331191864174784
543	0.331474412371233
544	0.331874318032335
545	0.332288240415895
546	0.332564585742829
547	0.332896461816833
548	0.333298961044923
549	0.333658598173442
550	0.334053699472272
551	0.334449197563864
552	0.33482670578078
553	0.335209471547087
554	0.335539445755844
555	0.335859585503637
556	0.336373334467772
557	0.336800835425686
558	0.337231917567391
559	0.337474179541745
560	0.33783718672627
561	0.338345624263623
562	0.338689918507835
563	0.338991546127966
564	0.339419523612087
565	0.339756226000718
566	0.340193678136791
567	0.340508459666687
568	0.340800203323636
569	0.34117182587968
570	0.341519786957679
571	0.341798827083305
572	0.342042782382722
573	0.342298813628356
574	0.342596064588732
575	0.342960581272139
576	0.343260903229235
577	0.343494698683964
578	0.343685195467267
579	0.344025554287877
580	0.344262078833494
581	0.344478577745288
582	0.344868433069689
583	0.345060143741535
584	0.345309702475383
585	0.3455458770894
586	0.345799577477917
587	0.345993284503979
588	0.346256096442028
589	0.346349500694853
590	0.346478161909386
591	0.346677970246263
592	0.346888270124932
593	0.34701495771926
594	0.347104535570275
595	0.347398325860595
596	0.347690789930839
597	0.347876676698724
598	0.347970502554061
599	0.34817983859043
600	0.348406261798704
601	0.348542928502699
602	0.348648176845817
603	0.348858704524
604	0.349060966129882
605	0.3491885482388
606	0.349284133064221
607	0.3493441607731
608	0.349496805377275
609	0.349698771468272
610	0.349801375354063
611	0.349930719694648
612	0.349964574334886
613	0.350071438600586
614	0.350183194650671
615	0.350263275589684
616	0.350362968191727
617	0.350530251696254
618	0.350638820325469
619	0.350691696331681
620	0.35075130726894
621	0.350898078947874
622	0.351065788115168
623	0.35120591712617
624	0.351300240048478
625	0.351353338769041
626	0.351462363951453
627	0.351582152298839
628	0.351754957692509
629	0.35183398471497
630	0.351930759139748
631	0.352070399436057
632	0.352123525106722
633	0.352164426181262
634	0.352305679445106
635	0.352486428817133
636	0.352622591611909
637	0.352665866653515
638	0.352836635234668
639	0.353021655948387
640	0.353071648764382
641	0.353094927918117
642	0.353229007873223
643	0.353313737794603
644	0.353438300093981
645	0.353564623881188
646	0.35369235254625
647	0.353760483646661
648	0.353815881515723
649	0.353863842531997
650	0.353981319658774
651	0.354116421796541
652	0.354204235989017
653	0.35426922884621
654	0.354338500064163
655	0.3544329324975
656	0.354530004052418
657	0.354636317202644
658	0.354693024728766
659	0.354761247035858
660	0.354913344379531
661	0.355023852440709
662	0.355152935200079
663	0.355196163918086
664	0.35534152464189
665	0.355472318796789
666	0.355541855786617
667	0.355673086805252
668	0.355836269380053
669	0.355979307859729
670	0.356083013670638
671	0.356179275532729
672	0.356268260232263
673	0.356429357975632
674	0.356569145821392
675	0.356681100017844
676	0.356804417420893
677	0.356836951099619
678	0.357006087798162
679	0.357133664707646
680	0.35718560441958
681	0.357315993458201
682	0.357398378488169
683	0.35753771290886
684	0.35767504692503
685	0.357744837325834
686	0.357808666275931
687	0.357924576156157
688	0.358075121593573
689	0.358113337728797
690	0.358169647115324
691	0.358232389325739
692	0.358300035267523
693	0.358397364068686
694	0.358703863542804
695	0.359138292366696
696	0.359675616179763
697	0.359975845989273
698	0.359896812582972
699	0.359485141210431
700	0.359319239024073
701	0.359385328826874
702	0.359496771731135
703	0.359622176406509
704	0.359685211349173
705	0.35977367328361
706	0.359904712000317
707	0.359952129502933
708	0.359980531076628
709	0.360104407653427
710	0.360243496159543
711	0.360356325325615
712	0.360387217509856
713	0.360450444435063
714	0.360511028098148
715	0.36063931626073
716	0.360757441895266
717	0.360902351847538
718	0.360952813955678
719	0.360936968094534
720	0.360947891802429
721	0.361021073712141
722	0.361089053298965
723	0.361143494744162
724	0.361237119692427
725	0.361377665654204
726	0.36146666402354
727	0.36148295776556
728	0.361492764804315
729	0.361588204833378
730	0.361663505783576
731	0.361729557376839
732	0.361785448233492
733	0.361897335395295
734	0.361974266073251
735	0.361979756879948
736	0.362048768430863
737	0.362111095876912
738	0.36218048017469
739	0.362275418096807
740	0.362341328123132
741	0.362374929589238
742	0.362447262225541
743	0.362551535163582
744	0.362597867139266
745	0.362632308684651
746	0.362700618461723
747	0.362791260301267
748	0.362845759662629
749	0.36290200337685
750	0.362945521061478
751	0.362971358252409
752	0.363025507173384
753	0.363067836669384
754	0.363128311016718
755	0.363194484558286
756	0.363249342277149
757	0.363298730340516
758	0.363305359120915
759	0.363337265228049
760	0.3633694132614
761	0.363424963576676
762	0.363341256480091
763	0.363246333431398
764	0.363192762803896
765	0.363232937388639
766	0.363318930219688
767	0.363424325797251
768	0.363544950931028
769	0.363679507668521
770	0.363809974788437
771	0.363886110283734
772	0.363946844443678
773	0.364014573648417
774	0.364060987144884
775	0.36410320727232
776	0.364152208482847
777	0.364222056365315
778	0.364232429941415
779	0.364228008936811
780	0.364253798788214
781	0.364341060268097
782	0.36439415582394
783	0.36438478896657
784	0.364433048164666
785	0.364460002376399
786	0.36447216873458
787	0.364495148861307
788	0.364551972406323
789	0.364576397930079
790	0.364627808114512
791	0.364663104757783
792	0.364693626444143
793	0.364722459981687
794	0.36472541643679
795	0.364753145505064
796	0.364796707459685
797	0.364805226943394
798	0.36487658936028
799	0.364947034965828
800	0.364958131782485
801	0.364958251929686
802	0.364993864839092
803	0.365003527057444
804	0.364982318156718
805	0.365003480260302
806	0.365059395583223
807	0.365046781370511
808	0.365062622816709
809	0.365125892591861
810	0.365163489614809
811	0.365170265609557
812	0.365143929485696
813	0.365125054149769
814	0.365145245289916
815	0.3651908008875
816	0.365218661260698
817	0.365200900835206
818	0.365239820381883
819	0.365271379512108
820	0.365252971987836
821	0.365292218311151
822	0.365305902871827
823	0.365329914505553
824	0.365349279481769
825	0.365423551325512
826	0.365440230723519
827	0.365466004065874
828	0.365503606676555
829	0.365564136170685
830	0.365570407255352
831	0.365576581916623
832	0.365616815555363
833	0.365623206937322
834	0.365632285374463
835	0.365621531737196
836	0.365648140871983
837	0.365679468904577
838	0.365698840104891
839	0.365699910474309
840	0.365742772089426
841	0.365714171830864
842	0.365714638296677
843	0.365730952175136
844	0.365773228454076
845	0.365783407286803
846	0.365795882170428
847	0.365806097369
848	0.365838513325988
849	0.365803888152889
850	0.365824634820343
851	0.36582771004059
852	0.365824895987669
853	0.365878429396272
854	0.365909310354772
855	0.365927969616656
856	0.365837147051348
857	0.365879007299006
858	0.365893707281133
859	0.365893245131838
860	0.365915438458709
861	0.365946670168876
862	0.365997445382748
863	0.36606965790725
864	0.365980136997471
865	0.365940986937874
866	0.365936382162987
867	0.365894794660458
868	0.365922248980096
869	0.36592569385663
870	0.365886004492165
871	0.365964935789304
872	0.365966338424259
873	0.365969176159881
874	0.365993657029496
875	0.366015660721994
876	0.36600418283022
877	0.36599704455483
878	0.365975511852632
879	0.366018262180107
880	0.366139683034431
881	0.366216220425995
882	0.366192700769298
883	0.366132022401819
884	0.366126612663117
885	0.366151568105892
886	0.366145626528671
887	0.366128221816056
888	0.366172483025242
889	0.366205454442448
890	0.366181360779064
891	0.366223131685101
892	0.366273224591801
893	0.366306273126041
894	0.366305807404624
895	0.366249376995697
896	0.36621972176003
897	0.366141857808244
898	0.366055221313458
899	0.366107334284491
900	0.366269583053313
901	0.366185875366802
902	0.366025530448872
903	0.366138559491787
904	0.366257351805761
905	0.366215196154012
906	0.366124925663639
907	0.366091686626152
908	0.36612634282781
909	0.366236103224224
910	0.366279201039696
911	0.36615253908956
912	0.366127789867398
913	0.3662529111502
914	0.366384689511066
915	0.36633008796274
916	0.3661643104418
917	0.366126127026677
918	0.366175157056322
919	0.366183490869857
920	0.366292153344283
921	0.366325123482963
922	0.366333816494545
923	0.366381469867359
924	0.366467354073804
925	0.366444977147608
926	0.366302281256645
927	0.366278152698037
928	0.366431318653378
929	0.36637260886408
930	0.366336041642122
931	0.366242317598852
932	0.366253425646014
933	0.366405376484548
934	0.366441021920087
935	0.366304740854467
936	0.366303643178299
937	0.366313693334138
938	0.366260050784286
939	0.36639077303795
940	0.36637740998101
941	0.366245504969676
942	0.366327636171417
943	0.366230782984711
944	0.366226898096679
945	0.366282282227324
946	0.366261277631056
947	0.366233198622211
948	0.366205667570659
949	0.366152909452732
950	0.36627630323713
951	0.36631382808429
952	0.366220998225148
953	0.36618425206599
954	0.366171568572404
955	0.36614160543283
956	0.366313994057134
957	0.366404436005193
958	0.366302055215353
959	0.366263930521511
960	0.36635908209837
961	0.366419570883391
962	0.366486231864939
963	0.366433793669144
964	0.366558660558148
965	0.366538144080608
966	0.366471239351861
967	0.366323487845195
968	0.366289044925482
969	0.366366569308547
970	0.366479795321764
971	0.366624466759201
972	0.366742703513814
973	0.366684512584121
974	0.366511169196862
975	0.366589755283732
976	0.36667987316345
977	0.366771457752131
978	0.366944780855849
979	0.366832515261599
980	0.366638563034535
981	0.366595100070895
982	0.366834084839058
983	0.36690305130151
984	0.366897257001463
985	0.366927712011631
986	0.366980989829836
987	0.366792593658453
988	0.366560809388313
989	0.366722589699297
990	0.3669053900409
991	0.367036797621878
992	0.366901196778871
993	0.366883166642599
994	0.367263695732322
995	0.367267761773976
996	0.366935491724033
997	0.366866367603557
998	0.366782339229046
999	0.366896625037391
1000	0.366928858792063
1001	0.375530584428395
1002	0.375362953170444
1003	0.375380210503173
1004	0.375192399534407
1005	0.375128025383571
1006	0.375234777564677
1007	0.375295559408126
1008	0.375472502332207
1009	0.375407965554101
1010	0.375471291974847
1011	0.375407575249795
1012	0.375488432469087
1013	0.375470446178825
1014	0.375572388201648
1015	0.375583134686183
1016	0.375609160461367
1017	0.375557586998329
1018	0.375539719696578
1019	0.375512304289503
1020	0.375408515686362
1021	0.37537493903419
1022	0.375273213624997
1023	0.375367084732861
1024	0.375378939825173
1025	0.375299140388087
1026	0.375380581734483
1027	0.37549051496004
1028	0.375487503119924
1029	0.375443613482211
1030	0.37534971706981
1031	0.375266827904474
1032	0.375303165896326
1033	0.375221584301156
1034	0.3753951428725
1035	0.375418986393613
1036	0.375334935432875
1037	0.375319923670995
1038	0.375315361180839
1039	0.375300649205194
1040	0.375323133316682
1041	0.375346549779712
1042	0.375296955076928
1043	0.375255331858859
1044	0.375216571853272
1045	0.375233122546012
1046	0.3752318380812
1047	0.375328104309047
1048	0.375362852722316
1049	0.375312040319377
1050	0.375382657152454
1051	0.375522926503587
1052	0.375436854123289
1053	0.375400600447774
1054	0.375481298732174
1055	0.375438176316617
1056	0.375437455416557
1057	0.375339702404109
1058	0.375510620536296
1059	0.375603504736526
1060	0.37558824227587
1061	0.375653799127914
1062	0.375756677023688
1063	0.3758316875504
1064	0.375680572004665
1065	0.375620907237983
1066	0.375707104427699
1067	0.375658712779284
1068	0.375647323561716
1069	0.375610500129575
1070	0.375605159845618
1071	0.375515479093273
1072	0.375481038714294
1073	0.375468591181611
1074	0.375453540143562
1075	0.375340548358294
1076	0.375379086209497
1077	0.37548121743416
1078	0.375466869984226
1079	0.375526858856386
1080	0.375462193757049
1081	0.375340324798149
1082	0.375317591413955
1083	0.37531929877695
1084	0.375347591707088
1085	0.375372070409531
1086	0.375305482587096
1087	0.375260083622827
1088	0.375306301190626
1089	0.375299520945857
1090	0.375273932092511
1091	0.375269387188517
1092	0.375235548717778
1093	0.375198104822909
1094	0.375214797591502
1095	0.375178131705626
1096	0.375216768400008
1097	0.375206459179989
1098	0.375234303099626
1099	0.375250382901604
1100	0.375224099022026
1101	0.375203180669492
1102	0.375148942048262
1103	0.37511214066113
1104	0.375095290079994
1105	0.375140095901012
1106	0.375203153856591
1107	0.375139610044921
1108	0.375178547731414
1109	0.375246500804659
1110	0.375197886954823
1111	0.375132509330413
1112	0.375208904014706
1113	0.37530213263853
1114	0.375335988516341
1115	0.375321981528954
1116	0.375357484438636
1117	0.375377345418357
1118	0.375355889197082
1119	0.375425106893907
1120	0.375469850055999
1121	0.375461542035513
1122	0.375458264505997
1123	0.375484862319772
1124	0.375528255945084
1125	0.375571613048565
1126	0.375566646083051
1127	0.375590978582396
1128	0.37561225166607
1129	0.375677353749596
1130	0.375720937919548
1131	0.375760811338825
1132	0.375829011935062
1133	0.375806139182481
1134	0.375805779491984
1135	0.375840038351946
1136	0.375894278043081
1137	0.375921968810621
1138	0.375980269218463
1139	0.376031893513235
1140	0.376105869872744
1141	0.376182787291032
1142	0.376288076509999
1143	0.376348492115404
1144	0.376338649383307
1145	0.376325382219363
1146	0.376296900684121
1147	0.376291591547542
1148	0.376347901420297
1149	0.376372078340143
1150	0.376479962653078
1151	0.376545426434529
1152	0.376604113162338
1153	0.376679566476754
1154	0.376719944025477
1155	0.376793525622908
1156	0.376901790839345
1157	0.376971079942549
1158	0.377032758676793
1159	0.377084915207426
1160	0.377151039955092
1161	0.377106725016752
1162	0.377088902597253
1163	0.377123490994253
1164	0.377170498101064
1165	0.377236293913744
1166	0.377325993314321
1167	0.377425995573595
1168	0.377482731872773
1169	0.377487195753812
1170	0.377547315526614
1171	0.377596634127132
1172	0.377617172877849
1173	0.377664439863574
1174	0.377721141988424
1175	0.377747341705827
1176	0.377771906493027
1177	0.377798649799582
1178	0.377838034662107
1179	0.377875386993167
1180	0.377875388941209
1181	0.377964304588091
1182	0.378053142495857
1183	0.378114535381478
1184	0.378200671118252
1185	0.378243214981242
1186	0.378228691657765
1187	0.378315786255249
1188	0.378364042069997
1189	0.378386341719102
1190	0.378475823791518
1191	0.378490091833314
1192	0.378498517247248
1193	0.3785281186684
1194	0.378541838601208
1195	0.378560824344202
1196	0.378540159014121
1197	0.378520446672903
1198	0.378505270562655
1199	0.378569971086271
1200	0.378614472909022
1201	0.378657247991124
1202	0.378665531043433
1203	0.378692245905623
1204	0.378694642276101
1205	0.378687269262048
1206	0.378676587055328
1207	0.378688949674566
1208	0.378666794159738
1209	0.37865387500414
1210	0.378648426965281
1211	0.378704090126403
1212	0.378810450241675
1213	0.378817516477862
1214	0.378826761593237
1215	0.378809644101212
1216	0.378832870542267
1217	0.378782217059118
1218	0.378787823624135
1219	0.378766650639415
1220	0.378801065551097
1221	0.378779471945525
1222	0.378776640900764
1223	0.378833865149571
1224	0.378852487081243
1225	0.378841418950216
1226	0.378816172749765
1227	0.378827924905129
1228	0.378885405335266
1229	0.378922235059886
1230	0.378916941495325
1231	0.37902301261714
1232	0.379032376321009
1233	0.37903336622242
1234	0.379018698588857
1235	0.378969590675274
1236	0.378969590675274
1237	0.379003867233694
1238	0.379033202913885
1239	0.379101087444456
1240	0.379106402533487
1241	0.379184977736331
1242	0.379185384220575
1243	0.379226924865731
1244	0.379305415925807
1245	0.379330804405294
1246	0.37931912438733
1247	0.379359238876733
1248	0.37939126907682
1249	0.379383272078189
1250	0.379401672890837
1251	0.379423143647742
1252	0.379426223250119
1253	0.379438352051439
1254	0.379488723646326
1255	0.379506292085933
1256	0.379545588398893
1257	0.379607617548953
1258	0.379629437679735
1259	0.379697064566358
1260	0.379727337405187
1261	0.379756046675312
1262	0.379721754381187
1263	0.379726196763651
1264	0.379759050882314
1265	0.37977011533055
1266	0.379824903557618
1267	0.379892073908452
1268	0.379937676288511
1269	0.379953705495945
1270	0.380020066442289
1271	0.380114505463944
1272	0.380152773351335
1273	0.380125593472616
1274	0.380180791340031
1275	0.380200447343605
1276	0.380232926945498
1277	0.380350380011765
1278	0.380385117877984
1279	0.380441763165054
1280	0.380503774660189
1281	0.380598186045929
1282	0.380653192994378
1283	0.380679120991769
1284	0.380736695472993
1285	0.38067896759004
1286	0.380685770353209
1287	0.380708432575047
1288	0.380764416189782
1289	0.380777596519848
1290	0.380824455880627
1291	0.380886220147935
1292	0.38095179338237
1293	0.380982204054695
1294	0.380972528498597
1295	0.380974652344684
1296	0.380986674481279
1297	0.380986799060664
1298	0.380982271567423
1299	0.380990661355373
1300	0.380977965166779
1301	0.380988460721925
1302	0.380957581728337
1303	0.380974344042855
1304	0.381005651659516
1305	0.381028805443258
1306	0.38110285432299
1307	0.381115504671858
1308	0.381085849710476
1309	0.381065426875161
1310	0.381031745553704
1311	0.380969429161402
1312	0.380942216181569
1313	0.380955824498844
1314	0.380951653340185
1315	0.380973314470228
1316	0.380991861457289
1317	0.381033489869438
1318	0.381080388907813
1319	0.381123163916457
1320	0.381144814310555
1321	0.381152260036281
1322	0.381181573098027
1323	0.38108610856641
1324	0.381101377745646
1325	0.38109849472268
1326	0.381105565876977
1327	0.381162806831503
1328	0.381198648151049
1329	0.381253490403479
1330	0.381270927073921
1331	0.38127655608836
1332	0.381310606814053
1333	0.381361489512839
1334	0.381362323683143
1335	0.381394408076235
1336	0.381471573531231
1337	0.381537831297035
1338	0.381588931907775
1339	0.381642457480822
1340	0.381669111970195
1341	0.381742513863298
1342	0.381869452599513
1343	0.381906711448837
1344	0.381959615024948
1345	0.382037419830555
1346	0.382077789423837
1347	0.382139957099606
1348	0.382216832647577
1349	0.382244886977252
1350	0.382344432438073
1351	0.382406083697052
1352	0.38246222812979
1353	0.382519196726018
1354	0.38255526594496
1355	0.382615891029271
1356	0.382678610442946
1357	0.382707008183866
1358	0.382734191856216
1359	0.382793543527347
1360	0.382876692906859
1361	0.382883640292309
1362	0.382967209407938
1363	0.383020477224902
1364	0.383045421038035
1365	0.383030344760557
1366	0.383030689388972
1367	0.383005798686459
1368	0.382989029842346
1369	0.382963904535779
1370	0.382901586144698
1371	0.382796291752431
1372	0.382682688324596
1373	0.382542830987307
1374	0.38236734130503
1375	0.382167250173
1376	0.381972418315904
1377	0.381749478824054
1378	0.381470914211187
1379	0.381269850511637
1380	0.380917901238654
1381	0.380522391248784
1382	0.380060324560689
1383	0.379527238029646
1384	0.378952759679678
1385	0.378287806213048
1386	0.377621504579616
1387	0.376892252183396
1388	0.376173347416631
1389	0.375432154141306
1390	0.37472784224917
1391	0.374045762246266
1392	0.373473158145315
1393	0.373041693961849
1394	0.372798893415836
1395	0.372628681483981
1396	0.372605344505574
1397	0.372636282866471
1398	0.372807348611648
1399	0.372959614422702
1400	0.373200984496146
1401	0.373416935830065
1402	0.373677086702559
1403	0.373849461918276
1404	0.374046870809527
1405	0.374261766008476
1406	0.374416776590424
1407	0.374556343471655
1408	0.374710900467584
1409	0.374853850716865
1410	0.374981822459304
1411	0.375138945351082
1412	0.375336164849071
1413	0.375536125816512
1414	0.375750365899454
1415	0.375964742848896
1416	0.376214929599665
1417	0.376490278730216
1418	0.376777211225267
1419	0.37704575779595
1420	0.377284084036169
1421	0.377559625055372
1422	0.377780349664816
1423	0.377975409712274
1424	0.3782161637197
1425	0.378456163722239
1426	0.378725147475289
1427	0.378937905847887
1428	0.379119150962391
1429	0.379300508431564
1430	0.379472014326753
1431	0.37963794126842
1432	0.379813873996944
1433	0.379988793533515
1434	0.380136392757627
1435	0.380290506117624
1436	0.380431623421203
1437	0.380553034076144
1438	0.380687649935827
1439	0.380777361152403
1440	0.380876514533525
1441	0.380972428633343
1442	0.381094048740034
1443	0.38116289895601
1444	0.381296004497176
1445	0.381442554846222
1446	0.381517924708952
1447	0.381635585391818
1448	0.381744710585874
1449	0.381832287112826
1450	0.381916869472452
1451	0.382028395064412
1452	0.382135806056602
1453	0.38220769500426
1454	0.382297421839488
1455	0.382360866847097
1456	0.382432812912592
1457	0.382505178429471
1458	0.38257749525816
1459	0.382678419655904
1460	0.382785357881492
1461	0.382836506971872
1462	0.382913233102189
1463	0.382990708690954
1464	0.383006103415608
1465	0.383089111940663
1466	0.383209649323387
1467	0.383296738068786
1468	0.383382394392461
1469	0.38347535226724
1470	0.383525680865494
1471	0.383607525548685
1472	0.383688315222084
1473	0.38377056286477
1474	0.383819223937386
1475	0.383871650965875
1476	0.383923006160721
1477	0.383975691601828
1478	0.383972493704858
1479	0.384055704825479
1480	0.384173955552972
1481	0.384250586655676
1482	0.384395063485131
1483	0.384483918141718
1484	0.384485512317837
1485	0.384551203457578
1486	0.38465278883159
1487	0.384707069195192
1488	0.384731481945528
1489	0.384786000840818
1490	0.384800323485606
1491	0.384824257406379
1492	0.384824228005893
1493	0.384898133647583
1494	0.38493768095111
1495	0.385011906014442
1496	0.385074400246616
1497	0.385129894203564
1498	0.385138946736407
1499	0.385163550422096
1500	0.385258819597542
1501	0.385295660340063
1502	0.385249024030299
1503	0.38528594518007
1504	0.385296200054983
1505	0.385338176594859
1506	0.385427636062841
1507	0.385501370746297
1508	0.385586976231667
1509	0.385636817137109
1510	0.385619241537601
1511	0.385606010724896
1512	0.385617817991944
1513	0.385645118633003
1514	0.385665524141276
1515	0.385740235945852
1516	0.385726751900378
1517	0.38571758698378
1518	0.385776944739854
1519	0.385818656485494
1520	0.385829495696129
1521	0.385876678227031
1522	0.385900777917448
1523	0.3859382011607
1524	0.38596246594675
1525	0.38607241799181
1526	0.386104314823802
1527	0.386139290845146
1528	0.386158860193244
1529	0.386131008603802
1530	0.386143221889004
1531	0.386160452683486
1532	0.386160161348755
1533	0.38621363176603
1534	0.386213416049407
1535	0.386190913523455
1536	0.386223438562998
1537	0.386308070967475
1538	0.386325914615941
1539	0.386369293220753
1540	0.386420273993428
1541	0.386450750219731
1542	0.386456149493275
1543	0.386462443494553
1544	0.386501063716288
1545	0.386561949752865
1546	0.386547133605961
1547	0.386587125534035
1548	0.386605702643034
1549	0.386590261983743
1550	0.386608904472604
1551	0.386663521146001
1552	0.386695339893692
1553	0.386709733898485
1554	0.386754775899033
1555	0.386785814070765
1556	0.386810387965539
1557	0.386793141232831
1558	0.38683863660423
1559	0.386861454982379
1560	0.386894034544518
1561	0.386960150274699
1562	0.386979775505359
1563	0.387014014229191
1564	0.387047070196959
1565	0.387074951727237
1566	0.387129313697562
1567	0.387131381045872
1568	0.387151486427927
1569	0.38713848749163
1570	0.387185494005791
1571	0.387217046125805
1572	0.387243055903587
1573	0.38729122997512
1574	0.38733098209197
1575	0.387364392602983
1576	0.387377286718712
1577	0.387466822628348
1578	0.38749355992336
1579	0.387507414386103
1580	0.387520653266629
1581	0.387498637188537
1582	0.387498192439462
1583	0.38761334710599
1584	0.38767614939758
1585	0.387753134871508
1586	0.387772774651114
1587	0.387715384955631
1588	0.387726993556682
1589	0.387791669159251
1590	0.387839411748769
1591	0.387874960428335
1592	0.387909058486819
1593	0.387960756054868
1594	0.387995154724314
1595	0.388068140097351
1596	0.388102888912687
1597	0.388103831866599
1598	0.388096287967468
1599	0.388153218697121
1600	0.388168149659286
1601	0.38819946548506
1602	0.388243078007799
1603	0.388237655560016
1604	0.388273266142508
1605	0.388294891408165
1606	0.388330762096167
1607	0.388319740933416
1608	0.388341353332542
1609	0.388354116085789
1610	0.388390388523889
1611	0.3883797693888
1612	0.388430812156421
1613	0.38841208017629
1614	0.388434142080477
1615	0.388473041425512
1616	0.388510002267117
1617	0.388477278980106
1618	0.388543901678299
1619	0.388656345609785
1620	0.388685508635592
1621	0.388743435762092
1622	0.388796320218319
1623	0.388763251794476
1624	0.38876299089764
1625	0.388868626625457
1626	0.388892182065081
1627	0.388923621980948
1628	0.388962472573373
1629	0.388947258895738
1630	0.388971174375113
1631	0.388996782840107
1632	0.389020896761377
1633	0.389108250886396
1634	0.389108715931814
1635	0.38910482422319
1636	0.38915131870727
1637	0.389155348748737
1638	0.389202167152097
1639	0.389256975091369
1640	0.389319728515073
1641	0.389360986049251
1642	0.38935987846626
1643	0.389361903680768
1644	0.389416618337319
1645	0.389453893320437
1646	0.389493367859469
1647	0.389500182621599
1648	0.389564705772393
1649	0.38954763186773
1650	0.389603574043014
1651	0.389656965046755
1652	0.389688459233137
1653	0.389711035254943
1654	0.38977490694814
1655	0.389835497274461
1656	0.389907046111329
1657	0.390003123552804
1658	0.390115087087944
1659	0.390174245645245
1660	0.390278217873126
1661	0.390345306049981
1662	0.390459675963345
1663	0.390584269937379
1664	0.390709289849406
1665	0.390796451303036
1666	0.390889511278433
1667	0.390939025500036
1668	0.391042375683901
1669	0.391158931908056
1670	0.391248490357223
1671	0.391404150262819
1672	0.391530524207454
1673	0.391626645455382
1674	0.391763579574448
1675	0.391850504025716
1676	0.392005758336004
1677	0.39214825611796
1678	0.392270519715152
1679	0.392387612923549
1680	0.392545638849087
1681	0.392741223307248
1682	0.39289138488417
1683	0.393106800619124
1684	0.393249168460882
1685	0.393399476459081
1686	0.393605837994906
1687	0.393771760725197
1688	0.393935171975063
1689	0.394148602876674
1690	0.394313928154883
1691	0.394451284587067
1692	0.394627961294628
1693	0.394745143210307
1694	0.39486927881284
1695	0.395011233102611
1696	0.395128117160542
1697	0.395326744880006
1698	0.395491173122014
1699	0.395684851872575
1700	0.395795789257881
1701	0.395929847632497
1702	0.39600489779346
1703	0.396044172009481
1704	0.396166646687463
1705	0.396227176412782
1706	0.396326167889096
1707	0.396396367342794
1708	0.396548943554904
1709	0.396616852931845
1710	0.396637388876296
1711	0.396752082544737
1712	0.396813963698131
1713	0.396836228589512
1714	0.396949384320266
1715	0.396992137665593
1716	0.397028522915275
1717	0.397004478230493
1718	0.39702830005503
1719	0.397053722155251
1720	0.396998381438208
1721	0.396979925681189
1722	0.396946038003883
1723	0.396882349232158
1724	0.396804649389292
1725	0.396806849158653
1726	0.396740304120943
1727	0.396624485223987
1728	0.396557116252827
1729	0.39644138729829
1730	0.396252621285275
1731	0.396110472220156
1732	0.395932376826578
1733	0.395778668995175
1734	0.395693870581974
1735	0.395566396588621
1736	0.39551690147157
1737	0.395431402389869
1738	0.395290028670528
1739	0.395148212799002
1740	0.395056229474943
1741	0.394900349022281
1742	0.394867971146456
1743	0.394902767863922
1744	0.394784668639207
1745	0.394728730056048
1746	0.39466659755615
1747	0.394621658436708
1748	0.394539370802355
1749	0.394499929609468
1750	0.394416105343393
1751	0.394287416834863
1752	0.394155062405879
1753	0.394045791942353
1754	0.394023213286859
1755	0.393969232101813
1756	0.393891149955554
1757	0.393830236086435
1758	0.393732891891403
1759	0.393630120407137
1760	0.393609881039518
1761	0.393521002016344
1762	0.393420520270354
1763	0.39327759574
1764	0.393083326314341
1765	0.392936985191549
1766	0.392832109771483
1767	0.392726653224897
1768	0.392739740557305
1769	0.3926391332069
1770	0.392508938933226
1771	0.392332330871728
1772	0.392120058039966
1773	0.392051390433671
1774	0.392036779038622
1775	0.391984762815209
1776	0.391983758971649
1777	0.391938639446877
1778	0.391832202926581
1779	0.391760915355507
1780	0.391673913513938
1781	0.391685121291174
1782	0.391653720344333
1783	0.391628998851303
1784	0.391641017398732
1785	0.391610563394025
1786	0.391562458779416
1787	0.391542066301405
1788	0.391513581030958
1789	0.391440902972898
1790	0.391385265172082
1791	0.391389490988211
1792	0.391360490384783
1793	0.391340151325646
1794	0.391289046323343
1795	0.391304514595652
1796	0.391343032991421
1797	0.3913159186342
1798	0.391377234445271
1799	0.391445015976876
1800	0.391439089129222
1801	0.391409633846111
1802	0.391469732169482
1803	0.391401683491289
1804	0.391429444242961
1805	0.391466247028336
1806	0.391504314432585
1807	0.391483245307059
1808	0.391559813183021
1809	0.391628636932935
1810	0.391587141140528
1811	0.391587361018067
1812	0.391512338109278
1813	0.391479785845303
1814	0.39159341951047
1815	0.391651903290049
1816	0.391683889841576
1817	0.391760851713508
1818	0.391774260179865
1819	0.391727134755421
1820	0.391694878201308
1821	0.391655178735021
1822	0.391681102297794
1823	0.391762662603292
1824	0.391757062803942
1825	0.391794633207867
1826	0.391810833268316
1827	0.391750622660569
1828	0.391773344845138
1829	0.391801625136926
1830	0.391743746437501
1831	0.393955466019479
1832	0.393903957462807
1833	0.393790505439437
1834	0.393953503704375
1835	0.394088786103045
1836	0.394050533133828
1837	0.39373961144727
1838	0.393696819783037
1839	0.393640422054073
1840	0.393578017092515
1841	0.393736543437044
1842	0.393946908626347
1843	0.394011456812853
1844	0.39410676204542
1845	0.394131867052247
1846	0.394050931418489
1847	0.393987998860554
1848	0.393936791062932
1849	0.39386513428119
1850	0.393776849220282
1851	0.393852070376308
1852	0.393953479458022
1853	0.393988475369642
1854	0.394061158300721
1855	0.39412655766006
1856	0.394125951416994
1857	0.393999241169618
1858	0.394103316804145
1859	0.39424798638437
1860	0.394224939860614
1861	0.394293585832181
1862	0.39427797880435
1863	0.394181890262227
1864	0.393958203185652
1865	0.393868080904012
1866	0.393738439351565
1867	0.393712789544223
1868	0.3937888793281
1869	0.393839707472945
1870	0.393778019040616
1871	0.393646338490082
1872	0.393517279794885
1873	0.393193593609561
1874	0.393123352108218
1875	0.393371080963175
1876	0.393369735862183
1877	0.39338967129082
1878	0.393316310100423
1879	0.393038010396822
1880	0.392914887484972
1881	0.392761816336125
1882	0.392660246639495
1883	0.392517948738252
1884	0.39239107237884
1885	0.39222317308736
1886	0.39197483605557
1887	0.391859156560835
1888	0.391664544448785
1889	0.391385108099827
1890	0.391118662665965
1891	0.390754583070328
1892	0.390506284425622
1893	0.390358924835023
1894	0.390123162985467
1895	0.38992564175732
1896	0.389635018346034
1897	0.389224281765079
1898	0.388827976480997
1899	0.388503332262029
1900	0.388171118159967
1901	0.387933192063487
1902	0.387824201159729
1903	0.38758397547708
1904	0.387313291303532
1905	0.3870460067643
1906	0.386830508375067
1907	0.38657918972741
1908	0.386424254756714
1909	0.386346536086442
1910	0.386275235711545
1911	0.38618473570636
1912	0.386136865563215
1913	0.386283455868627
1914	0.386293009516292
1915	0.386330793807973
1916	0.386303847256583
1917	0.386199808338714
1918	0.386072249913601
1919	0.38605034184123
1920	0.385995707572672
1921	0.385992049932827
1922	0.386160266913674
1923	0.38620401783499
1924	0.386163643729324
1925	0.386218649939512
1926	0.386425343573379
1927	0.386432622590253
1928	0.386399228911953
1929	0.38627649210248
1930	0.386283893425206
1931	0.386204164735207
1932	0.38619369245765
1933	0.38632316653864
1934	0.386364296591362
1935	0.386228234240644
1936	0.386246883674857
1937	0.386404916262186
1938	0.386412139072355
1939	0.386383731662402
1940	0.386318582442795
1941	0.38630610507319
1942	0.386288101692665
1943	0.386291440261853
1944	0.386462708931425
1945	0.38651061230836
1946	0.386428220448185
1947	0.38641178146664
1948	0.386495863871884
1949	0.386516859250285
1950	0.386529234810719
1951	0.386586004154605
1952	0.38665595009084
1953	0.386663519437179
1954	0.38667771808672
1955	0.386727288737575
1956	0.386759047847596
1957	0.386685089657872
1958	0.386767716858009
1959	0.387010597509422
1960	0.387237034470293
1961	0.387323853797393
1962	0.387405171758947
1963	0.387467834781344
1964	0.387353695593402
1965	0.387368392472805
1966	0.387489326794177
1967	0.38750684618666
1968	0.387436164665023
1969	0.387451892071058
1970	0.387486976824924
1971	0.387618851270876
1972	0.387728069364025
1973	0.388069345359524
1974	0.388154932112265
1975	0.38812252280357
1976	0.38817952892878
1977	0.388165838822943
1978	0.388200615855001
1979	0.388207990762213
1980	0.388300323518461
1981	0.388473062722915
1982	0.388583603071787
1983	0.388620286234233
1984	0.388732000914525
1985	0.388842341578601
1986	0.388785693036593
1987	0.388900957488536
1988	0.389154779799167
1989	0.389366661385509
1990	0.389487547798157
1991	0.389664643458202
1992	0.389860907118642
1993	0.390053006361782
1994	0.390155359813364
1995	0.390162252397326
1996	0.390247146536366
1997	0.390236817419345
1998	0.390407723432952
1999	0.39080841088599
2000	0.391043585981053
2001	0.391291092231555
2002	0.391499314514206
2003	0.391638515412861
2004	0.391775657546545
2005	0.391969224412811
2006	0.392102836510245
2007	0.392295905153314
2008	0.392514011966001
2009	0.39276017782933
2010	0.393106238711556
2011	0.393318610825455
2012	0.393404270508207
2013	0.393540397509928
2014	0.393594586357502
2015	0.393639205224751
2016	0.393792300827003
2017	0.394083262717517
2018	0.394401047117271
2019	0.394731757262948
2020	0.395028462844152
2021	0.395343704067572
2022	0.395611998293531
2023	0.395847455400236
2024	0.39605111120993
2025	0.396230484440655
2026	0.396375381428373
2027	0.396470827720849
2028	0.396638937751058
2029	0.396905959996314
2030	0.396982894513235
2031	0.397285835274637
2032	0.397740282077865
2033	0.398032881955861
2034	0.398334143897278
2035	0.398579927676776
2036	0.398619535244987
2037	0.39876942358198
2038	0.399042993040949
2039	0.399151170684639
2040	0.399087146233354
2041	0.399124283432726
2042	0.399240353171969
2043	0.399309755366475
2044	0.399461132175026
2045	0.399799025589433
2046	0.399951281075437
2047	0.40007754370911
2048	0.40016930320326
2049	0.400248633180735
2050	0.400297890518356
2051	0.400313171901687
2052	0.40040393349604
2053	0.400541342876451
2054	0.400525953321177
2055	0.400581671707629
2056	0.40061924557867
2057	0.400617981650315
2058	0.400668773980301
2059	0.40074358619932
2060	0.400874403757947
2061	0.401017614806103
2062	0.401273276671172
2063	0.401404639690445
2064	0.401469788885398
2065	0.401503215680887
2066	0.401398371412606
2067	0.401365488696899
2068	0.401539733163374
2069	0.401673144267065
2070	0.401746337225708
2071	0.401826314842435
2072	0.401903458663009
2073	0.401836552447837
2074	0.401857322705457
2075	0.402051333737219
2076	0.40215434765289
2077	0.402222434160807
2078	0.402294396036029
2079	0.40236500435755
2080	0.402371889596907
2081	0.402347508593718
2082	0.402409589239965
2083	0.402446671109322
2084	0.402375078278821
2085	0.402364938675908
2086	0.402378083931453
2087	0.402399757670322
2088	0.402510249530016
2089	0.402576443387283
2090	0.402612505240298
2091	0.402672694750848
2092	0.402827461823555
2093	0.402822987354301
2094	0.402710413408893
2095	0.402786946395714
2096	0.402853833371392
2097	0.402924361666215
2098	0.4031135939791
2099	0.403247595445967
2100	0.403232516035713
2101	0.402988532902604
2102	0.4029411604687
2103	0.402941637941763
2104	0.40301141240835
2105	0.403336628784868
2106	0.403439883080783
2107	0.403479534114572
2108	0.403458208469909
2109	0.403235781394219
2110	0.403088123032668
2111	0.40301185169775
2112	0.4029249631355
2113	0.403032644376195
2114	0.403108353535514
2115	0.403179711589208
2116	0.403363706977381
2117	0.403329105580569
2118	0.403145426635485
2119	0.402970196562578
2120	0.402571687596054
2121	0.402421990970311
2122	0.402432620796286
2123	0.402458263443493
2124	0.40235015357682
2125	0.402262217896077
2126	0.401996303838042
2127	0.40159027470994
2128	0.401373904983953
2129	0.401184682821934
2130	0.400863977190779
2131	0.400624246884244
2132	0.40037327346555
2133	0.40009618977897
2134	0.399788911164558
2135	0.399497119072843
2136	0.399242801345911
2137	0.399012399528538
2138	0.398636023126278
2139	0.39826632603475
2140	0.397913176412728
2141	0.397448192733743
2142	0.396959910460926
2143	0.396654155703086
2144	0.396325746540792
2145	0.395902727657932
2146	0.395368374415873
2147	0.394897575490717
2148	0.394253025454329
2149	0.393773470725977
2150	0.393434593420657
2151	0.392995500413939
2152	0.392586353469239
2153	0.392068161471213
2154	0.391433710471765
2155	0.390758319291397
2156	0.390078115162902
2157	0.389424975606892
2158	0.388759715739722
2159	0.38806207378446
2160	0.387188564724586
2161	0.386313092861681
2162	0.385456275470074
2163	0.384493503304415
2164	0.383648005578747
2165	0.382879240595956
2166	0.382143892203121
2167	0.381317286139106
2168	0.380778028977847
2169	0.380473075829538
2170	0.380114851242351
2171	0.379960692238437
2172	0.379669793147893
2173	0.379582054248676
2174	0.379331595734555
2175	0.379198568351941
2176	0.37925269388957
2177	0.379221981037173
2178	0.379211400142815
2179	0.379074648703843
2180	0.378901657196747
2181	0.378754214268498
2182	0.378510386620517
2183	0.37836309008586
2184	0.378350290813475
2185	0.37821675385842
2186	0.378141055581504
2187	0.377849696750249
2188	0.377269844083885
2189	0.376894880765527
2190	0.376443501642004
2191	0.376087795400343
2192	0.375791083389817
2193	0.375441087354562
2194	0.375011116031775
2195	0.374581035231647
2196	0.37409445043247
2197	0.373592591663096
2198	0.373022274424959
2199	0.372524938187334
2200	0.372043351739964
2201	0.371527316665968
2202	0.371094613512702
2203	0.370663048411887
2204	0.370220120289613
2205	0.369847787857822
2206	0.369426060708425
2207	0.368827448468165
2208	0.368532549357911
2209	0.368265758356899
2210	0.368121532231491
2211	0.368252170364074
2212	0.36835037865842
2213	0.368534465450935
2214	0.368801206413355
2215	0.368952106047811
2216	0.369151877610212
2217	0.369373696241924
2218	0.369463549246347
2219	0.369522116394025
2220	0.369735126222237
2221	0.369985013151887
2222	0.370340271474643
2223	0.370792628321402
2224	0.371435318776775
2225	0.371881592979175
2226	0.372379128583866
2227	0.372741015765344
2228	0.372926322095176
2229	0.373379905364658
2230	0.373889504502317
2231	0.374554142138232
2232	0.37522990068159
2233	0.37574126224911
2234	0.37620011768672
2235	0.376585758492374
2236	0.376799115294687
2237	0.377230259074134
2238	0.377604408555559
2239	0.37803233901721
2240	0.378665654880367
2241	0.379256756676832
2242	0.379864058723647
2243	0.380523106816002
2244	0.38116462224046
2245	0.381854097995847
2246	0.382599229480213
2247	0.383409154509917
2248	0.384154919455861
2249	0.385120833027659
2250	0.38590607130008
2251	0.386494215889349
2252	0.387190122665171
2253	0.387628901806094
2254	0.388379634048366
2255	0.389370791978776
2256	0.390423052759165
2257	0.391264381454728
2258	0.392137757865993
2259	0.392843976277604
2260	0.393377041500702
2261	0.394152277359123
2262	0.395194475279613
2263	0.396195014405961
2264	0.397133366828046
2265	0.397553628696029
2266	0.397796184462566
2267	0.398199553249263
2268	0.398543180594037
2269	0.398845281134917
2270	0.399391188009598
2271	0.39974576342925
2272	0.39991081355883
2273	0.400036499326683
2274	0.400099280524493
2275	0.400245641728315
2276	0.400327670358927
2277	0.400524395312094
2278	0.40084874989597
2279	0.401107173502759
2280	0.401448857707097
2281	0.401610362064009
2282	0.401681992700706
2283	0.401824073488413
2284	0.401988251763104
2285	0.402191485803602
2286	0.402321903810631
2287	0.402491297403938
2288	0.40282970010613
2289	0.403044137762507
2290	0.403358502088444
2291	0.403609308333182
2292	0.403913717554406
2293	0.404053436754104
2294	0.404160824801528
2295	0.404328162867539
2296	0.404596260392191
2297	0.404674189598951
2298	0.405019843045062
2299	0.405796298955472
2300	0.406181143682111
2301	0.406511896975138
2302	0.406708596264384
2303	0.406808210814279
2304	0.406865904066985
2305	0.406851922674834
2306	0.406799705285784
2307	0.406650647761209
2308	0.406528920239204
2309	0.406427893890503
2310	0.406105444798944
2311	0.405613076942453
2312	0.405135549010996
2313	0.404594901074193
2314	0.40415048212452
2315	0.403810173851951
2316	0.403543025759665
2317	0.403342625271051
2318	0.402900889298111
2319	0.402273542987488
2320	0.40191473410735
2321	0.401912181616539
2322	0.401525884651245
2323	0.401258709742353
2324	0.401031246530887
2325	0.40039090247045
2326	0.400083797023688
2327	0.399957015014283
2328	0.400003533440046
2329	0.399980260601001
2330	0.40020984367571
2331	0.400422130122958
2332	0.400679117734557
2333	0.40078865232996
2334	0.400751301307674
2335	0.400802319341064
2336	0.400554863567435
2337	0.400605647024705
2338	0.400916664221535
2339	0.401079327414607
2340	0.401210023833423
2341	0.401277036944063
2342	0.401395278973551
2343	0.401352010327339
2344	0.401181837276692
2345	0.401187381143545
2346	0.4011597576898
2347	0.400902863646509
2348	0.400743475676925
2349	0.400582827246128
2350	0.400091842991232
2351	0.399739519196059
2352	0.399336198660139
2353	0.398829586519882
2354	0.398634703306252
2355	0.398329586305271
2356	0.397828445448539
2357	0.397647873731749
2358	0.397177800128634
2359	0.396646085110264
2360	0.395747347511315
2361	0.395037046340633
2362	0.394761649302211
2363	0.39423212531758
2364	0.393610421445577
2365	0.39330683998551
2366	0.393056961141009
2367	0.392636090618447
2368	0.392242609588251
2369	0.392011005551944
2370	0.391580595125016
2371	0.390690594516388
2372	0.389884733907527
2373	0.389054045388018
2374	0.388362910948572
2375	0.387330253980018
2376	0.386669159109609
2377	0.386534046078961
2378	0.385902383926472
2379	0.385233971137654
2380	0.384673718089173
2381	0.384160036387594
2382	0.383531536784309
2383	0.383066145210386
2384	0.38247180332787
2385	0.381805231846082
2386	0.381255946345517
2387	0.380762927613609
2388	0.380202112098942
2389	0.379415029593526
2390	0.378782246040003
2391	0.378328546968338
2392	0.377906986037333
2393	0.377793519151043
2394	0.37739478165498
2395	0.376757247703258
2396	0.376279299848799
2397	0.375788362699399
2398	0.375380323896038
2399	0.375201485089017
2400	0.374921949392141
2401	0.374475914956359
2402	0.373816782367985
2403	0.373311241386593
2404	0.372569266095092
2405	0.372218211772598
2406	0.371963558304355
2407	0.371438700158449
2408	0.371430216848955
2409	0.371123149323901
2410	0.370458655938458
2411	0.370310125728108
2412	0.36973396687465
2413	0.369108168363942
2414	0.369053960618287
2415	0.36899901422084
2416	0.368479373463761
2417	0.368580416661965
2418	0.368712660945434
2419	0.367963275832941
2420	0.36764623803806
2421	0.367498339171871
2422	0.367028748005895
2423	0.367177416598979
2424	0.367497757278278
2425	0.367487173718549
2426	0.367432803364932
2427	0.367171380412073
2428	0.366244183413231
2429	0.366234993617428
2430	0.366588733028979
2431	0.366669560582541
2432	0.367195479902639
2433	0.367343763918006
2434	0.367009447846198
2435	0.366794907706802
2436	0.366383195728708
2437	0.366263053969194
2438	0.366074138077947
2439	0.365950325832162
2440	0.366344132600578
2441	0.366352427438817
2442	0.366349223562848
2443	0.366051634970734
2444	0.365484206512463
2445	0.365419056284076
2446	0.365326825594976
2447	0.365180405012789
2448	0.365431314119154
2449	0.3652330920347
2450	0.364406723867047
2451	0.364088107981691
2452	0.363968792483971
2453	0.363643107300938
2454	0.363045359810573
2455	0.362699111891581
2456	0.362180488167553
2457	0.362055674257216
2458	0.36264883624444
2459	0.362535683310016
2460	0.361996950529546
2461	0.36160734842999
2462	0.360875360841355
2463	0.36046208858553
2464	0.360905694827513
2465	0.360531031359315
2466	0.359919134632426
2467	0.359452528721957
2468	0.358651961576235
2469	0.358349320643274
2470	0.358750881861252
2471	0.358745773478031
2472	0.358837105520287
2473	0.358461865010867
2474	0.357728713507977
2475	0.357127719928312
2476	0.356496277339547
2477	0.355976012234624
2478	0.355471254605924
2479	0.355026851929167
2480	0.354541590958086
2481	0.353993490729588
2482	0.353430653187323
2483	0.353214608815292
2484	0.353322638653468
2485	0.35306386833315
2486	0.352547801661602
2487	0.352287235093229
2488	0.351246691287103
2489	0.350701205646192
2490	0.350697518900812
2491	0.350644645297427
2492	0.350497170046493
2493	0.35010222153156
2494	0.349394287767385
2495	0.349146882218308
2496	0.348648195355765
2497	0.34832368799501
2498	0.348858155895872
2499	0.348540451005317
2500	0.347760218033583
