350	0.413844511344728
351	0.37265931260826
352	0.361235159332782
353	0.403329910215326
354	0.413577250610635
355	0.384056946913516
356	0.392574496511804
357	0.404017535209614
358	0.409937907855511
359	0.392142281157602
360	0.378160553137351
361	0.393331939014646
362	0.397895644237108
363	0.374652094385804
364	0.369328471080826
365	0.388204380323536
366	0.391973813857947
367	0.377908081229448
368	0.371176660630968
369	0.381140371528017
370	0.386851015311674
371	0.389333235536322
372	0.374673475669204
373	0.370088613161909
374	0.374685333744652
375	0.376939835372091
376	0.369043626761655
377	0.367286259459225
378	0.366826735198077
379	0.366893318676013
380	0.358202654781902
381	0.357503093966012
382	0.357122126291001
383	0.358690795994473
384	0.353105750033948
385	0.344651614321567
386	0.349893620717063
387	0.356535670549865
388	0.353144236066202
389	0.344041396944869
390	0.344802918863867
391	0.357039499289196
392	0.351377048281376
393	0.342004780838249
394	0.338570341487488
395	0.344564820274844
396	0.347072692623957
397	0.342952520854496
398	0.338537002020402
399	0.341860876797626
400	0.340580085000722
401	0.337854145561253
402	0.334273874835437
403	0.337531384881898
404	0.337999095669423
405	0.336477562013454
406	0.332582802308289
407	0.333814466319218
408	0.333525838456145
409	0.33093416592636
410	0.327440948556699
411	0.328449721874151
412	0.328318928082626
413	0.331045870589503
414	0.32737305176329
415	0.323704289583081
416	0.325101683403365
417	0.326468879248433
418	0.32387332149203
419	0.322884758756572
420	0.322019420723984
421	0.322874802516699
422	0.320564731881768
423	0.319109047564606
424	0.318820815827728
425	0.318727100966232
426	0.318324451663725
427	0.317165307244931
428	0.316746975386347
429	0.316985355859059
430	0.315517036159453
431	0.31429831986525
432	0.31436706652869
433	0.314311627466822
434	0.314351011921387
435	0.313691836976582
436	0.312369237878089
437	0.313968654103278
438	0.313410800173116
439	0.312654781321511
440	0.31231032242051
441	0.311494118815199
442	0.311186051082724
443	0.312051694262635
444	0.311527806867346
445	0.311157884079807
446	0.311000985806126
447	0.310608192282815
448	0.310111394943593
449	0.310213232944837
450	0.310367142089536
451	0.310179243013102
452	0.309976943217789
453	0.309422815006525
454	0.309175591097476
455	0.309917730741369
456	0.309381454570285
457	0.308951676711947
458	0.309277551442624
459	0.309324207946004
460	0.309075622730475
461	0.308671383750539
462	0.30794851309528
463	0.307803297578063
464	0.308234072500604
465	0.307788345159725
466	0.307140551821001
467	0.307690557306839
468	0.307568376947922
469	0.306748864101748
470	0.306597484654193
471	0.306961268933821
472	0.307550924063552
473	0.307313464708875
474	0.305795263634474
475	0.306368189152971
476	0.306957236161995
477	0.306898600473747
478	0.306199717781007
479	0.306069647713164
480	0.306514618427092
481	0.306611571620691
482	0.306278025668284
483	0.305988199318571
484	0.306540473925908
485	0.307004207809969
486	0.306699368770215
487	0.306368138883869
488	0.306254913018276
489	0.306404000044115
490	0.306247584575532
491	0.306368957390486
492	0.306888334386077
493	0.307448114264516
494	0.307572922157487
495	0.3073449979283
496	0.30740820353522
497	0.308212765263545
498	0.308514194004578
499	0.308614789245491
500	0.308534734335507
501	0.308527618049545
502	0.308879871453571
503	0.309307283212205
504	0.309214828045331
505	0.309437273862931
506	0.30996907056668
507	0.310489837908789
508	0.310200577197005
509	0.31032777664276
510	0.310825589112869
511	0.31113306773061
512	0.311357547953419
513	0.311434704396712
514	0.311865865254884
515	0.31222991465263
516	0.31229547362022
517	0.312385582933125
518	0.312522569637308
519	0.313055001010542
520	0.313199804522451
521	0.313451825966491
522	0.313808418753437
523	0.314343099978421
524	0.314666388333392
525	0.314802333272985
526	0.314819205776278
527	0.315204724635375
528	0.315685190806976
529	0.316011062569334
530	0.316178026133467
531	0.316513756343426
532	0.317058963181339
533	0.317365138334668
534	0.317418449569204
535	0.317714554603484
536	0.318155865866859
537	0.318670460560654
538	0.318822534147854
539	0.319057790530821
540	0.319563321206021
541	0.31991364623758
542	0.320235884188872
543	0.320454447262246
544	0.320858252156887
545	0.321328822280596
546	0.321733567571984
547	0.321928055176975
548	0.322389302022572
549	0.322841157256268
550	0.323249724787457
551	0.323528945937036
552	0.323974951400569
553	0.324356352123806
554	0.325005747260756
555	0.325427112818439
556	0.32566971621472
557	0.325958044844785
558	0.326516221591717
559	0.326881324105174
560	0.327200077492166
561	0.327600319089922
562	0.328186545044017
563	0.328585630667285
564	0.328971704334194
565	0.329276419002849
566	0.329666729346207
567	0.330030570230582
568	0.330309308379699
569	0.330579212264088
570	0.330999683744248
571	0.331350576934282
572	0.331625098588489
573	0.331824752179984
574	0.33211721530672
575	0.33247801446116
576	0.332957994580508
577	0.333116586335612
578	0.333324421466798
579	0.333737585062292
580	0.334166725962894
581	0.334337466806663
582	0.334570693210818
583	0.334768325725331
584	0.335204934228787
585	0.335372472512273
586	0.335388161792046
587	0.335598874520835
588	0.336042657651655
589	0.336180531262062
590	0.336136229747823
591	0.336448326632752
592	0.336812384827745
593	0.337025083545403
594	0.337172317458351
595	0.337148810991065
596	0.337342671644722
597	0.33776524169477
598	0.337877215076397
599	0.337990578153656
600	0.338251113995414
601	0.338500424996356
602	0.338595254613196
603	0.338630487019014
604	0.338769605937673
605	0.339039345613646
606	0.339176956791836
607	0.339139698804799
608	0.339201742510085
609	0.339382242736808
610	0.3396757915527
611	0.339797972527724
612	0.339658362999149
613	0.339717466125931
614	0.339835037560784
615	0.339960178314946
616	0.339939759542134
617	0.340088842793485
618	0.34026631693554
619	0.340354874175959
620	0.340277577098572
621	0.340465296222348
622	0.34070777333343
623	0.340837217464267
624	0.340810746005944
625	0.340876569384696
626	0.340987768326969
627	0.341133360016748
628	0.341215751961075
629	0.341221600276002
630	0.341414287753654
631	0.341571388786093
632	0.341597944071617
633	0.341685923963649
634	0.341804240342207
635	0.341932265208661
636	0.342096015763873
637	0.342094971180742
638	0.34207865819775
639	0.34229406199065
640	0.342473360278031
641	0.342498981819925
642	0.342536686567916
643	0.342578202420635
644	0.342715715677603
645	0.34283702559985
646	0.34285033077442
647	0.342956027990437
648	0.343065413957756
649	0.343188342097802
650	0.343220120470595
651	0.343267355668323
652	0.343361486930583
653	0.343467808297954
654	0.343493893468899
655	0.343565650639017
656	0.343599146647908
657	0.343749966083839
658	0.343921499120741
659	0.343926690619159
660	0.344047885340947
661	0.344201472531197
662	0.344356690953281
663	0.344395672038631
664	0.344416261103939
665	0.34452023172309
666	0.344730547972342
667	0.344840509070259
668	0.344848600269869
669	0.344933774155263
670	0.345105996977369
671	0.345188910446979
672	0.3452491338796
673	0.34533801730249
674	0.345491036288548
675	0.345582447292814
676	0.345679694138529
677	0.345679113791891
678	0.345822791133525
679	0.345992694938576
680	0.346108887743171
681	0.346145438984767
682	0.346206494416459
683	0.346307687928173
684	0.346427007508083
685	0.346418626398489
686	0.346502927217551
687	0.346707843380677
688	0.346863931624723
689	0.346833432991259
690	0.346861591197571
691	0.34690255528737
692	0.347078663698386
693	0.347209251520366
694	0.347402685280977
695	0.347765057762953
696	0.348348981287497
697	0.348644525961872
698	0.348510950446716
699	0.348080147463533
700	0.347925703029124
701	0.347933369206935
702	0.348025298705166
703	0.348075413105349
704	0.348215642376072
705	0.34831588326635
706	0.348370810403572
707	0.348385530967274
708	0.348460032589967
709	0.348589040910649
710	0.348690883880192
711	0.348700841678727
712	0.348716263458562
713	0.348861201728079
714	0.348953782458221
715	0.34897583239832
716	0.349000340384624
717	0.349202423092581
718	0.349311155011349
719	0.349316138421799
720	0.349290981842609
721	0.349358796657028
722	0.349467858812645
723	0.349547063133017
724	0.349599308243215
725	0.349650885108265
726	0.349732282643297
727	0.349813629334907
728	0.349824709726642
729	0.34985282469228
730	0.349930626978948
731	0.350004756579274
732	0.35003340068583
733	0.350064886912553
734	0.350164203409363
735	0.350233709722546
736	0.350318800899524
737	0.350298729984559
738	0.350322533936556
739	0.350459214298813
740	0.350545913073104
741	0.350560181389055
742	0.350581939150222
743	0.350684109964527
744	0.350759107260686
745	0.350794840839776
746	0.350770424778118
747	0.350855325283008
748	0.350908407247309
749	0.350935279628474
750	0.35092468251435
751	0.350975539861719
752	0.351086383771558
753	0.351160619873473
754	0.351174213696303
755	0.351198160300277
756	0.351240514738732
757	0.351288611606766
758	0.351304746709167
759	0.351304486187856
760	0.351358320752097
761	0.351435526980092
762	0.351368896096699
763	0.351312488206133
764	0.351322216902433
765	0.351395403850477
766	0.351474731417357
767	0.351539296024785
768	0.351616059869852
769	0.351764093126744
770	0.3518305835227
771	0.351857644614911
772	0.351861753343334
773	0.351948286853194
774	0.352029652921226
775	0.352085850091601
776	0.352008423046516
777	0.352095051686164
778	0.352209286266026
779	0.352194916648739
780	0.352137466513409
781	0.3522049279441
782	0.352283889563891
783	0.352293550487237
784	0.352238564841368
785	0.352310985715243
786	0.352355660510206
787	0.352351649145273
788	0.352376861036485
789	0.352404364253014
790	0.352438764589191
791	0.352494338528455
792	0.352528124294888
793	0.352513144928075
794	0.352557196677626
795	0.352627859328829
796	0.352661102740442
797	0.35265456556627
798	0.352643893887712
799	0.352729208163438
800	0.352761018736004
801	0.352746966183981
802	0.352722313321741
803	0.352759760826797
804	0.352745905839057
805	0.352751161139387
806	0.352741864676786
807	0.352828926526706
808	0.352922895466298
809	0.352922021381003
810	0.35289301271759
811	0.352917853039222
812	0.352960265062393
813	0.352943895169576
814	0.352887689115788
815	0.3529705567658
816	0.353021911143778
817	0.352996036752324
818	0.352976188016668
819	0.353045781922142
820	0.353105514524922
821	0.353136488926807
822	0.353067084013663
823	0.353085752536777
824	0.353158762364664
825	0.353244099054137
826	0.353191494498927
827	0.353212397473548
828	0.353258480703937
829	0.353346082299504
830	0.353380611966395
831	0.353346263535668
832	0.353314623499077
833	0.353402244617591
834	0.353410140380507
835	0.353359862136882
836	0.353330556357693
837	0.353398066901052
838	0.353490309048126
839	0.353478309259697
840	0.353388267923758
841	0.353423298037072
842	0.353472870226668
843	0.353443691813186
844	0.353399615123919
845	0.35345572421138
846	0.353513342159766
847	0.353494153840912
848	0.353478297672457
849	0.353477962503395
850	0.353556638857633
851	0.353530504941243
852	0.35343103898702
853	0.353472478378747
854	0.35358759608905
855	0.353613438565837
856	0.353512059421813
857	0.353522674119763
858	0.353572648639566
859	0.353656112664844
860	0.353627336046593
861	0.353617290675594
862	0.353660497614349
863	0.353761539574666
864	0.353724536465016
865	0.353663832015139
866	0.353646294905937
867	0.353723669229855
868	0.353651472923079
869	0.353630306310421
870	0.353685811102196
871	0.353815825964093
872	0.353766485032213
873	0.353723970719847
874	0.353645069332927
875	0.35369199596839
876	0.353755253057492
877	0.353729805607889
878	0.353643467754217
879	0.353726070922089
880	0.353881997174049
881	0.353834581589133
882	0.353766527636005
883	0.353776695798977
884	0.35379860996444
885	0.353834328461596
886	0.353869250042993
887	0.353904087550266
888	0.35395026540741
889	0.353972838097006
890	0.353919913710002
891	0.353940644529876
892	0.354008340474951
893	0.353970665058358
894	0.353992607764867
895	0.35405317056097
896	0.354050280881835
897	0.354051515941299
898	0.353912561385642
899	0.353805442881121
900	0.353951453238187
901	0.354042774298653
902	0.353946700921785
903	0.353919748108959
904	0.354010064017675
905	0.354081948657317
906	0.353985340158998
907	0.353829651316677
908	0.353896968944266
909	0.354020718862388
910	0.354099230508353
911	0.354014292647808
912	0.353884427274676
913	0.354005814511606
914	0.354110505552624
915	0.35402159640555
916	0.354006299494579
917	0.35411050898705
918	0.354069213248019
919	0.353855648815665
920	0.353965174581873
921	0.354166769614773
922	0.354254483131099
923	0.354149441875166
924	0.354120838215723
925	0.354276215101029
926	0.354327369980287
927	0.354198568710354
928	0.354116827604192
929	0.354143510600929
930	0.354263114371542
931	0.354248963327834
932	0.354074161179652
933	0.354140504687087
934	0.354312772185176
935	0.354332780407579
936	0.354182358668719
937	0.354227741968479
938	0.354324346057517
939	0.354284495253834
940	0.354200271819787
941	0.354139554007972
942	0.354276781061565
943	0.354330744848538
944	0.354096655205926
945	0.3541879004566
946	0.354321375355012
947	0.354201959239291
948	0.35396935708592
949	0.35402092478352
950	0.354198329400734
951	0.354290898360558
952	0.35416750057723
953	0.354190881920686
954	0.354215437532366
955	0.354183359915513
956	0.354130264071737
957	0.354180109135997
958	0.354212362201394
959	0.354337116293506
960	0.354256884256855
961	0.354194629611701
962	0.354241198504519
963	0.354235972995941
964	0.354377417228953
965	0.354402263513675
966	0.354362122431562
967	0.354417387726955
968	0.354249405243205
969	0.354242269030976
970	0.35454802387418
971	0.354726371328827
972	0.354551400393509
973	0.354211429008471
974	0.354355302288809
975	0.354647474672521
976	0.354766732631425
977	0.354507517881431
978	0.354431684843939
979	0.354795521077206
980	0.354849519243447
981	0.354313810949598
982	0.35454971519685
983	0.355080477604889
984	0.354885287033003
985	0.354601381662537
986	0.354617237622477
987	0.354863459924376
988	0.354937368359836
989	0.354808162904522
990	0.354732495634176
991	0.355187365413854
992	0.355210589385456
993	0.354719779026293
994	0.354821078411412
995	0.355354539950321
996	0.355200396580255
997	0.355037386117076
998	0.35477166601572
999	0.355175276377124
1000	0.355265934159762
1001	0.367842512076439
1002	0.367852983235219
1003	0.367771565769593
1004	0.367507957477237
1005	0.367494020756969
1006	0.367527398319804
1007	0.367513514112076
1008	0.367717786982327
1009	0.367702860627733
1010	0.367744616667007
1011	0.36772970872865
1012	0.367728921202764
1013	0.36763843487722
1014	0.367639993053243
1015	0.367595418066632
1016	0.367668510370272
1017	0.367711301348825
1018	0.367740031624967
1019	0.367582658503333
1020	0.367642265808963
1021	0.367668927646162
1022	0.367613629614631
1023	0.367645849869365
1024	0.367591347299796
1025	0.367533510974032
1026	0.367439533117669
1027	0.367566212988025
1028	0.367502211920094
1029	0.367507918828536
1030	0.367536315745672
1031	0.367502192368299
1032	0.3674370141291
1033	0.367510206708222
1034	0.367445086476207
1035	0.367517345721389
1036	0.367503837549756
1037	0.367536738878383
1038	0.367491937876024
1039	0.367524513396241
1040	0.367668296644168
1041	0.367736669137108
1042	0.367623577891512
1043	0.367552207993335
1044	0.367557135568272
1045	0.367579968895416
1046	0.367620851980387
1047	0.367745206687913
1048	0.367820554563971
1049	0.367776268379306
1050	0.367886080784645
1051	0.367946908728882
1052	0.367994469796693
1053	0.367984656232576
1054	0.368006638240689
1055	0.367911100711387
1056	0.367895153714078
1057	0.367929748475048
1058	0.367961202020258
1059	0.368083040559245
1060	0.368082210371159
1061	0.368093488361687
1062	0.368027447332938
1063	0.368053317632857
1064	0.367893206049615
1065	0.367877369440995
1066	0.367887654743677
1067	0.367886210231605
1068	0.367910424415244
1069	0.367922854772655
1070	0.367954952917606
1071	0.367958940922138
1072	0.367850118270679
1073	0.367809932192526
1074	0.367795146592006
1075	0.367663300934596
1076	0.367599918551036
1077	0.367587773955881
1078	0.367560793424337
1079	0.367589448685452
1080	0.367676843900804
1081	0.367659284361674
1082	0.367629214668651
1083	0.367561616525873
1084	0.367511572744829
1085	0.367475949810825
1086	0.367452981027103
1087	0.367415757678683
1088	0.367347121994194
1089	0.367298185285306
1090	0.367297794921787
1091	0.367207070755851
1092	0.367168002948908
1093	0.367197010310015
1094	0.367131868029845
1095	0.367090844833548
1096	0.367124668066249
1097	0.367178347223967
1098	0.367133179956972
1099	0.367124927520957
1100	0.367073098950303
1101	0.3669917275104
1102	0.367008339590651
1103	0.366913521115638
1104	0.366950693850769
1105	0.367018568708055
1106	0.366954389276505
1107	0.366925187490166
1108	0.366968497687534
1109	0.367047510730578
1110	0.367053333642437
1111	0.367090475763712
1112	0.367157750682252
1113	0.36713022410791
1114	0.367101886968697
1115	0.36709492587175
1116	0.367110231993816
1117	0.367165299666999
1118	0.367146928428366
1119	0.36720895001712
1120	0.367208764024443
1121	0.367262082084107
1122	0.367276464421753
1123	0.367316909427359
1124	0.367360546234282
1125	0.367353511406984
1126	0.367380197739298
1127	0.367401707849036
1128	0.367503552870078
1129	0.367554185599518
1130	0.367595328217109
1131	0.367643181107471
1132	0.36762707070382
1133	0.367706626436212
1134	0.367740517123434
1135	0.367781564086973
1136	0.367875592654741
1137	0.367921505241161
1138	0.367979462120394
1139	0.368054475494107
1140	0.368109830736649
1141	0.368124483898633
1142	0.36816846395819
1143	0.368233715775734
1144	0.368342714540588
1145	0.368409196257087
1146	0.368399788683883
1147	0.368488637322031
1148	0.368531530681249
1149	0.368498952047646
1150	0.368602751900176
1151	0.368668405270436
1152	0.368680804841903
1153	0.368753447107075
1154	0.368821661483672
1155	0.368853653747874
1156	0.368914507958195
1157	0.368917044255505
1158	0.368983429955032
1159	0.369029218631801
1160	0.369098916354481
1161	0.369174312759741
1162	0.369202677309419
1163	0.369180492440882
1164	0.369201454463552
1165	0.369246475514415
1166	0.369302346744929
1167	0.369383899962784
1168	0.369402870303527
1169	0.369448049742744
1170	0.369488807275825
1171	0.369595224771498
1172	0.369639481912836
1173	0.369661316452841
1174	0.36971841652752
1175	0.369775028453613
1176	0.369791952803756
1177	0.369846161122793
1178	0.369911334376458
1179	0.369932630916122
1180	0.369910107264413
1181	0.369981227677568
1182	0.370038740662827
1183	0.370131056183551
1184	0.370246239104803
1185	0.370294198622344
1186	0.37030030921268
1187	0.37040265871251
1188	0.370386553754928
1189	0.370451601158487
1190	0.370505130583647
1191	0.370467434770682
1192	0.370450981796205
1193	0.37042631818351
1194	0.370454224308297
1195	0.370460673526062
1196	0.370453181258559
1197	0.370504508080759
1198	0.370540921411223
1199	0.370497431201688
1200	0.370513325041683
1201	0.370508749088693
1202	0.370541563518406
1203	0.370578855991838
1204	0.370569718370115
1205	0.370630502345273
1206	0.37063714832238
1207	0.370607335755213
1208	0.370615255391177
1209	0.3706483264969
1210	0.370705294308615
1211	0.370728147847136
1212	0.370729989745261
1213	0.370742721387008
1214	0.370711810916829
1215	0.370700059639353
1216	0.370721156803029
1217	0.370713770649402
1218	0.370708872722694
1219	0.370691462963628
1220	0.370678625696757
1221	0.370718214632415
1222	0.370734786391908
1223	0.37070476060699
1224	0.370750667640055
1225	0.370803997843371
1226	0.370819658243139
1227	0.370900457503399
1228	0.370920450109878
1229	0.370897561342938
1230	0.370893199564991
1231	0.370877696667052
1232	0.370887690824101
1233	0.370918978111348
1234	0.370904624484103
1235	0.370933254087511
1236	0.370971949911279
1237	0.371028066203268
1238	0.371056784540027
1239	0.371086810946625
1240	0.371091195323762
1241	0.371104387200458
1242	0.371125585464816
1243	0.371127793225301
1244	0.371194489261327
1245	0.371217677488559
1246	0.371217572214424
1247	0.371216398914187
1248	0.371254240071978
1249	0.371320693456641
1250	0.371419054772246
1251	0.371436805124753
1252	0.371458349745234
1253	0.371466141645467
1254	0.371453321559383
1255	0.371465572389971
1256	0.371528569878461
1257	0.371584347407848
1258	0.371623772131809
1259	0.371684207378603
1260	0.371761965618865
1261	0.371783506517624
1262	0.371777092024557
1263	0.371774059806293
1264	0.371799765194634
1265	0.371819226218416
1266	0.371825305442483
1267	0.371936216541335
1268	0.371971780592319
1269	0.372046886140907
1270	0.372062452476959
1271	0.372101690652417
1272	0.372126610194465
1273	0.372082458354092
1274	0.372121324662665
1275	0.372235782812342
1276	0.372329144460642
1277	0.3723914775224
1278	0.372444665342014
1279	0.372467207770677
1280	0.372505027903303
1281	0.372572318249915
1282	0.372640266184003
1283	0.372607930822339
1284	0.372675737851904
1285	0.372694823887039
1286	0.372752967531853
1287	0.372827048412224
1288	0.372902786601932
1289	0.372967428832829
1290	0.372948813826744
1291	0.372977002774467
1292	0.37295498130853
1293	0.372994261727815
1294	0.373020933101668
1295	0.373034581571007
1296	0.373084731258522
1297	0.373099397027082
1298	0.373062449362049
1299	0.373045321348737
1300	0.373010984743724
1301	0.37295640262882
1302	0.37288449150899
1303	0.372842012864481
1304	0.372881788946103
1305	0.372851897505248
1306	0.372876632002635
1307	0.372887103879121
1308	0.372815128824295
1309	0.372704827534645
1310	0.372679617982923
1311	0.372690553748167
1312	0.372678245259494
1313	0.372658915125398
1314	0.372632070454648
1315	0.372520153263018
1316	0.372522802324542
1317	0.372493812336181
1318	0.372487262566992
1319	0.372498197053614
1320	0.372514339186988
1321	0.372522128446638
1322	0.37254966030063
1323	0.372496405181148
1324	0.37251476448467
1325	0.372542907380563
1326	0.372515310108112
1327	0.372533931604162
1328	0.372579002813765
1329	0.372564195580334
1330	0.372594266120113
1331	0.37272211093096
1332	0.372771924543526
1333	0.372815720809226
1334	0.372872321997061
1335	0.372935493196803
1336	0.372984739366786
1337	0.373071035295178
1338	0.373150579362207
1339	0.373225464769229
1340	0.373321219274553
1341	0.373417866237226
1342	0.373545706310751
1343	0.373644193134732
1344	0.373707201406788
1345	0.37380749884992
1346	0.373927777885335
1347	0.374011697632901
1348	0.374119071825889
1349	0.374205053214557
1350	0.374220360090455
1351	0.374304385537491
1352	0.374442064539572
1353	0.374553421054578
1354	0.374624353503244
1355	0.374703278696575
1356	0.3747773826142
1357	0.374824970580126
1358	0.374885304960679
1359	0.374968075858864
1360	0.37507456276931
1361	0.375149867581117
1362	0.375248933233766
1363	0.37534021174046
1364	0.375382075838121
1365	0.375384465857965
1366	0.375370166989015
1367	0.375385905325951
1368	0.375352371786061
1369	0.375338377169345
1370	0.37528638405484
1371	0.375196999902212
1372	0.375119636422301
1373	0.375015408967978
1374	0.374871398948605
1375	0.374699438133688
1376	0.374531334241029
1377	0.374317166114505
1378	0.374061481821097
1379	0.373792579438436
1380	0.373461524214356
1381	0.373107513269744
1382	0.372665397344587
1383	0.372144427981511
1384	0.37153089540312
1385	0.370826301968568
1386	0.370149081637049
1387	0.369412567580232
1388	0.368720120629471
1389	0.367991207118497
1390	0.367280828957075
1391	0.366612939871642
1392	0.365993099342619
1393	0.365566224115515
1394	0.365293645079005
1395	0.365132076532692
1396	0.36512398946878
1397	0.365190543728325
1398	0.36535192731246
1399	0.365538446158186
1400	0.365854952021213
1401	0.366103769556206
1402	0.36639849731482
1403	0.366631462916013
1404	0.366881975365173
1405	0.367070721271387
1406	0.367208619556847
1407	0.367379044926258
1408	0.367579908930716
1409	0.36772448942914
1410	0.367870400245172
1411	0.368028335756914
1412	0.368178856604888
1413	0.368378817572329
1414	0.368612271567422
1415	0.368854404872625
1416	0.369125612362472
1417	0.369399543082791
1418	0.369701310473593
1419	0.369939439771811
1420	0.370170862787859
1421	0.370427890650875
1422	0.370669473378174
1423	0.370912959599593
1424	0.37114224605658
1425	0.371377847247986
1426	0.371614029441946
1427	0.371795117571867
1428	0.371968814480257
1429	0.372199706450051
1430	0.372366925155722
1431	0.372519840489455
1432	0.372690855227809
1433	0.372848919433519
1434	0.372991578523698
1435	0.373177856529851
1436	0.373284761628601
1437	0.373376100483278
1438	0.373504905645545
1439	0.373630741300512
1440	0.373752648913337
1441	0.373912856864428
1442	0.374027921500775
1443	0.374101270789007
1444	0.374227601420699
1445	0.374329081993089
1446	0.374426741660298
1447	0.374481271682607
1448	0.374582879715558
1449	0.374653735976236
1450	0.374759381191157
1451	0.374839080411117
1452	0.374967170335476
1453	0.375044621924298
1454	0.375154898477417
1455	0.375262833699643
1456	0.375355253516046
1457	0.37539236595011
1458	0.375455646555032
1459	0.375559949316389
1460	0.375609099981198
1461	0.375675866036441
1462	0.375807060903602
1463	0.375887250043115
1464	0.375983518324259
1465	0.376087631626351
1466	0.376162500068505
1467	0.376246744519905
1468	0.376292127304593
1469	0.376346194928522
1470	0.376434373322235
1471	0.376477444487327
1472	0.376517891371512
1473	0.376591285915353
1474	0.376622470309063
1475	0.376696179037023
1476	0.376806716398437
1477	0.376911100326819
1478	0.37694738119121
1479	0.37699151707316
1480	0.377043137669032
1481	0.377110442631425
1482	0.377215203879482
1483	0.377263924753761
1484	0.377281543183317
1485	0.377337982773026
1486	0.377425937329098
1487	0.377471134992741
1488	0.377531358499425
1489	0.377576805051053
1490	0.377597323647036
1491	0.377642968942283
1492	0.377717870987153
1493	0.377782997579066
1494	0.377836486024565
1495	0.377901917176708
1496	0.37792412087791
1497	0.377970516271964
1498	0.377979504599186
1499	0.378026090908439
1500	0.37804734374517
1501	0.378074735189075
1502	0.37809898977451
1503	0.37812651841314
1504	0.378199557521961
1505	0.378262882607226
1506	0.378267047354174
1507	0.378299193377267
1508	0.378338521171461
1509	0.378378531550251
1510	0.378460351307457
1511	0.378500634404188
1512	0.378601588430433
1513	0.378631008530725
1514	0.378663617451238
1515	0.378656667503988
1516	0.378668676020122
1517	0.378654240605241
1518	0.378667943252237
1519	0.378749996408423
1520	0.378819983009441
1521	0.37883603922197
1522	0.378881855489253
1523	0.378919415661666
1524	0.378965496020582
1525	0.379007017507155
1526	0.379028869618776
1527	0.379042851128642
1528	0.379084933818272
1529	0.379081654443443
1530	0.379083560845639
1531	0.379149367703897
1532	0.379204198489316
1533	0.379257807430442
1534	0.379280272109191
1535	0.379330404614701
1536	0.379353036381062
1537	0.37933724064125
1538	0.379376958721814
1539	0.379406991346839
1540	0.379446949927627
1541	0.379503250825272
1542	0.379530932965553
1543	0.379529706414359
1544	0.379524326765658
1545	0.379514956075014
1546	0.379522171206595
1547	0.379567311418619
1548	0.379574633980354
1549	0.379653084265358
1550	0.379694078183947
1551	0.379714446330242
1552	0.379768435218143
1553	0.379782737446619
1554	0.379816098096122
1555	0.379803632070261
1556	0.379816154136499
1557	0.379796299234351
1558	0.379829913806758
1559	0.379852562125697
1560	0.37990751182288
1561	0.379898692562122
1562	0.379940915856306
1563	0.379998137981709
1564	0.380053703397262
1565	0.380137792953297
1566	0.380180695267833
1567	0.380226872055993
1568	0.380235534570116
1569	0.380220185032913
1570	0.380220566414922
1571	0.380266701265867
1572	0.380315155693383
1573	0.380370566156346
1574	0.380397759918473
1575	0.380419294814909
1576	0.380455046405656
1577	0.38046375761406
1578	0.380477943260883
1579	0.380481746341835
1580	0.38048259587297
1581	0.380516488293622
1582	0.380503935436011
1583	0.380563561831756
1584	0.380613594727536
1585	0.380633035764298
1586	0.38067487204196
1587	0.380722965367479
1588	0.380792390992972
1589	0.38089196183887
1590	0.380926067263084
1591	0.380994588719779
1592	0.381015284161228
1593	0.381064504224071
1594	0.381085417010296
1595	0.381151316059926
1596	0.381172483986546
1597	0.381233337815714
1598	0.381249501921674
1599	0.381303764732663
1600	0.381306152312663
1601	0.381309563036115
1602	0.381340004925433
1603	0.381262796965132
1604	0.38128450623163
1605	0.381347995919472
1606	0.381369964427319
1607	0.381409858029992
1608	0.381455048210821
1609	0.381483052439283
1610	0.38150546623888
1611	0.381505632667527
1612	0.381580001866558
1613	0.381662822671691
1614	0.38170907227238
1615	0.381806413081272
1616	0.381867572331726
1617	0.381864815374185
1618	0.381879411224244
1619	0.381856238408655
1620	0.381870879855449
1621	0.381919628961663
1622	0.381958140044913
1623	0.381993539391826
1624	0.382017675957798
1625	0.382061384171662
1626	0.382032395502115
1627	0.382055690482197
1628	0.382080159595135
1629	0.382045110992482
1630	0.382093719974733
1631	0.382130353875397
1632	0.382179334255793
1633	0.382252291530309
1634	0.382277481093912
1635	0.382265972524398
1636	0.382297094140912
1637	0.382334104999029
1638	0.382405135256672
1639	0.382454617995538
1640	0.382501670703975
1641	0.382547891183067
1642	0.38253071180545
1643	0.382539389265765
1644	0.382577655910215
1645	0.382583586970442
1646	0.382606696955886
1647	0.382676488247498
1648	0.382724960843211
1649	0.382732599433228
1650	0.382771879385758
1651	0.382770687673537
1652	0.382825930713584
1653	0.382903143761693
1654	0.382990521974709
1655	0.38304401531531
1656	0.383138395084656
1657	0.383188283451314
1658	0.383280109626259
1659	0.383413564841068
1660	0.383496868856785
1661	0.383595628445787
1662	0.383689807228095
1663	0.38375511186269
1664	0.383860164117484
1665	0.383983348922551
1666	0.384056952750156
1667	0.38416255970505
1668	0.384289894385211
1669	0.384432191043806
1670	0.384547738376277
1671	0.384626780224911
1672	0.384736720771846
1673	0.384787904956765
1674	0.384865273513349
1675	0.384981142578662
1676	0.385119881951038
1677	0.385333463642602
1678	0.385483783251955
1679	0.385648179751232
1680	0.385789849890316
1681	0.38599228035655
1682	0.386169727563628
1683	0.38637328046937
1684	0.386542519648426
1685	0.386697272617581
1686	0.386840787034662
1687	0.387046201158676
1688	0.387191428082075
1689	0.387416888327212
1690	0.387563913553656
1691	0.38775719384909
1692	0.387916182849516
1693	0.388085534736622
1694	0.388192898489184
1695	0.388289479322252
1696	0.388390282580383
1697	0.388441420248172
1698	0.388589297596659
1699	0.388774145386675
1700	0.388915800578934
1701	0.389028459644969
1702	0.389135029920532
1703	0.389265285707007
1704	0.389372832980876
1705	0.389484620185686
1706	0.389532443595359
1707	0.389576796283236
1708	0.389714942527037
1709	0.389837835114803
1710	0.389882760744704
1711	0.389989139242136
1712	0.390058695788863
1713	0.390030920804809
1714	0.390087557213929
1715	0.390139976440261
1716	0.39017134785237
1717	0.39019491083886
1718	0.390233975788815
1719	0.390260724504139
1720	0.390271406455026
1721	0.390270747525472
1722	0.390280588613748
1723	0.39029174517187
1724	0.390155872869822
1725	0.390033633092175
1726	0.389961453671165
1727	0.389835467034896
1728	0.389725734572024
1729	0.389627911541418
1730	0.389586155912538
1731	0.389501319409091
1732	0.389376887449533
1733	0.389268385413182
1734	0.389142188948957
1735	0.388999952129423
1736	0.388907183409213
1737	0.388784216410108
1738	0.388636812815724
1739	0.388497275559176
1740	0.388469299779653
1741	0.38835735317556
1742	0.388280371533862
1743	0.388189203846213
1744	0.388101296218478
1745	0.388042431736073
1746	0.388048526070329
1747	0.387990487130253
1748	0.38797157552311
1749	0.387926083643455
1750	0.387853729374335
1751	0.387761182573491
1752	0.387647010552652
1753	0.387573853421717
1754	0.387542551075176
1755	0.387480317640035
1756	0.387364142150067
1757	0.387342632018296
1758	0.387293292281146
1759	0.387206580251496
1760	0.387172983973278
1761	0.387119370515309
1762	0.387018604419718
1763	0.386928857203907
1764	0.386796842065488
1765	0.386684309229943
1766	0.386629240068883
1767	0.386539948829336
1768	0.386448202910199
1769	0.386264011559182
1770	0.386118452160315
1771	0.386009914427054
1772	0.385915056441774
1773	0.385871829517532
1774	0.38586074553431
1775	0.385761816795511
1776	0.385648133899207
1777	0.38549899068532
1778	0.385389927214172
1779	0.385304249937197
1780	0.385265698349485
1781	0.385217735041789
1782	0.385155273680886
1783	0.385138361675649
1784	0.385161396467677
1785	0.385250535049469
1786	0.385288263844151
1787	0.385202077200996
1788	0.385203395320068
1789	0.38514367318087
1790	0.385109975896663
1791	0.385145106318446
1792	0.385130210752158
1793	0.385145759623541
1794	0.385126775190825
1795	0.385059994997317
1796	0.384978580226333
1797	0.38496723562531
1798	0.385040253159558
1799	0.385083050732685
1800	0.385148603976591
1801	0.385180577235426
1802	0.385085762061955
1803	0.385035792848384
1804	0.38512652046524
1805	0.385159823796876
1806	0.385221180815021
1807	0.385229955413886
1808	0.385182400748807
1809	0.385207411147313
1810	0.385342945962035
1811	0.385388048121224
1812	0.385374167406871
1813	0.385438887435636
1814	0.385419561491397
1815	0.385414370056184
1816	0.385493443721705
1817	0.385505635045348
1818	0.385403694909769
1819	0.385453572578379
1820	0.385443600156501
1821	0.385466270092585
1822	0.385451056371589
1823	0.385566225241312
1824	0.385515011244467
1825	0.385579094537214
1826	0.385613927093382
1827	0.385519920628806
1828	0.385555719623863
1829	0.385518741104517
1830	0.385539492438406
1831	0.388451213723919
1832	0.388555747306244
1833	0.388541682153748
1834	0.388597695536549
1835	0.388819002243127
1836	0.38883900332098
1837	0.388716561323369
1838	0.388766135900533
1839	0.388818456044325
1840	0.388841114205961
1841	0.388795579969822
1842	0.388967122950368
1843	0.389085588538944
1844	0.389030084121312
1845	0.389008656122446
1846	0.389054689436589
1847	0.38901269256855
1848	0.388748067364227
1849	0.388595737327415
1850	0.388643042265247
1851	0.388713302799672
1852	0.388854745387681
1853	0.389012417365236
1854	0.389101650549392
1855	0.389024646373053
1856	0.389007847520737
1857	0.389014561060946
1858	0.38906399453601
1859	0.388953089536036
1860	0.38884105400917
1861	0.388761273042172
1862	0.388644864481422
1863	0.388593709507129
1864	0.388720370276069
1865	0.388704726925921
1866	0.388623617754314
1867	0.388608228668804
1868	0.388601906593149
1869	0.388566413524607
1870	0.388600998477052
1871	0.388687136214688
1872	0.388601908231717
1873	0.38844309742413
1874	0.388322397669615
1875	0.388031276026493
1876	0.387888118210202
1877	0.387909748214205
1878	0.387874955295242
1879	0.387923998297283
1880	0.388027921043524
1881	0.387914847900036
1882	0.38766144043627
1883	0.387526819178002
1884	0.387311795590878
1885	0.387119795723692
1886	0.38695021107214
1887	0.386817016840963
1888	0.386635096811902
1889	0.386482280976249
1890	0.386311759728316
1891	0.386222071589901
1892	0.386068649525444
1893	0.385878080895729
1894	0.385645722885953
1895	0.385305944982776
1896	0.385079088603082
1897	0.384820206871937
1898	0.384673003161776
1899	0.384442350465178
1900	0.384272424037201
1901	0.384098272033
1902	0.383930513005213
1903	0.383754862265426
1904	0.383676327917208
1905	0.383503832182336
1906	0.383270532563833
1907	0.382933731030395
1908	0.382813904050479
1909	0.382814080068535
1910	0.382747530688208
1911	0.382779102274981
1912	0.382675981079768
1913	0.382455790817582
1914	0.38238044745964
1915	0.382331456282757
1916	0.3823384627228
1917	0.382409315549173
1918	0.382577779248446
1919	0.38255928343781
1920	0.382485102025404
1921	0.382425905618504
1922	0.382253004409645
1923	0.382212364041129
1924	0.382282127096413
1925	0.382252789674771
1926	0.382188073432931
1927	0.382170102005796
1928	0.382140958404982
1929	0.382139619687203
1930	0.38212174805418
1931	0.382126315234086
1932	0.382148863092721
1933	0.382239375855944
1934	0.38222575100852
1935	0.38223369572516
1936	0.382226957841291
1937	0.382283023782023
1938	0.382265148450474
1939	0.382269495585893
1940	0.382315096185847
1941	0.382363704195199
1942	0.382366504454913
1943	0.382401390061786
1944	0.3824973515516
1945	0.382547432763195
1946	0.382552313570166
1947	0.382566654100744
1948	0.382504670203947
1949	0.382509794827258
1950	0.382552967620521
1951	0.382558732961556
1952	0.382601843573627
1953	0.382746523509343
1954	0.382734424978622
1955	0.382621141371604
1956	0.38262687998513
1957	0.382673266493914
1958	0.382758311102134
1959	0.382925401990432
1960	0.383063173100033
1961	0.383094833790967
1962	0.383053233588342
1963	0.38306051070053
1964	0.382996820299123
1965	0.383041242118297
1966	0.383154346008741
1967	0.383200591984258
1968	0.383343317250678
1969	0.383387184860168
1970	0.383324143572199
1971	0.383297535728752
1972	0.383347629816786
1973	0.383432087116003
1974	0.383457940984141
1975	0.383567747789117
1976	0.383651101855779
1977	0.3836075390419
1978	0.383668946854734
1979	0.383814406336227
1980	0.383933470093495
1981	0.383902308248145
1982	0.38402190684264
1983	0.384057145652038
1984	0.383957791955487
1985	0.384094872206538
1986	0.384332269558747
1987	0.384474052491989
1988	0.384732271229613
1989	0.384883353132976
1990	0.384891275024819
1991	0.385093822034812
1992	0.385413585587642
1993	0.385660905220372
1994	0.385788805167407
1995	0.385968029002785
1996	0.386020485952009
1997	0.385832893727697
1998	0.385912344714985
1999	0.386115730714173
2000	0.386258546725629
2001	0.386543077020217
2002	0.386747000871316
2003	0.386803364200874
2004	0.38701164868052
2005	0.387175844051883
2006	0.387208646476758
2007	0.38730990714421
2008	0.387379299618886
2009	0.387562362372053
2010	0.387844775025546
2011	0.388023712413402
2012	0.388092144371379
2013	0.388282952093999
2014	0.388422205716435
2015	0.388636569225938
2016	0.389046602673962
2017	0.389603773373527
2018	0.389897501567461
2019	0.390174090316073
2020	0.390435985982708
2021	0.390550633988602
2022	0.390754043949358
2023	0.390983670220447
2024	0.391151727411847
2025	0.391255203750839
2026	0.391334393234313
2027	0.391364932453285
2028	0.391477384973892
2029	0.391594680958553
2030	0.391663844075782
2031	0.391840562681297
2032	0.392174443131163
2033	0.392400613338525
2034	0.392668066410505
2035	0.392847856011765
2036	0.392975670307025
2037	0.393150668594649
2038	0.393296436489629
2039	0.393490415907083
2040	0.393681742107801
2041	0.393821202772557
2042	0.393885988695432
2043	0.393848518932908
2044	0.393963658359344
2045	0.39422290787007
2046	0.39436921202202
2047	0.394600236721162
2048	0.394686137907802
2049	0.394631741229335
2050	0.394613902091849
2051	0.39456174735335
2052	0.394671331667741
2053	0.394801298589235
2054	0.394939553748734
2055	0.39514673944347
2056	0.395258954451639
2057	0.395223187752033
2058	0.395220686006208
2059	0.395197564316072
2060	0.395158310315818
2061	0.395110615931626
2062	0.39508040696243
2063	0.395144364904663
2064	0.395233786290191
2065	0.395303699419482
2066	0.395452906464617
2067	0.39564267676384
2068	0.395783164122326
2069	0.395936061473599
2070	0.396023987869975
2071	0.39598848450061
2072	0.396059053157912
2073	0.396052203205938
2074	0.396035453090988
2075	0.396052756288893
2076	0.396117180386689
2077	0.395989432348855
2078	0.396053933152787
2079	0.396188656224729
2080	0.396469309011525
2081	0.396673863609695
2082	0.396779312594552
2083	0.396769719690543
2084	0.396698229364971
2085	0.396745481413695
2086	0.396848151594389
2087	0.396927506395536
2088	0.39720054674118
2089	0.397261659861579
2090	0.397056355306299
2091	0.397078908903449
2092	0.397138686310163
2093	0.397141748446292
2094	0.397140864932407
2095	0.397217003162781
2096	0.397236916551372
2097	0.397210030347232
2098	0.397198429888448
2099	0.397039435177563
2100	0.396983833760788
2101	0.396942739052627
2102	0.396886358526416
2103	0.396843505104833
2104	0.396870873566784
2105	0.396928617976635
2106	0.396956215791099
2107	0.397039299914032
2108	0.397109450311331
2109	0.397024572657092
2110	0.396991419530295
2111	0.397056402472303
2112	0.397076233200008
2113	0.397126588624668
2114	0.397125035068971
2115	0.397120276086429
2116	0.397041998834549
2117	0.396997530156954
2118	0.396969835137863
2119	0.396885466311689
2120	0.396727665495622
2121	0.396669194847313
2122	0.396618680224513
2123	0.396721503763611
2124	0.396802396687635
2125	0.396673906054718
2126	0.396411198610077
2127	0.39596500865674
2128	0.395597431616099
2129	0.395301033826813
2130	0.394984204238199
2131	0.394771110582527
2132	0.394510369749458
2133	0.394266449684552
2134	0.393916051491265
2135	0.393445521522456
2136	0.392976491265219
2137	0.39242538038174
2138	0.39180808512369
2139	0.391354347929828
2140	0.391045796842556
2141	0.390787580944116
2142	0.390487323370187
2143	0.390015840497842
2144	0.389478504613517
2145	0.388991793870893
2146	0.388478823738224
2147	0.388069342696372
2148	0.387745991536999
2149	0.387398637666306
2150	0.387049075535696
2151	0.386638399564714
2152	0.386388919377523
2153	0.385864014198691
2154	0.385188056983876
2155	0.384485524662155
2156	0.383740720630292
2157	0.383015071806204
2158	0.382386245417233
2159	0.38164603379448
2160	0.380835855735528
2161	0.379964399178587
2162	0.379104027643304
2163	0.378393699724823
2164	0.377645466562277
2165	0.376915992993812
2166	0.376243265090509
2167	0.375515941219304
2168	0.374897329687722
2169	0.374366955388508
2170	0.373892310865593
2171	0.373468072164373
2172	0.373195105037161
2173	0.373154500326406
2174	0.373077097732972
2175	0.373185105665875
2176	0.373240130188848
2177	0.372996141651716
2178	0.372730421955067
2179	0.372605818144146
2180	0.372529852965584
2181	0.372529861031231
2182	0.372515833798645
2183	0.37239069084665
2184	0.372074298152394
2185	0.371849714169486
2186	0.371688322563739
2187	0.371487860957726
2188	0.371224507144793
2189	0.370903887048929
2190	0.370528308799109
2191	0.370161507497283
2192	0.369895641324143
2193	0.369458258866601
2194	0.368824441225476
2195	0.368416369072373
2196	0.368095441774094
2197	0.367701550010737
2198	0.36721788833895
2199	0.36691474508228
2200	0.366512625542402
2201	0.366124132358042
2202	0.365673230979075
2203	0.365222388665217
2204	0.364840505767695
2205	0.364295454524386
2206	0.363857428639166
2207	0.363569735298765
2208	0.363261417514423
2209	0.362918816822133
2210	0.362624969529167
2211	0.362408740755305
2212	0.362331206497887
2213	0.362386756353005
2214	0.362666101561461
2215	0.363086851555801
2216	0.363480435834622
2217	0.363745904741653
2218	0.363954068340999
2219	0.364079716828595
2220	0.364370140363643
2221	0.364772252061891
2222	0.365205116062993
2223	0.365563808931962
2224	0.365936793611823
2225	0.366370344593045
2226	0.366828724351091
2227	0.367259600606965
2228	0.367535353055747
2229	0.368016274070106
2230	0.368361982657851
2231	0.368985726152375
2232	0.369452101633082
2233	0.369853213502326
2234	0.370280647610941
2235	0.370518432921871
2236	0.371151403859462
2237	0.371800066694036
2238	0.372233544191411
2239	0.37284109516869
2240	0.373347460160914
2241	0.373917132877945
2242	0.374703190076185
2243	0.375269736733546
2244	0.375893346515434
2245	0.376534199117439
2246	0.377216353284474
2247	0.377844803759221
2248	0.378703085761941
2249	0.379952568686224
2250	0.380763544073396
2251	0.381325438021857
2252	0.382091802629777
2253	0.382635122750982
2254	0.383412171129695
2255	0.384427358843319
2256	0.385423828490088
2257	0.385990815441859
2258	0.386521780668149
2259	0.386957270172355
2260	0.387542991008486
2261	0.388387851100711
2262	0.388982982579617
2263	0.389507167770259
2264	0.390253204197652
2265	0.390893565554211
2266	0.391582630708749
2267	0.392215759817462
2268	0.392520719484845
2269	0.392853102670036
2270	0.393051639388386
2271	0.393291277230731
2272	0.393538614974379
2273	0.393791405874972
2274	0.393985550538302
2275	0.394164235074169
2276	0.39443011889328
2277	0.394659923357461
2278	0.394974846812351
2279	0.395167267372026
2280	0.395382180778524
2281	0.395414489137925
2282	0.395401782309971
2283	0.395564810805288
2284	0.395786275087401
2285	0.395958813468846
2286	0.396244693922378
2287	0.39645473082723
2288	0.396596843874432
2289	0.396987748947292
2290	0.397384653953384
2291	0.397370748012651
2292	0.397701465873159
2293	0.398127414470639
2294	0.398235569505191
2295	0.398538286961563
2296	0.398835327871077
2297	0.398986925714782
2298	0.399203912869544
2299	0.399641941039073
2300	0.399948509140457
2301	0.400258386794286
2302	0.400430654668265
2303	0.400581950203768
2304	0.400616474183945
2305	0.400283883881598
2306	0.400154527667008
2307	0.399907129789099
2308	0.399710119869063
2309	0.399573043956773
2310	0.399395914672196
2311	0.39922655604304
2312	0.398807302520183
2313	0.398287073188199
2314	0.397741934993954
2315	0.397010293868391
2316	0.396640275197991
2317	0.396216582006547
2318	0.395730421557923
2319	0.395520034554317
2320	0.395141558779851
2321	0.394806998351049
2322	0.394651911379479
2323	0.394455023749997
2324	0.394192193940195
2325	0.393984650719848
2326	0.394100302811461
2327	0.394125385285371
2328	0.394096119988376
2329	0.394049116991643
2330	0.393847508571643
2331	0.393856005577943
2332	0.393968477747148
2333	0.393930901568534
2334	0.39371469090632
2335	0.393735445784819
2336	0.393680516113795
2337	0.393880185039066
2338	0.39452694267317
2339	0.394780615617258
2340	0.395019198664989
2341	0.39505768559373
2342	0.394852092029751
2343	0.394655266841739
2344	0.394165590357813
2345	0.394075676613325
2346	0.394202954772188
2347	0.394148161730218
2348	0.393893423547266
2349	0.393836823432185
2350	0.393269738603073
2351	0.392902588324057
2352	0.393028901651812
2353	0.392821573601573
2354	0.392675851076578
2355	0.392383192115878
2356	0.391632676756127
2357	0.390994235129661
2358	0.390443272061181
2359	0.390173749702699
2360	0.389859546156945
2361	0.389354186135477
2362	0.389072502173089
2363	0.388431754302382
2364	0.387595897205421
2365	0.387283086519185
2366	0.386800098426467
2367	0.386208605268463
2368	0.385647137733811
2369	0.385059088379777
2370	0.384594230558346
2371	0.384133031044025
2372	0.383436710547174
2373	0.38274010393272
2374	0.382090928935954
2375	0.381198106730061
2376	0.380437070476768
2377	0.379601348029316
2378	0.379007994029939
2379	0.378281514297135
2380	0.377685102702158
2381	0.377244322832906
2382	0.376876520202775
2383	0.376623592611639
2384	0.376071250909232
2385	0.37565432188246
2386	0.375148038698804
2387	0.374340673409057
2388	0.373669203299568
2389	0.373060231291988
2390	0.372394100200727
2391	0.371548445937805
2392	0.370936651290615
2393	0.370393153415198
2394	0.369877255609491
2395	0.369488610677466
2396	0.369129952881106
2397	0.368491360159867
2398	0.368123275983538
2399	0.368068563284788
2400	0.367900393957439
2401	0.367390995383905
2402	0.367326516521316
2403	0.36688887073747
2404	0.36570403019346
2405	0.365611412400848
2406	0.365512576670207
2407	0.365112457404188
2408	0.36518160828873
2409	0.365072258378541
2410	0.364584044645769
2411	0.364128721204087
2412	0.363701934580056
2413	0.363012454737878
2414	0.362757963271514
2415	0.362929340903227
2416	0.363097044761941
2417	0.363445161119889
2418	0.363262308549684
2419	0.362851861098159
2420	0.362577810527976
2421	0.36227684063511
2422	0.362013581316477
2423	0.362039370356381
2424	0.361910582773873
2425	0.361677969477868
2426	0.360967103363631
2427	0.360760187724654
2428	0.360795819637419
2429	0.360558272098616
2430	0.360234090690208
2431	0.360177023788274
2432	0.360269412901174
2433	0.359978602642128
2434	0.359546417183239
2435	0.359383391728487
2436	0.358776345806678
2437	0.358606078396334
2438	0.359072623744097
2439	0.359107524362795
2440	0.359073001481759
2441	0.359033609408817
2442	0.358965487078308
2443	0.359249442997646
2444	0.360033306788204
2445	0.359716882506616
2446	0.358723397583254
2447	0.358315601907102
2448	0.357082669822745
2449	0.356611632246426
2450	0.357092353930888
2451	0.356949014716708
2452	0.356471876834605
2453	0.356209888015246
2454	0.356406917144235
2455	0.35624733856824
2456	0.355844162543394
2457	0.355679076002655
2458	0.355675990862636
2459	0.355281301402405
2460	0.354714062333903
2461	0.354510107953728
2462	0.354098794369478
2463	0.353759467367167
2464	0.353882726038483
2465	0.353702592428386
2466	0.353292740440794
2467	0.35277767926857
2468	0.35204674155769
2469	0.351691734105034
2470	0.350964859958265
2471	0.35076813325142
2472	0.351022402995821
2473	0.350966609000742
2474	0.35133690972113
2475	0.35133676787936
2476	0.351561903257077
2477	0.351124378499468
2478	0.349961477059345
2479	0.349178066934471
2480	0.347813399306732
2481	0.347042326880627
2482	0.346902300379687
2483	0.346598840328813
2484	0.346637670791572
2485	0.346431555789517
2486	0.346140950430243
2487	0.346087298211415
2488	0.346422757659574
2489	0.34611417770508
2490	0.345770979587488
2491	0.344960601188882
2492	0.342932259787208
2493	0.342209705750485
2494	0.341781350282022
2495	0.341546770022659
2496	0.34229215460937
2497	0.342380949663795
2498	0.342354899077991
2499	0.342063982580667
2500	0.341889899255275
