350	0.406356702478623
351	0.394871911751299
352	0.389775153875141
353	0.410130779604815
354	0.404886629724409
355	0.401514418964453
356	0.413380289137769
357	0.413580060574959
358	0.399247425486262
359	0.407155870143058
360	0.405555069720469
361	0.400501954727545
362	0.403399929009685
363	0.394753307650447
364	0.386512901322349
365	0.390777717163331
366	0.396040348035204
367	0.395518631892096
368	0.396340638782242
369	0.386154804547578
370	0.377176008760436
371	0.383737134969877
372	0.384820909159763
373	0.38092274965924
374	0.383621031760888
375	0.377094511478864
376	0.374941877013169
377	0.374497224571218
378	0.376350040072329
379	0.372352175430991
380	0.372924581596903
381	0.370244800627849
382	0.364764900341907
383	0.362661178343327
384	0.360816678319285
385	0.359249399785381
386	0.360848423470607
387	0.359924047965183
388	0.357847716222366
389	0.351493077902101
390	0.354466245973225
391	0.357739870249929
392	0.355716172125065
393	0.351830440517647
394	0.348409811482611
395	0.350170014613886
396	0.349137376705469
397	0.346684238947778
398	0.350192327420062
399	0.348478866828142
400	0.345941637557141
401	0.345207336961501
402	0.344653895235914
403	0.346615793006577
404	0.346327688560218
405	0.344818507160322
406	0.343682258128213
407	0.344204651830029
408	0.341720676893854
409	0.34007611019591
410	0.340893426232079
411	0.339606579549297
412	0.336247557657154
413	0.335246353352191
414	0.336488242268358
415	0.336069871343876
416	0.333211663943419
417	0.332363421954301
418	0.332469818310351
419	0.331980652540249
420	0.330119512610473
421	0.328803054870331
422	0.326915020610441
423	0.326718728166563
424	0.326264451388831
425	0.323677895447169
426	0.323002508395051
427	0.323227982332538
428	0.322541478055269
429	0.320668455461323
430	0.319153109326973
431	0.318642221039027
432	0.318132085147879
433	0.317654337030153
434	0.317801590538822
435	0.31696654147669
436	0.316744517650516
437	0.316521072855649
438	0.315410100878127
439	0.31462654630289
440	0.315169465291199
441	0.314097111850811
442	0.312670505415334
443	0.313307610661044
444	0.313644598231526
445	0.313130031137947
446	0.312642253819598
447	0.312075925598318
448	0.311895962493988
449	0.312151916318224
450	0.311955261648144
451	0.311534111740937
452	0.311716391914032
453	0.311037788416496
454	0.310196672791734
455	0.310339878611705
456	0.310209336774587
457	0.309949832458682
458	0.30946417109228
459	0.30885820729645
460	0.308347085470978
461	0.308210278467736
462	0.307866238128309
463	0.30705726793963
464	0.307061656247734
465	0.306671198212351
466	0.306731817690143
467	0.306516712596625
468	0.30600201564513
469	0.305507672451679
470	0.305554905656731
471	0.305204532405429
472	0.305076780887726
473	0.304780473701552
474	0.303984587188646
475	0.303765761510911
476	0.304192005962168
477	0.304073783859497
478	0.303956650912759
479	0.303654746183868
480	0.303188155877957
481	0.303207807351261
482	0.302970904509086
483	0.302685673595524
484	0.302883467926517
485	0.303013287109632
486	0.302441879581926
487	0.302171928423126
488	0.302216113609887
489	0.301849447186398
490	0.301589420650683
491	0.302004255051757
492	0.302314773729791
493	0.302424961751209
494	0.302269411858581
495	0.30225857507596
496	0.302437672728006
497	0.302887262542719
498	0.302532919960255
499	0.302628679784079
500	0.302956368118618
501	0.302782922147078
502	0.302919948800063
503	0.303003837514777
504	0.303298414764534
505	0.303295377072948
506	0.303108813037641
507	0.303370080534514
508	0.303655697222591
509	0.303739046993913
510	0.303766438056576
511	0.303968403541167
512	0.304045685599228
513	0.304116744313915
514	0.304419886123038
515	0.304610903633139
516	0.30439877282535
517	0.304499425305633
518	0.304782737757104
519	0.304891258298279
520	0.304910474425048
521	0.304965931732177
522	0.305324355894308
523	0.305623434470207
524	0.30581384390525
525	0.305900877530579
526	0.306102306564024
527	0.306308722204337
528	0.306439239717032
529	0.306617278221721
530	0.30684694107363
531	0.307075624978438
532	0.307484022661576
533	0.30758231569354
534	0.307686007127739
535	0.307916399653699
536	0.307984814062486
537	0.308467620385719
538	0.30878777069148
539	0.309088190880529
540	0.309225060799774
541	0.309386096079501
542	0.309544988977441
543	0.309724179337344
544	0.309837742527557
545	0.31016782876161
546	0.310479732415472
547	0.310797475918208
548	0.311145255208377
549	0.311471776405586
550	0.311764989617081
551	0.311889872518287
552	0.312147376238128
553	0.312429604474157
554	0.312783565171387
555	0.31304728860472
556	0.313357916343315
557	0.313724393613282
558	0.314022289787829
559	0.314092817626267
560	0.314368884661654
561	0.314824542031434
562	0.31507806482931
563	0.315239579192145
564	0.315494392351528
565	0.315855384992526
566	0.316107605279303
567	0.316352161971166
568	0.316543130489543
569	0.316879277736638
570	0.317030313155285
571	0.317197675343651
572	0.317356611164702
573	0.317603892849745
574	0.317815281482339
575	0.318007730634243
576	0.318235194479375
577	0.318491413177374
578	0.318615258437243
579	0.318787255951772
580	0.318957671078225
581	0.31916864150113
582	0.319402668524064
583	0.3195183107536
584	0.319758480223936
585	0.319915468678056
586	0.319984121164332
587	0.320025678721038
588	0.32018694393101
589	0.320251103562495
590	0.320359933944269
591	0.320547400747079
592	0.320625498336155
593	0.320686282960358
594	0.320828124840841
595	0.320960749904401
596	0.32110646523945
597	0.321207176975948
598	0.321340223907446
599	0.321514676069293
600	0.321668556512395
601	0.321698686800531
602	0.321644018384688
603	0.321696167325752
604	0.321896768910356
605	0.322065184997305
606	0.32205362238185
607	0.322066824757462
608	0.322179849515053
609	0.322341194485321
610	0.322365774357864
611	0.322398042549544
612	0.322381742734134
613	0.322473990970656
614	0.322531568736499
615	0.322559365618493
616	0.322594789879875
617	0.322689253948029
618	0.322783697774224
619	0.322879537860646
620	0.322799726434107
621	0.322881213128141
622	0.323045815631204
623	0.323126922326844
624	0.32315951564137
625	0.323261887581675
626	0.323286956213187
627	0.323250818667195
628	0.323335235126545
629	0.32340797151223
630	0.323391173724019
631	0.323543459447807
632	0.323531949348175
633	0.323561178579399
634	0.323748831663389
635	0.32379835761725
636	0.323852885305404
637	0.323826473643854
638	0.323908223184268
639	0.324028364073899
640	0.324085479737605
641	0.324122490908438
642	0.324271914055857
643	0.324309565709505
644	0.324283851259867
645	0.324342609498839
646	0.324400261032057
647	0.324535364585275
648	0.324581728809379
649	0.324550705187825
650	0.32460330619896
651	0.324669677727889
652	0.324659689799307
653	0.32470761266831
654	0.324733641178274
655	0.324754884469997
656	0.324880242865711
657	0.325005091946259
658	0.324994958676711
659	0.324944815650982
660	0.325065587382569
661	0.325184726316285
662	0.325294188645623
663	0.325371507828419
664	0.325481142520744
665	0.325516507516109
666	0.325573545463371
667	0.325649746489673
668	0.325722119476027
669	0.325800862848122
670	0.325901938832725
671	0.325883244479575
672	0.3259591355509
673	0.326066831272845
674	0.32612959836834
675	0.326160215392156
676	0.32624176846403
677	0.326355870051804
678	0.326430953887536
679	0.326440489927878
680	0.326471563763887
681	0.326612897113232
682	0.326638146103268
683	0.326719797977261
684	0.326812910676245
685	0.326826863155354
686	0.326857245420632
687	0.326995074988322
688	0.327045985373396
689	0.327015509374772
690	0.327023024679227
691	0.327049848897133
692	0.327105099966436
693	0.327198055543212
694	0.327461543440403
695	0.32787940211258
696	0.328428555193655
697	0.328664460904941
698	0.32854839035144
699	0.328081683750723
700	0.327826013225882
701	0.327773400297039
702	0.327855771366351
703	0.327903022474647
704	0.327978441643427
705	0.328006677810491
706	0.328015503392325
707	0.328173788468247
708	0.328252806108686
709	0.328269847921736
710	0.328298274441818
711	0.328369477279305
712	0.328373018896178
713	0.328431626074589
714	0.328456235550041
715	0.32854410808426
716	0.32863264487045
717	0.328736502090901
718	0.328718266582668
719	0.328688139014718
720	0.32865922843633
721	0.328693503243961
722	0.328704539921127
723	0.328716406933659
724	0.328837025293802
725	0.328882494703299
726	0.328901881851847
727	0.32889553005102
728	0.328895433203468
729	0.328968620327271
730	0.329029642002609
731	0.329073607808307
732	0.329040477042269
733	0.329076633441778
734	0.329138397939056
735	0.32918960880083
736	0.329190605911174
737	0.329208983648099
738	0.329278584365844
739	0.329337225201586
740	0.32934099479867
741	0.329368821631534
742	0.329419686955062
743	0.329499811208302
744	0.329508329656229
745	0.329526712242769
746	0.32956883542195
747	0.329564813559961
748	0.329606785569504
749	0.329637378405065
750	0.329602656802701
751	0.329642808381765
752	0.329704464532756
753	0.329744340986519
754	0.329764596419999
755	0.329772281701138
756	0.329794329478888
757	0.329828509340978
758	0.329824740841342
759	0.32980964062516
760	0.329782633104622
761	0.32977649137815
762	0.329662565871753
763	0.329522723976255
764	0.329426478906487
765	0.329430421343339
766	0.329459498521822
767	0.32953269733006
768	0.329643637471456
769	0.329770600296904
770	0.329891425835671
771	0.329969411614951
772	0.330017088198874
773	0.330005005338963
774	0.330032477895246
775	0.33007587561792
776	0.330049013095361
777	0.330155999460446
778	0.330171473161997
779	0.330112438052095
780	0.3301241788736
781	0.330154709704617
782	0.330145669644257
783	0.330117679488418
784	0.330155424239722
785	0.33018328233618
786	0.33019221247427
787	0.330185000581923
788	0.330176950390129
789	0.330185805380396
790	0.330201668855481
791	0.330227309641257
792	0.330223707643064
793	0.330195502215092
794	0.330239525474293
795	0.330235480421252
796	0.330237393094964
797	0.33018404929143
798	0.330245468404931
799	0.33031411080399
800	0.330234646942355
801	0.330250556872065
802	0.33033212711979
803	0.330289058000386
804	0.330213180144156
805	0.330201775405923
806	0.330221955942168
807	0.330289594015158
808	0.330257305280853
809	0.33021287953122
810	0.330267603812295
811	0.3302821450544
812	0.330228158289517
813	0.330249453084187
814	0.330250036688111
815	0.330209348162753
816	0.330199434102703
817	0.3301967394768
818	0.330144071105202
819	0.330172404068578
820	0.330185382470708
821	0.330158220818245
822	0.330140184368025
823	0.330159236119879
824	0.33018504334127
825	0.33019833947936
826	0.33016835567736
827	0.33021476538567
828	0.330293050225758
829	0.330288961150018
830	0.330314529945349
831	0.330291057977166
832	0.330301962281262
833	0.330278965262051
834	0.33026547479937
835	0.330260604634065
836	0.330257652627203
837	0.330285146991606
838	0.33030087273294
839	0.330305098698548
840	0.33030439341017
841	0.33026911296257
842	0.33024873624264
843	0.330228230460234
844	0.330229541917009
845	0.330216284325259
846	0.330226824472574
847	0.330234523049763
848	0.330260822835848
849	0.330209161133909
850	0.330127868231128
851	0.330095590403232
852	0.330156688431726
853	0.33016126959807
854	0.330195810071959
855	0.330206515365742
856	0.330145025924141
857	0.330192853106733
858	0.330212827304544
859	0.330172245640233
860	0.330166572492431
861	0.330170035536119
862	0.330206881493259
863	0.330198541057672
864	0.330092258660597
865	0.330100286858531
866	0.330076768586923
867	0.330021267836595
868	0.330053662787042
869	0.330028486783113
870	0.330001398851189
871	0.33003076041058
872	0.329999376049219
873	0.330001842270183
874	0.330041906895695
875	0.330055595165375
876	0.329970566998609
877	0.329973457504374
878	0.330018696463983
879	0.329962312147801
880	0.329954117646607
881	0.330016258876219
882	0.330044169511305
883	0.32999165261376
884	0.329968244659286
885	0.330000660880922
886	0.330005292154588
887	0.329987494052223
888	0.329962885190184
889	0.32989826156472
890	0.329948242148078
891	0.330015027286251
892	0.329981591940568
893	0.329850432008863
894	0.329877329276514
895	0.329892378190898
896	0.329923024839768
897	0.329902237183637
898	0.329816406575063
899	0.329824331048919
900	0.329863342009829
901	0.329783803659998
902	0.329717386586892
903	0.329728022918573
904	0.329798768897556
905	0.329719084743707
906	0.329644682960399
907	0.329629099665367
908	0.329627562528953
909	0.329633666315483
910	0.32965475260247
911	0.329584456098734
912	0.329565395069636
913	0.329584840614315
914	0.3295847679204
915	0.329549933173998
916	0.329550985561547
917	0.329667472382521
918	0.329617806383211
919	0.329454320047119
920	0.329493432720842
921	0.329601424159901
922	0.329587614503469
923	0.329576873170083
924	0.329642349446999
925	0.329738533624574
926	0.329550835691203
927	0.329443513430766
928	0.329548137620934
929	0.329472069949095
930	0.329448021044402
931	0.329380424933153
932	0.329353691603664
933	0.329394210215615
934	0.329401022006001
935	0.329341429006948
936	0.32926696640184
937	0.329265228418296
938	0.329279841161815
939	0.329412948936672
940	0.32939283001405
941	0.329310027016175
942	0.329273350767759
943	0.329166246833475
944	0.329187189910587
945	0.329093764018743
946	0.328937841696832
947	0.329009769107785
948	0.328922989072737
949	0.32887755421825
950	0.328969070710878
951	0.329126176248211
952	0.329219463345408
953	0.329045416192728
954	0.328970989846054
955	0.328853914821678
956	0.328916328658124
957	0.328984837372435
958	0.32894743455129
959	0.328957464922277
960	0.328970602724145
961	0.328913876652198
962	0.328898174960526
963	0.328928734213828
964	0.328966132693903
965	0.329006560366263
966	0.32909955144567
967	0.328994333627825
968	0.328885627777351
969	0.328961713254168
970	0.329091261038345
971	0.329060826774427
972	0.329032527380992
973	0.328971556108486
974	0.32900756081997
975	0.328982473576129
976	0.32901778881254
977	0.328918090371894
978	0.328806219454786
979	0.328903563998176
980	0.329087216027111
981	0.329181653153583
982	0.32902368754727
983	0.329039565045512
984	0.329081590854071
985	0.329158296887912
986	0.329188608443399
987	0.329091416007732
988	0.328955617086547
989	0.329058623928445
990	0.329102399289388
991	0.329127942019241
992	0.329139568294518
993	0.329088997171087
994	0.329336841210424
995	0.329201523153011
996	0.328928189703382
997	0.328892794180352
998	0.328583730361134
999	0.328597862973159
1000	0.328601655909216
1001	0.335692161251351
1002	0.335769387794362
1003	0.33587392045451
1004	0.335821979822074
1005	0.335889793826899
1006	0.335845425207201
1007	0.335787612661205
1008	0.335811145377938
1009	0.335631256448003
1010	0.335551409670545
1011	0.335496905186297
1012	0.335495472852144
1013	0.335482242703537
1014	0.335497613886805
1015	0.335664000505672
1016	0.335689549790067
1017	0.335534071478441
1018	0.33563744891931
1019	0.335631442272009
1020	0.335540732703197
1021	0.335631541015764
1022	0.335541910739725
1023	0.335350669439626
1024	0.33526377787745
1025	0.335455913992798
1026	0.335443193681842
1027	0.33550248243153
1028	0.335416066372486
1029	0.335403130543007
1030	0.335239626448186
1031	0.335084250520047
1032	0.335128560720854
1033	0.335082066241497
1034	0.335188655993756
1035	0.335142357192918
1036	0.335053527004989
1037	0.334973868870512
1038	0.334925979641545
1039	0.334848055410795
1040	0.335020206369654
1041	0.334976547292791
1042	0.334996291594231
1043	0.334999893973088
1044	0.334890943786396
1045	0.334789627644491
1046	0.334814400302395
1047	0.334825387768327
1048	0.334784950197617
1049	0.334886951601638
1050	0.334878870816074
1051	0.334826257052097
1052	0.334850495396975
1053	0.334998113813014
1054	0.335084527736815
1055	0.334994505733995
1056	0.335009227876635
1057	0.334907925824489
1058	0.334743109285481
1059	0.334830085997934
1060	0.334906040235391
1061	0.334989563547996
1062	0.335050062877374
1063	0.335071024866312
1064	0.33505782487709
1065	0.33504811924769
1066	0.335025737373741
1067	0.334956714669124
1068	0.334993248319151
1069	0.334953612252269
1070	0.33485323919308
1071	0.334791549263359
1072	0.334794190842379
1073	0.334820682698903
1074	0.334792110143874
1075	0.334774215349136
1076	0.334734728298968
1077	0.334805045224088
1078	0.334819341450846
1079	0.334707870310528
1080	0.334695361586344
1081	0.334686613905431
1082	0.33464798663857
1083	0.334568805395301
1084	0.33467576597491
1085	0.334551184079446
1086	0.334561838154855
1087	0.334546405319696
1088	0.334581066852341
1089	0.334530018030987
1090	0.334416341215412
1091	0.334308787142368
1092	0.334284629341006
1093	0.334229455364032
1094	0.334304173401926
1095	0.334249739713348
1096	0.334249038320247
1097	0.334287638019687
1098	0.334231718662408
1099	0.334215523994473
1100	0.334269877659536
1101	0.334167932287984
1102	0.334055843058394
1103	0.33404199789346
1104	0.333979322028733
1105	0.333993565035354
1106	0.333990502005348
1107	0.334032920477682
1108	0.334073009310174
1109	0.334111770430741
1110	0.334085723273953
1111	0.334078632177431
1112	0.334053145628017
1113	0.334046973839373
1114	0.333948160546274
1115	0.334035433178047
1116	0.33398690827181
1117	0.333947219426638
1118	0.333975454732473
1119	0.333969397840988
1120	0.333981499861778
1121	0.334003041872897
1122	0.33403857316917
1123	0.334014642033204
1124	0.334031647587099
1125	0.334047849644039
1126	0.334058753408358
1127	0.334072715453703
1128	0.334108422612672
1129	0.334157618540552
1130	0.334173385690384
1131	0.334176221950461
1132	0.334203858496666
1133	0.334252441894777
1134	0.334372718642198
1135	0.334358092613307
1136	0.33439478758648
1137	0.334391960264071
1138	0.334393158053925
1139	0.334393185008635
1140	0.334398061206459
1141	0.334489566410106
1142	0.334596228111181
1143	0.33458765245415
1144	0.334575540627078
1145	0.334634716682799
1146	0.334625597358857
1147	0.334564786551403
1148	0.334606468711444
1149	0.334595986740395
1150	0.334665122534285
1151	0.334689070927331
1152	0.334789908106113
1153	0.334859167022818
1154	0.334841312774069
1155	0.334896023782361
1156	0.334921142084013
1157	0.334938611507294
1158	0.334989294648854
1159	0.3350664223667
1160	0.335115931997147
1161	0.335219774203401
1162	0.335223605964446
1163	0.335178745300526
1164	0.335187721144158
1165	0.335263309194338
1166	0.33525535140392
1167	0.33532109340065
1168	0.335377663333919
1169	0.335408596570299
1170	0.335388584648812
1171	0.335490144873469
1172	0.335519164571982
1173	0.335555285899123
1174	0.335598246364701
1175	0.335617479694226
1176	0.335557901902264
1177	0.335605534661936
1178	0.335668011748881
1179	0.335715545817705
1180	0.335812613737874
1181	0.335900974679204
1182	0.335972228227063
1183	0.335964740475472
1184	0.335955502349136
1185	0.336001766201806
1186	0.335991395683721
1187	0.336024943002598
1188	0.336058388719562
1189	0.33606641761239
1190	0.336142067966862
1191	0.336141422208954
1192	0.336149463723844
1193	0.336154956219257
1194	0.336163280673498
1195	0.336131777000218
1196	0.336100782489296
1197	0.336162850617545
1198	0.336171780134255
1199	0.336183218068621
1200	0.336205684272947
1201	0.336221594864342
1202	0.336201816618155
1203	0.336218687696384
1204	0.336217698953836
1205	0.3362039134903
1206	0.33620033830776
1207	0.336228484359885
1208	0.336219620664325
1209	0.336204116572373
1210	0.336258977491217
1211	0.336230690948673
1212	0.336197478719703
1213	0.336195470598358
1214	0.336178834531243
1215	0.336151020516697
1216	0.336185325992457
1217	0.336196726208138
1218	0.336182947521559
1219	0.336142802967756
1220	0.336120818034035
1221	0.336116884291624
1222	0.336137492531119
1223	0.336159416175541
1224	0.336198979819659
1225	0.336212368897276
1226	0.336198679173496
1227	0.336190126717566
1228	0.33617677914675
1229	0.336191187737899
1230	0.336190855897556
1231	0.336201992164084
1232	0.336214670245038
1233	0.336216280687264
1234	0.336241967440006
1235	0.336255674190838
1236	0.336255674190838
1237	0.336328097660538
1238	0.336354130148239
1239	0.336355507535818
1240	0.336355858506174
1241	0.336388308159252
1242	0.336397952251575
1243	0.336418525891773
1244	0.336448033090825
1245	0.336500548519738
1246	0.336513008968413
1247	0.336539845101104
1248	0.336502885150509
1249	0.336517049706477
1250	0.336528746205333
1251	0.336530235469623
1252	0.336570936523397
1253	0.33655973925918
1254	0.336525733330355
1255	0.336553797840328
1256	0.336630391393402
1257	0.336658955542468
1258	0.336631148258158
1259	0.336699206312154
1260	0.336690599253298
1261	0.336758833774414
1262	0.336792994200131
1263	0.336835450539425
1264	0.336833187173968
1265	0.336787347320634
1266	0.336791422523404
1267	0.336843161822222
1268	0.336873876886334
1269	0.336904104395834
1270	0.336909187146912
1271	0.337003881968483
1272	0.337049660325487
1273	0.337126979470775
1274	0.337174496116146
1275	0.337137234730698
1276	0.337186361867978
1277	0.337180526541294
1278	0.337217856196415
1279	0.337262866630994
1280	0.337274787140639
1281	0.337331274325165
1282	0.337358685584462
1283	0.337363166912855
1284	0.337378544685602
1285	0.337387756165989
1286	0.337389899810968
1287	0.337447586914009
1288	0.337498994562005
1289	0.337502129480943
1290	0.337539701238178
1291	0.337585773598426
1292	0.337633561071526
1293	0.337609109251373
1294	0.337626315689253
1295	0.337628961063745
1296	0.337674825160112
1297	0.337690596659888
1298	0.337737990953958
1299	0.337781210014989
1300	0.337723414720952
1301	0.337705946424206
1302	0.337600169945356
1303	0.337534946160367
1304	0.337518960869514
1305	0.337494180818566
1306	0.337529782265205
1307	0.337575030322466
1308	0.337615697787562
1309	0.33765618628708
1310	0.337622435027583
1311	0.337597864881811
1312	0.337560914196209
1313	0.337466155541677
1314	0.337441110666279
1315	0.337458403600445
1316	0.337488400960534
1317	0.337482866978792
1318	0.337524421235863
1319	0.337542667495438
1320	0.337538743560826
1321	0.337514808676143
1322	0.337495150401658
1323	0.337508755554787
1324	0.337542770540299
1325	0.337563596415887
1326	0.337567382689965
1327	0.337599441519461
1328	0.33764290262498
1329	0.3376306464983
1330	0.337631365965679
1331	0.337660020150293
1332	0.33765847800227
1333	0.337701025945029
1334	0.337760543980956
1335	0.337768761784378
1336	0.337757219062165
1337	0.337778118530319
1338	0.337784272958949
1339	0.337803684249424
1340	0.337880584043904
1341	0.337972558783709
1342	0.338040015831897
1343	0.338103964769922
1344	0.338148961067531
1345	0.338211717484818
1346	0.338258688251177
1347	0.338307650018431
1348	0.338376387774059
1349	0.338399334453184
1350	0.338436903161673
1351	0.338459091775437
1352	0.338498423382595
1353	0.338543717976042
1354	0.338616132534858
1355	0.338660590911558
1356	0.338680172110417
1357	0.338733907476544
1358	0.338752432757554
1359	0.338827299859049
1360	0.338897714315115
1361	0.338936569601978
1362	0.338951709391153
1363	0.338987488063712
1364	0.338972805019265
1365	0.338965122994896
1366	0.338960950107313
1367	0.338965018570937
1368	0.338931260565056
1369	0.338892699321991
1370	0.338821504365989
1371	0.338764301427998
1372	0.338677262697164
1373	0.338546646348821
1374	0.338403626955088
1375	0.338247752469904
1376	0.338089806892026
1377	0.337892000375226
1378	0.337658785851777
1379	0.337408771342484
1380	0.3371199308289
1381	0.336812347703248
1382	0.336438321515009
1383	0.336003227067751
1384	0.335515806673963
1385	0.334923927229771
1386	0.334393440723368
1387	0.333783184170966
1388	0.333204615635759
1389	0.332586496957651
1390	0.331979885393786
1391	0.331406470761401
1392	0.330934289308045
1393	0.330605787897635
1394	0.33040511136495
1395	0.330226139766353
1396	0.330133118840932
1397	0.330116904087462
1398	0.330207817282033
1399	0.330334478488525
1400	0.330533100742852
1401	0.330716193851377
1402	0.330963132904825
1403	0.331126445095513
1404	0.331309143142629
1405	0.331481492449945
1406	0.331599299333106
1407	0.331752332578749
1408	0.331891901729495
1409	0.332016064197852
1410	0.332141083831191
1411	0.332274534699764
1412	0.332407714163831
1413	0.332607675131272
1414	0.332833024301973
1415	0.333042496287014
1416	0.333285817079016
1417	0.33349541218233
1418	0.333748466840709
1419	0.333948746934428
1420	0.33419899387842
1421	0.334428183062884
1422	0.334637391882901
1423	0.334827682839993
1424	0.335011054412917
1425	0.335222922511091
1426	0.335423392965872
1427	0.335593558945576
1428	0.335779107990042
1429	0.335938868789997
1430	0.336084194604759
1431	0.336203333467435
1432	0.336349256649759
1433	0.336516920380183
1434	0.336634441080128
1435	0.336794154489929
1436	0.336902619405065
1437	0.336992647964193
1438	0.33712091134552
1439	0.33721367681753
1440	0.337332904906133
1441	0.337427360996243
1442	0.337537563986725
1443	0.337618517778532
1444	0.337709846942687
1445	0.337796098215155
1446	0.337858642375429
1447	0.337915089426216
1448	0.338007463330639
1449	0.338105432729874
1450	0.338198634411843
1451	0.338262671334388
1452	0.338346789152861
1453	0.338373398555975
1454	0.338438405200984
1455	0.338473013517556
1456	0.338548284204655
1457	0.338664676938731
1458	0.338740387206524
1459	0.338808264918356
1460	0.338899555992653
1461	0.338955288407738
1462	0.338980599454573
1463	0.339030291839198
1464	0.339074406970269
1465	0.33914073069749
1466	0.339201886282694
1467	0.339292747131879
1468	0.339355924685516
1469	0.339423437660038
1470	0.339487251128296
1471	0.339544896581966
1472	0.339602159932826
1473	0.339629975773624
1474	0.339697619036121
1475	0.339725623048211
1476	0.339778572045084
1477	0.339837010074118
1478	0.339897620717306
1479	0.339926010362768
1480	0.339957118032793
1481	0.34000633496646
1482	0.340073793827726
1483	0.340103171695691
1484	0.340132161338657
1485	0.3401714694885
1486	0.340232825883107
1487	0.340261932915238
1488	0.340318041571219
1489	0.340347330715802
1490	0.340378869533683
1491	0.34043912029111
1492	0.340483690635314
1493	0.340564587862707
1494	0.340598816064895
1495	0.34064909244606
1496	0.340649714771004
1497	0.340679715370659
1498	0.340716524476086
1499	0.340715571612405
1500	0.340769846422127
1501	0.340810788545378
1502	0.340810022822958
1503	0.340819844438746
1504	0.34088689893807
1505	0.340897560191488
1506	0.340879787134976
1507	0.340921921951808
1508	0.340917739822628
1509	0.34093853933671
1510	0.341004354179402
1511	0.34102532712489
1512	0.341086321840801
1513	0.341111923875685
1514	0.341126758291993
1515	0.341153906454012
1516	0.34114060377397
1517	0.341122419170285
1518	0.341170633126148
1519	0.341228389171003
1520	0.341217143026559
1521	0.341236687968756
1522	0.341259071239111
1523	0.341273208242442
1524	0.341263496866541
1525	0.341284907463155
1526	0.341317752603642
1527	0.341336747130099
1528	0.341326297439161
1529	0.341367067900323
1530	0.341378814049035
1531	0.341396804542292
1532	0.341397503850032
1533	0.341458798710148
1534	0.341492272561651
1535	0.341492841113605
1536	0.341493682917081
1537	0.341544530707002
1538	0.341557487622451
1539	0.341606731948805
1540	0.341619829770294
1541	0.341664942846823
1542	0.341666870227863
1543	0.341658032429354
1544	0.341693141282342
1545	0.341723718271909
1546	0.341703833801621
1547	0.341686511350777
1548	0.341699903619469
1549	0.341727275899396
1550	0.341740777231894
1551	0.341766042483145
1552	0.341791138657066
1553	0.341801510978803
1554	0.341804548959594
1555	0.341818946572661
1556	0.341867438221722
1557	0.34193915013393
1558	0.341976403316557
1559	0.342026198510713
1560	0.342052068453389
1561	0.342038053947977
1562	0.342018152289828
1563	0.341995441533094
1564	0.34198713289112
1565	0.342027239970962
1566	0.342076016713358
1567	0.342133716525189
1568	0.342182828591671
1569	0.342142369192359
1570	0.342146079985299
1571	0.342198971704172
1572	0.342214692515942
1573	0.342260107942326
1574	0.342322835262841
1575	0.342319298351499
1576	0.342323359148222
1577	0.342386295945238
1578	0.342402521640923
1579	0.342420314173308
1580	0.342424582253972
1581	0.342432566708759
1582	0.342424752257066
1583	0.342461457587109
1584	0.342477991513614
1585	0.342490506465027
1586	0.342495925047329
1587	0.342472213040173
1588	0.34250213311624
1589	0.342576863949999
1590	0.342607112340549
1591	0.342651103991454
1592	0.342705327678681
1593	0.342721874894995
1594	0.342740234545746
1595	0.342802488522873
1596	0.342857441125397
1597	0.342858535342863
1598	0.342876264584339
1599	0.342901909250037
1600	0.342907223506753
1601	0.342904648835265
1602	0.342898437718764
1603	0.342851685422359
1604	0.342870656075072
1605	0.342882762253467
1606	0.342938932043628
1607	0.342999695282329
1608	0.343043555912592
1609	0.343076458920683
1610	0.34309611038403
1611	0.343020891802107
1612	0.343053378433518
1613	0.343091379419187
1614	0.343098302687204
1615	0.343154413291751
1616	0.34321227521761
1617	0.34321690434586
1618	0.343263230317203
1619	0.343307681068016
1620	0.34335440374605
1621	0.343388035751314
1622	0.343383682944208
1623	0.343399732779244
1624	0.343382181186454
1625	0.343423714735696
1626	0.34343149361428
1627	0.343433986911704
1628	0.343455137725784
1629	0.343461583588574
1630	0.343508443236171
1631	0.343513462894463
1632	0.343560617802952
1633	0.343579269571988
1634	0.3436009908626
1635	0.343604265744122
1636	0.34362735349199
1637	0.343637725960792
1638	0.34366099345961
1639	0.343782845683737
1640	0.343820229609678
1641	0.343833102080342
1642	0.34384454314037
1643	0.343840869323542
1644	0.343826020625579
1645	0.343816913077228
1646	0.343868798581947
1647	0.343864143438321
1648	0.343902432069486
1649	0.343982210208091
1650	0.344008245881476
1651	0.343973276651504
1652	0.344013505426693
1653	0.344102131281774
1654	0.34417121542209
1655	0.344292229493658
1656	0.344404914244465
1657	0.34443783100623
1658	0.344498389795225
1659	0.344589147650927
1660	0.344637517477261
1661	0.34464000871646
1662	0.344701920214166
1663	0.344795695488951
1664	0.344871585203273
1665	0.344957510665914
1666	0.345047535547186
1667	0.345062003084083
1668	0.345166124569357
1669	0.345292011741281
1670	0.345394232428179
1671	0.345486930436436
1672	0.345588564862197
1673	0.345720709838886
1674	0.345836810439151
1675	0.345985262577306
1676	0.346117673655476
1677	0.346204654129021
1678	0.34630781258283
1679	0.346457159334506
1680	0.346591967755608
1681	0.346782839715369
1682	0.346949868707345
1683	0.347178134662413
1684	0.347333440960157
1685	0.347448292432754
1686	0.347620720126526
1687	0.347743520432194
1688	0.347872607648449
1689	0.348064625448101
1690	0.348195288316717
1691	0.34824384835318
1692	0.348389545100656
1693	0.348502114424798
1694	0.348647159220384
1695	0.348791197679478
1696	0.348889520683186
1697	0.349037158811917
1698	0.349136543265832
1699	0.349258534729298
1700	0.349403150119152
1701	0.349549796423283
1702	0.349616455536342
1703	0.349752567865104
1704	0.349819958400553
1705	0.349854988042681
1706	0.349934893858514
1707	0.349978835114949
1708	0.350095434196034
1709	0.350157638440406
1710	0.350243201884947
1711	0.350314061257205
1712	0.350396078563807
1713	0.350430332613743
1714	0.350478930777686
1715	0.350504052444393
1716	0.350551244982963
1717	0.350571254548956
1718	0.350660972368637
1719	0.350612911537235
1720	0.350548227146735
1721	0.350493093599663
1722	0.350408727681538
1723	0.350387337055587
1724	0.350442531423813
1725	0.35035459449759
1726	0.350336202033481
1727	0.350252622502233
1728	0.350116187874387
1729	0.350008696606963
1730	0.349927388084633
1731	0.349878721377083
1732	0.349751921922492
1733	0.349634234884981
1734	0.349529934634561
1735	0.349350211093484
1736	0.349223802329156
1737	0.349124645073583
1738	0.34896798586515
1739	0.348828348408195
1740	0.348754825634183
1741	0.348640584447254
1742	0.34860944666722
1743	0.348544588109931
1744	0.348444571958386
1745	0.348368517052274
1746	0.348310046181691
1747	0.348250057312533
1748	0.348267119724745
1749	0.348221862019524
1750	0.3482103601436
1751	0.348177221076415
1752	0.348139590421965
1753	0.348071876645732
1754	0.348107859350992
1755	0.348053418466307
1756	0.348004626760649
1757	0.347956094817649
1758	0.347842796469379
1759	0.347697220274527
1760	0.347628882556674
1761	0.34754730452662
1762	0.34743657765517
1763	0.347339236900911
1764	0.347231572083366
1765	0.347079125076165
1766	0.346958885563102
1767	0.346887366226085
1768	0.346797857035691
1769	0.346707073578062
1770	0.346578737197402
1771	0.346477782928539
1772	0.34637926825873
1773	0.346307013277875
1774	0.346217623057828
1775	0.346121062963633
1776	0.346130641134698
1777	0.346051544773576
1778	0.346016976407996
1779	0.34598334248134
1780	0.345928898601406
1781	0.345828553585586
1782	0.345729113032167
1783	0.345621415893905
1784	0.345641889648947
1785	0.34564397614266
1786	0.345598890910245
1787	0.345623755417329
1788	0.345632880507643
1789	0.34571275280007
1790	0.345691856605115
1791	0.345678240260309
1792	0.345563486363231
1793	0.345490852985945
1794	0.345407502934525
1795	0.345432215974551
1796	0.345467083124028
1797	0.345394746085463
1798	0.345399212425918
1799	0.345407830898756
1800	0.345360426677532
1801	0.345452562725221
1802	0.345485518370719
1803	0.345501233259429
1804	0.345480040390238
1805	0.345530140276871
1806	0.345554133464615
1807	0.345583948681722
1808	0.345632491589001
1809	0.345750457825467
1810	0.345761232791726
1811	0.345705530647491
1812	0.345638022765695
1813	0.345639827824598
1814	0.345702581973701
1815	0.345753572110781
1816	0.345772734032187
1817	0.345836765615963
1818	0.345817120151267
1819	0.345809672437192
1820	0.345752032463172
1821	0.345683887959553
1822	0.345675546801483
1823	0.345696618003589
1824	0.345695898250287
1825	0.345785240167323
1826	0.345771446354106
1827	0.345781174731943
1828	0.345802331661574
1829	0.345763962219886
1830	0.345798933517957
1831	0.347263365039573
1832	0.34722236504526
1833	0.347329575945236
1834	0.347229006387133
1835	0.347154740997061
1836	0.347106770951281
1837	0.346915948721973
1838	0.346903137297276
1839	0.347041989075157
1840	0.347158810436693
1841	0.347269661090659
1842	0.347554660797022
1843	0.347573439894431
1844	0.34748090622294
1845	0.347500157419141
1846	0.347425757601868
1847	0.3473216494399
1848	0.347136774554283
1849	0.347206830801576
1850	0.347228865746531
1851	0.347205381418068
1852	0.347407006116953
1853	0.347568036348519
1854	0.347597529803677
1855	0.347581746620545
1856	0.347535594504461
1857	0.347341903013632
1858	0.347208732886779
1859	0.347150987429447
1860	0.347126875102736
1861	0.347208281950777
1862	0.347235593159637
1863	0.347246707316416
1864	0.347258963158442
1865	0.347294850281277
1866	0.347441722990131
1867	0.347445262964771
1868	0.347327263646398
1869	0.347256982817368
1870	0.347200194488287
1871	0.3469143125075
1872	0.346807041357568
1873	0.346854598496259
1874	0.346778084335098
1875	0.346634928963882
1876	0.346568957797076
1877	0.346608382434378
1878	0.346453158072514
1879	0.346354865521944
1880	0.346438029006339
1881	0.346372314337759
1882	0.346275173821497
1883	0.346204109256559
1884	0.346142584742386
1885	0.346034194285802
1886	0.345885213857788
1887	0.345863519486001
1888	0.345680695172973
1889	0.345604860771055
1890	0.345502198572449
1891	0.345362165517533
1892	0.345210641004519
1893	0.345092066806713
1894	0.344921077291851
1895	0.344634402144121
1896	0.34443469468592
1897	0.344258586486052
1898	0.344079325790796
1899	0.343909686537534
1900	0.343772161074387
1901	0.343692771036666
1902	0.343668568084382
1903	0.343566823435427
1904	0.343470688916962
1905	0.343317711049278
1906	0.34306307866633
1907	0.342838170007287
1908	0.34271488093447
1909	0.342676554410414
1910	0.342663988198019
1911	0.342740757857493
1912	0.342718763867029
1913	0.342763072883465
1914	0.342732588500544
1915	0.342612129486198
1916	0.342513175921375
1917	0.342394984380474
1918	0.342379362780619
1919	0.342459299978235
1920	0.342676655001408
1921	0.342657429579796
1922	0.342661545112447
1923	0.342632272895105
1924	0.342421147601929
1925	0.342343441683888
1926	0.342468594225816
1927	0.342518455060035
1928	0.342587499168049
1929	0.342655997174679
1930	0.342676261360023
1931	0.34271457417496
1932	0.342715541963892
1933	0.342657557344501
1934	0.342649399410774
1935	0.342631474302639
1936	0.342632516162366
1937	0.342656172070994
1938	0.342705333936262
1939	0.342774297426974
1940	0.342954948262343
1941	0.342976397209283
1942	0.342977840637047
1943	0.343010004407243
1944	0.343017281203478
1945	0.343002327276948
1946	0.342997472941218
1947	0.342973477554938
1948	0.342970290298457
1949	0.34292253936552
1950	0.342869783894654
1951	0.342873910756049
1952	0.34285003339318
1953	0.342736806241458
1954	0.34277881463684
1955	0.343053738825284
1956	0.343143095386523
1957	0.343219681272532
1958	0.343271111755727
1959	0.343285017286062
1960	0.343248930285982
1961	0.34321516001894
1962	0.343169491493189
1963	0.34319389508595
1964	0.343111165923477
1965	0.343137252163435
1966	0.343339656995958
1967	0.343387041774755
1968	0.343430191299008
1969	0.343383665783116
1970	0.343258117010678
1971	0.343123953030472
1972	0.343156792175586
1973	0.343314013522748
1974	0.343376503923576
1975	0.343434154128499
1976	0.343496774442368
1977	0.343387439835243
1978	0.343459087788625
1979	0.343756388389855
1980	0.343857024045716
1981	0.343840776462527
1982	0.343776867765269
1983	0.343770579726359
1984	0.343605871942451
1985	0.343725518830622
1986	0.344055131009958
1987	0.344233671888523
1988	0.344504498403171
1989	0.34468544503527
1990	0.344680996419856
1991	0.344766606502985
1992	0.344998239652519
1993	0.345124161364239
1994	0.345191355471717
1995	0.345132303451083
1996	0.345209625923246
1997	0.345269302469822
1998	0.345397061120182
1999	0.34562441863229
2000	0.345841330694029
2001	0.346043535307002
2002	0.346210794467654
2003	0.346374889427872
2004	0.346512604086857
2005	0.346504106578402
2006	0.346630893283924
2007	0.346787974890076
2008	0.347080291719832
2009	0.347317131839615
2010	0.347543689785162
2011	0.34772122048227
2012	0.347840340430385
2013	0.347999139204407
2014	0.348170225588011
2015	0.348306738073906
2016	0.348526140646526
2017	0.348793211595785
2018	0.348978467442715
2019	0.349242003866101
2020	0.349368735088373
2021	0.349272401914815
2022	0.349458905771482
2023	0.349723525295776
2024	0.349931801508806
2025	0.350253482661508
2026	0.350462948967297
2027	0.350646574566416
2028	0.350587702827713
2029	0.350708240786413
2030	0.350847744173645
2031	0.351037949354084
2032	0.351261713930119
2033	0.351442298360843
2034	0.351689790309266
2035	0.351858949439046
2036	0.351947110399194
2037	0.352084902298488
2038	0.352228714179902
2039	0.35235634506922
2040	0.352414170756028
2041	0.35260563239265
2042	0.352743383896204
2043	0.352778488394524
2044	0.35291074188356
2045	0.353161390543018
2046	0.35326387015275
2047	0.353321745698131
2048	0.353424614773438
2049	0.353385622463075
2050	0.353416709263185
2051	0.353531300304681
2052	0.353748937324728
2053	0.353909161160368
2054	0.353903920750584
2055	0.354000046655908
2056	0.354154130833593
2057	0.354149264057122
2058	0.354243701426567
2059	0.354304940964
2060	0.354277590385788
2061	0.354255113412201
2062	0.354214917017265
2063	0.354274401745487
2064	0.354394707688174
2065	0.354506321961759
2066	0.354587292675364
2067	0.354696522613798
2068	0.354793344525242
2069	0.354844307980452
2070	0.354970191981492
2071	0.355037823456842
2072	0.355124841644255
2073	0.35512458461904
2074	0.355158266253855
2075	0.355160740859811
2076	0.355270610661206
2077	0.355419214999418
2078	0.355498153578511
2079	0.355542411782253
2080	0.355632762783033
2081	0.355715733513833
2082	0.355745940242968
2083	0.355806801918009
2084	0.355882415636406
2085	0.355917352763433
2086	0.355899145173658
2087	0.35593417978778
2088	0.356023837088953
2089	0.355981757273735
2090	0.355742886599327
2091	0.35572319535062
2092	0.355762652306844
2093	0.355852706230205
2094	0.356017591883775
2095	0.356226008783066
2096	0.356290705809439
2097	0.356233757142207
2098	0.356180738006795
2099	0.35614368264864
2100	0.35613082355625
2101	0.356176301332048
2102	0.356156352158334
2103	0.356219375628456
2104	0.356213232615252
2105	0.356065262655964
2106	0.356026243142299
2107	0.35594688836719
2108	0.355984117564012
2109	0.356245656447051
2110	0.356481212636307
2111	0.356493360147013
2112	0.356455143400106
2113	0.356363617031423
2114	0.35621841129716
2115	0.356145938824861
2116	0.356282346013966
2117	0.356307096229179
2118	0.356241659499341
2119	0.356130912927442
2120	0.355862273677513
2121	0.355774415916552
2122	0.355682300975973
2123	0.355604055711841
2124	0.355646543396879
2125	0.355614705762953
2126	0.355537360174967
2127	0.355404394931908
2128	0.355175819980161
2129	0.354908245802663
2130	0.354629105542365
2131	0.354426384939451
2132	0.354064262793885
2133	0.353717561762298
2134	0.35333899305822
2135	0.352736630213992
2136	0.352309019554094
2137	0.352003323502055
2138	0.35170545095451
2139	0.351419926967119
2140	0.351019810307853
2141	0.350787628107476
2142	0.350566661670388
2143	0.350283289524027
2144	0.350051032236827
2145	0.349574204792297
2146	0.349055404184173
2147	0.348668828640827
2148	0.348232961103795
2149	0.347877779353388
2150	0.347672701924651
2151	0.347291951872725
2152	0.346927086564466
2153	0.346464263246336
2154	0.345904367645948
2155	0.345459853744938
2156	0.344910409321919
2157	0.344282019580605
2158	0.343586221245908
2159	0.342719745657307
2160	0.341937412762192
2161	0.341340037470051
2162	0.340827274075043
2163	0.340317127843056
2164	0.339760345702823
2165	0.339097114974071
2166	0.338583909206081
2167	0.338077466579662
2168	0.337620678953084
2169	0.33727680554105
2170	0.336960972335126
2171	0.336683097117053
2172	0.33639956149875
2173	0.336255700526671
2174	0.335992581627613
2175	0.335687617965403
2176	0.335522113464996
2177	0.33535194477178
2178	0.335178909356237
2179	0.33493621924939
2180	0.3348217327001
2181	0.334627314916768
2182	0.334371695414551
2183	0.334190926048352
2184	0.334027703111145
2185	0.333845368664719
2186	0.333767498034618
2187	0.333558758033855
2188	0.333171682105213
2189	0.332872533460085
2190	0.332540678472473
2191	0.332170088867888
2192	0.331870765849633
2193	0.331573039125707
2194	0.331111698192648
2195	0.330641681266898
2196	0.330303572930507
2197	0.329884243984491
2198	0.329417260548234
2199	0.328951986673993
2200	0.328281462657778
2201	0.32778081868046
2202	0.327318265200424
2203	0.326908099060853
2204	0.326597964578397
2205	0.326403912048889
2206	0.326172005138321
2207	0.326035433958471
2208	0.325830711280738
2209	0.32557566504615
2210	0.325407409505147
2211	0.325166588348701
2212	0.325038714376292
2213	0.325171122246057
2214	0.32526126779754
2215	0.325395608810586
2216	0.325454958026721
2217	0.325538503164725
2218	0.325755899063047
2219	0.326110558871647
2220	0.326399346192484
2221	0.32656646798321
2222	0.326786912571468
2223	0.326978020177197
2224	0.327140869976346
2225	0.327484649773037
2226	0.327981517043076
2227	0.328480090768933
2228	0.329085093844993
2229	0.329546781103844
2230	0.330042417645557
2231	0.330378892056846
2232	0.330502448628309
2233	0.330784805480188
2234	0.331104304195867
2235	0.33153823070808
2236	0.332076794509533
2237	0.332635628861535
2238	0.333116391684235
2239	0.333492568191163
2240	0.334228261684321
2241	0.334845833856478
2242	0.335398774358335
2243	0.336064411558418
2244	0.336598091064717
2245	0.336909269633423
2246	0.337538186013703
2247	0.338112399488345
2248	0.338913150238119
2249	0.340226018450301
2250	0.341025488691448
2251	0.341688349530034
2252	0.342349892173401
2253	0.342694460316052
2254	0.343274087967433
2255	0.343978036811801
2256	0.344730403599677
2257	0.345561113553739
2258	0.346024052229631
2259	0.346720351475551
2260	0.347354522198145
2261	0.347855600317101
2262	0.348653398725607
2263	0.349466967519055
2264	0.350184693456178
2265	0.350837247132021
2266	0.351487612099695
2267	0.35198834387051
2268	0.351996654902957
2269	0.352258578118587
2270	0.352598765720391
2271	0.35291219855848
2272	0.353393160133906
2273	0.353579658692507
2274	0.353502270854649
2275	0.353475127562303
2276	0.353276531924256
2277	0.353346555895751
2278	0.353799757461678
2279	0.354022299623961
2280	0.354167558796672
2281	0.35444820418929
2282	0.354619464771466
2283	0.354574244997056
2284	0.35466085755375
2285	0.35489697100956
2286	0.355108913345952
2287	0.355456518366189
2288	0.355923528775013
2289	0.35631366787558
2290	0.356607750545919
2291	0.35671976005876
2292	0.357016175948989
2293	0.357426107492661
2294	0.357685941330166
2295	0.357925997526288
2296	0.358164170459787
2297	0.358235097471811
2298	0.358337369816975
2299	0.358615419262663
2300	0.358860431763927
2301	0.359001514544773
2302	0.359173153489714
2303	0.359505788334005
2304	0.359603181742438
2305	0.359504486477356
2306	0.359450626989008
2307	0.359254333499822
2308	0.359096856892498
2309	0.359015271065699
2310	0.35872220664219
2311	0.358373113188354
2312	0.357988547859522
2313	0.357362028232741
2314	0.357051213485384
2315	0.356894700804193
2316	0.356663440371987
2317	0.356523412860681
2318	0.356063867773438
2319	0.355409855281805
2320	0.354903325899607
2321	0.354639866118963
2322	0.354337177551836
2323	0.35417605592405
2324	0.354059317280801
2325	0.353785166097137
2326	0.353748618372121
2327	0.353744714313436
2328	0.353852899266834
2329	0.353702456304407
2330	0.353370161594931
2331	0.353378933172478
2332	0.353232993079318
2333	0.353258632097009
2334	0.353599575942374
2335	0.353746470821569
2336	0.353661206833531
2337	0.353795704235033
2338	0.353811885897204
2339	0.353991514220635
2340	0.354497005010651
2341	0.354594523310958
2342	0.354606352876714
2343	0.354537327266645
2344	0.353756786521219
2345	0.353539864764373
2346	0.353583016213369
2347	0.353526760237809
2348	0.353487037095662
2349	0.353512967451904
2350	0.353069118912863
2351	0.352606687351439
2352	0.352332076548057
2353	0.351929256637565
2354	0.351990474473371
2355	0.351944816298689
2356	0.351605518555574
2357	0.351412822535443
2358	0.351003150893913
2359	0.350574224969858
2360	0.350144910215423
2361	0.349655172819612
2362	0.348945983843768
2363	0.34816065410815
2364	0.347470985160563
2365	0.34673819768492
2366	0.346274625762385
2367	0.345938300735828
2368	0.345535921402374
2369	0.345259179459739
2370	0.344876269553394
2371	0.344421354485821
2372	0.34402809277593
2373	0.343586956574375
2374	0.343112499046999
2375	0.342649582983986
2376	0.342142114526632
2377	0.3415779261925
2378	0.341014606025308
2379	0.340422235650114
2380	0.33999518001858
2381	0.339723787044858
2382	0.339312403120215
2383	0.338933534223419
2384	0.33841386214571
2385	0.337573567769132
2386	0.336941498911599
2387	0.336437212769853
2388	0.335944886623833
2389	0.335583594355665
2390	0.335183825177958
2391	0.334661767032402
2392	0.334096922026649
2393	0.333646971231396
2394	0.3330188859816
2395	0.332167743225442
2396	0.331524474902536
2397	0.330884170537444
2398	0.330387742751302
2399	0.330101143361456
2400	0.329903860401537
2401	0.329767599075551
2402	0.329304698512471
2403	0.329245385991408
2404	0.329008094494647
2405	0.32843311483576
2406	0.328151483462058
2407	0.328051302595144
2408	0.32803009357539
2409	0.327884752190927
2410	0.327468633168901
2411	0.326887588539835
2412	0.326380222196176
2413	0.325943258397631
2414	0.325800149291322
2415	0.325713561136515
2416	0.325218600046793
2417	0.325270494026699
2418	0.325353704830662
2419	0.325059976688097
2420	0.324773615193141
2421	0.32451797917545
2422	0.324564450433331
2423	0.3248113773044
2424	0.324801460876601
2425	0.324624084002521
2426	0.324198244433726
2427	0.32404583530145
2428	0.323660978195049
2429	0.323854507270036
2430	0.324332312263473
2431	0.324340275332429
2432	0.324493939763298
2433	0.324470974646177
2434	0.324153953813312
2435	0.323760768402778
2436	0.323478189884056
2437	0.323278078934902
2438	0.322823188691778
2439	0.322924227656632
2440	0.323556951857642
2441	0.323701037384915
2442	0.324026352364403
2443	0.324067044879859
2444	0.323721748243223
2445	0.323477646950175
2446	0.323117691014247
2447	0.322687379726902
2448	0.322129342284505
2449	0.321765126726021
2450	0.321432614923409
2451	0.321059217150335
2452	0.320571161707012
2453	0.32052530665689
2454	0.320758003556237
2455	0.320717092159382
2456	0.321052571967994
2457	0.320897477088473
2458	0.320200387814409
2459	0.319798955671795
2460	0.319510172905827
2461	0.319174113561183
2462	0.318872685038302
2463	0.318773375370909
2464	0.31921072613513
2465	0.319151392793759
2466	0.319419043013046
2467	0.319275981931381
2468	0.318348463335932
2469	0.318103820449903
2470	0.317795480039121
2471	0.317583043280659
2472	0.317742240591965
2473	0.317643521829221
2474	0.317300984544177
2475	0.31696655108871
2476	0.316886991932871
2477	0.316620414283809
2478	0.315957035779829
2479	0.315761987011632
2480	0.3160910077026
2481	0.315504849399531
2482	0.314629549709719
2483	0.31389395241212
2484	0.312611201675163
2485	0.311760960597095
2486	0.310943936712196
2487	0.310793737578225
2488	0.311192620552735
2489	0.310920821692308
2490	0.311506684327905
2491	0.31136331456506
2492	0.309409514985547
2493	0.308861225368719
2494	0.30886497162571
2495	0.308447470717903
2496	0.308361093149846
2497	0.308203117738041
2498	0.307474291830583
2499	0.307254950078433
2500	0.307337041986364
