350	0.360814926721688
351	0.409114044631642
352	0.423957100891182
353	0.384247334683705
354	0.361262864897907
355	0.374064502133739
356	0.405347101115611
357	0.396809918740052
358	0.384364975719846
359	0.385052008608321
360	0.397446203839469
361	0.38462219646106
362	0.372552520981985
363	0.385577236585012
364	0.40567529180692
365	0.383308977879131
366	0.368424332307232
367	0.362379721384461
368	0.379150758735634
369	0.375705654781568
370	0.361585795693286
371	0.365903294216022
372	0.369960202699182
373	0.371954317696811
374	0.361909849225606
375	0.357494033932237
376	0.36572813576433
377	0.36486162197779
378	0.360557122037765
379	0.357775728352373
380	0.350531420646506
381	0.355426936507377
382	0.355761529047821
383	0.345435256809766
384	0.352580209600114
385	0.356379955025482
386	0.351418697611704
387	0.337350973730998
388	0.341721059344287
389	0.341341002321134
390	0.343461932400137
391	0.341342510648659
392	0.339774470418781
393	0.339461178465714
394	0.343623490672349
395	0.334142160861902
396	0.33108499544815
397	0.33425099864321
398	0.337126993518209
399	0.333245620313493
400	0.332391815378308
401	0.331995937190811
402	0.335743916910937
403	0.331630230671573
404	0.328726399814426
405	0.327837445965266
406	0.33184027317404
407	0.329959023754527
408	0.323592086304597
409	0.322479100060121
410	0.325582700472431
411	0.326953909858201
412	0.323890096276355
413	0.320635878204867
414	0.322502656519635
415	0.322393599817925
416	0.320568146176663
417	0.31802453882148
418	0.317266486900976
419	0.318227436928965
420	0.317386606692701
421	0.317062475118529
422	0.316848009376745
423	0.316892342218723
424	0.314546374428472
425	0.312329556020512
426	0.310989812165152
427	0.312146059111367
428	0.311916796644107
429	0.309643443561562
430	0.309834030548182
431	0.310370542205611
432	0.310095687091143
433	0.308817984675693
434	0.30799293394405
435	0.308389932278943
436	0.309531609140084
437	0.307413701270703
438	0.306493344203179
439	0.306917540288554
440	0.307474743971605
441	0.306583665222317
442	0.305836860901492
443	0.306071416518424
444	0.306461899059744
445	0.306569400053676
446	0.30562498125863
447	0.3051083330106
448	0.305501744590495
449	0.305892175197492
450	0.305042754450835
451	0.304589155232387
452	0.304883564620625
453	0.30486669740379
454	0.304509174954447
455	0.30383898127407
456	0.303459782074169
457	0.30391862495847
458	0.304469868617585
459	0.303572222934056
460	0.303498564240177
461	0.303433762954564
462	0.3034371145627
463	0.302945260086303
464	0.302009451849774
465	0.301965293813898
466	0.302387085121902
467	0.301460630594207
468	0.300673950326195
469	0.301160776199406
470	0.301775145414916
471	0.301556239466759
472	0.301245663500449
473	0.300929059747496
474	0.301358244827205
475	0.301367329496287
476	0.301101033167558
477	0.300537913608284
478	0.301193339581573
479	0.300841527371056
480	0.300497899736406
481	0.300407153969194
482	0.300616610714746
483	0.301040602761858
484	0.300831737745525
485	0.300034256655759
486	0.300751523958907
487	0.301133205279777
488	0.301083440927144
489	0.300533556544995
490	0.300736664062992
491	0.300821445147956
492	0.301800864202486
493	0.301653710542249
494	0.3012036472081
495	0.30137005068759
496	0.302074601605054
497	0.301745369136717
498	0.301666221891271
499	0.301906689179401
500	0.30243670099701
501	0.302896998565836
502	0.302955319898915
503	0.303097599004902
504	0.303420110827811
505	0.303661963712597
506	0.303729538583187
507	0.303766377935021
508	0.304157980302117
509	0.304457638846374
510	0.304508084730531
511	0.304646754721027
512	0.305136408004502
513	0.305391277567141
514	0.305242126173546
515	0.305523310510077
516	0.306148078528653
517	0.306285559922621
518	0.306440464438086
519	0.306573984369327
520	0.306490997373218
521	0.306832317813826
522	0.307441807700891
523	0.30765052575351
524	0.307732430941055
525	0.308182479784854
526	0.308381426652084
527	0.308584986506018
528	0.30892100711021
529	0.309265493006464
530	0.309461074904541
531	0.30965216321866
532	0.30990675370184
533	0.310317668953944
534	0.310751743128195
535	0.311155752768076
536	0.311178399649019
537	0.311423566585821
538	0.311935986833645
539	0.312342149233783
540	0.312540132274252
541	0.312796694066532
542	0.313217595977475
543	0.313531251391558
544	0.313733013251665
545	0.314080207569404
546	0.314500979932898
547	0.315028226922576
548	0.315300234704457
549	0.315572174253521
550	0.315838471477769
551	0.316281636264089
552	0.316801908679825
553	0.317138630796767
554	0.317290468500353
555	0.317859506336168
556	0.318332703641383
557	0.318597790442064
558	0.318859872074991
559	0.319273479269287
560	0.319672432963012
561	0.320099414940559
562	0.32040279753884
563	0.320867824596669
564	0.321307362712795
565	0.321772583124955
566	0.32198960085858
567	0.322235178302396
568	0.322577960342083
569	0.322994089836747
570	0.323310934805437
571	0.323461306250537
572	0.323819586288739
573	0.324079757585958
574	0.324421971295104
575	0.324696755785017
576	0.324839367248654
577	0.325267089792946
578	0.3256537410799
579	0.325819866117356
580	0.326032194342542
581	0.326453844462152
582	0.326730212113458
583	0.326872383852025
584	0.327007598889828
585	0.327176739447994
586	0.327397647081734
587	0.327612919698888
588	0.327723343689267
589	0.32787086628251
590	0.328065480766882
591	0.328345130733843
592	0.328503052383041
593	0.328679608222387
594	0.328869956900134
595	0.329009649441518
596	0.329190312043863
597	0.329401653233825
598	0.329626802970506
599	0.329760506269296
600	0.329862626517235
601	0.329970916352082
602	0.330108482825206
603	0.330229017909347
604	0.330407174487992
605	0.330509367370869
606	0.330609084264851
607	0.330847874302573
608	0.331038609494254
609	0.330950559152856
610	0.330923731253389
611	0.331028485039451
612	0.331155822741081
613	0.33126982284564
614	0.331257867496889
615	0.331432913207041
616	0.331613439746344
617	0.331663831978212
618	0.331628702085467
619	0.331610654148141
620	0.331754739752515
621	0.331917432690806
622	0.331965896648213
623	0.331990219430671
624	0.332142791161093
625	0.332310924607595
626	0.3324435827302
627	0.332449191332095
628	0.33247788991567
629	0.332606293282898
630	0.332741662054971
631	0.332700548731655
632	0.332830102027569
633	0.333013726087192
634	0.333171595261556
635	0.333157927730925
636	0.333151274142018
637	0.333273569570842
638	0.333410527789464
639	0.333468984087596
640	0.333519604123618
641	0.333549812319402
642	0.333820096071157
643	0.333907280756573
644	0.333834459052747
645	0.333853088606126
646	0.333960780404202
647	0.334121171753407
648	0.334177578816145
649	0.334117791393169
650	0.33415766962341
651	0.334273245298986
652	0.334374849953735
653	0.33442864737844
654	0.334498923698636
655	0.334605938677583
656	0.334643094294554
657	0.334700128148811
658	0.334800568982311
659	0.334825639632104
660	0.33495866527352
661	0.335075082398855
662	0.335120536760124
663	0.335272451204439
664	0.335337944753041
665	0.335394522292483
666	0.335476545445344
667	0.335517704897317
668	0.335645105008627
669	0.335744571880682
670	0.335731257811077
671	0.335817530427676
672	0.335965240798545
673	0.33612721963345
674	0.336101997191373
675	0.33615531577283
676	0.336306533912917
677	0.336438001234364
678	0.336495892848514
679	0.336560469020172
680	0.336615500943182
681	0.336731519883416
682	0.336805207313833
683	0.336824632368331
684	0.336899614434231
685	0.337049499767886
686	0.337133377136963
687	0.337179942188855
688	0.337225264727782
689	0.337290376154271
690	0.337359840464237
691	0.337407363156472
692	0.337420699840826
693	0.337604156956754
694	0.337864742311696
695	0.338241278955119
696	0.338738989240207
697	0.339054111291667
698	0.338972622616769
699	0.338548548237434
700	0.338308373614158
701	0.338299246317374
702	0.338376038062863
703	0.338441713817958
704	0.338470679129532
705	0.338504527880688
706	0.338634267942801
707	0.338756388471588
708	0.33878457130182
709	0.338791914000419
710	0.338824968435631
711	0.338924144076683
712	0.339017763487323
713	0.339017888953475
714	0.33906349568506
715	0.339211434301677
716	0.339317326913713
717	0.339313907384002
718	0.339341434964356
719	0.339366442472036
720	0.339444715940385
721	0.339506862507023
722	0.339530595409051
723	0.339541931693379
724	0.339535039871077
725	0.339666964133611
726	0.339724447073932
727	0.339707188452863
728	0.339774024637966
729	0.339894013333905
730	0.33988861989992
731	0.339905677493869
732	0.339944284962678
733	0.340043558711312
734	0.340067436208202
735	0.340034955830928
736	0.340150000069633
737	0.34021650963272
738	0.340236759893843
739	0.340243433699314
740	0.34025115055093
741	0.340347515243313
742	0.340413762305003
743	0.340400693837187
744	0.340402348726695
745	0.340502822696953
746	0.340578716438244
747	0.340549288647905
748	0.340544791342544
749	0.340576279194722
750	0.340650522794016
751	0.340692339591987
752	0.340696220526193
753	0.340702143706646
754	0.340808959831984
755	0.340851051433546
756	0.340863109520515
757	0.340901911612547
758	0.340931938033608
759	0.34095524800356
760	0.3409209416525
761	0.340908343657296
762	0.340921182718992
763	0.340918349064089
764	0.340883168864772
765	0.340856092019114
766	0.340910425257948
767	0.340981784380554
768	0.341072501219228
769	0.34111543490542
770	0.341163219622902
771	0.341250230067095
772	0.34133874931963
773	0.341320354323058
774	0.34129199725656
775	0.341356270079043
776	0.341462389156418
777	0.341473361906229
778	0.341426855816316
779	0.341457087790203
780	0.341537824403395
781	0.341529077521148
782	0.34147938249637
783	0.341489916939858
784	0.341560843234287
785	0.341584761808201
786	0.341568083008833
787	0.341515221654148
788	0.341567100203543
789	0.341635371034101
790	0.341632706446473
791	0.341579004397068
792	0.3417077991206
793	0.341738235863718
794	0.341705220743397
795	0.341677996038269
796	0.341740606989934
797	0.34181072492239
798	0.341817077407085
799	0.341790610731443
800	0.341752982024654
801	0.341806493020635
802	0.341848314197243
803	0.341782491689093
804	0.341798085966442
805	0.341844125316262
806	0.341868283372132
807	0.341844901776335
808	0.341836054849103
809	0.341825884491896
810	0.341856222423961
811	0.341887323437615
812	0.341866396010567
813	0.341866522486473
814	0.341906382529452
815	0.341940139119681
816	0.341894098207216
817	0.341831685414927
818	0.341893003358803
819	0.341928444181276
820	0.341929216045358
821	0.341900588579606
822	0.341976071330342
823	0.342047638620896
824	0.342045295537332
825	0.342008356350265
826	0.342025698262747
827	0.342095396794935
828	0.342067205273754
829	0.342025251118121
830	0.342082997820884
831	0.342154996317173
832	0.342204638152153
833	0.342114035970213
834	0.342068293136552
835	0.342154858313908
836	0.342216310227794
837	0.342100250627973
838	0.342059196881621
839	0.342105552253874
840	0.342164022530868
841	0.342131527106418
842	0.342084935092576
843	0.342101047994382
844	0.342167506004292
845	0.342113906635448
846	0.342079139495558
847	0.34208452796388
848	0.342157181670277
849	0.342162683377267
850	0.342110928676434
851	0.342095949914432
852	0.342200354939257
853	0.342173488414565
854	0.342119180765769
855	0.342106799788833
856	0.342135071053457
857	0.342154066959238
858	0.342101760293395
859	0.342167616009398
860	0.342205882849448
861	0.342201087019891
862	0.342130126229125
863	0.342054128655388
864	0.342083582360153
865	0.34213432399108
866	0.342109334973778
867	0.342084013330424
868	0.342076134217208
869	0.342147843296559
870	0.342185260869859
871	0.342118817050528
872	0.342083206544984
873	0.342152592615459
874	0.34215096881939
875	0.342022537329907
876	0.34207516592691
877	0.342109985669654
878	0.34210618072053
879	0.342035859051926
880	0.342033226311526
881	0.342191986073175
882	0.342253098926289
883	0.342199489956388
884	0.342058158020828
885	0.342102811060721
886	0.342237463529168
887	0.342245967307112
888	0.34211190722341
889	0.342113764276235
890	0.342193060090251
891	0.342267572056754
892	0.342195139745345
893	0.3421467968438
894	0.342189946958997
895	0.342183733028803
896	0.34218906506677
897	0.342165039694278
898	0.342189908233714
899	0.342243295836521
900	0.34210763068875
901	0.342058928809916
902	0.342082715575253
903	0.342253028294765
904	0.342128606033607
905	0.342018531966417
906	0.342057895093107
907	0.342182782910987
908	0.342085903321763
909	0.342046139894518
910	0.342134196979683
911	0.34230470247937
912	0.342239073463093
913	0.342062900052843
914	0.342035263693173
915	0.342244637406028
916	0.342212157951877
917	0.342101881325487
918	0.34213908948292
919	0.342243377882169
920	0.342111278554874
921	0.341961036502014
922	0.342060800945276
923	0.342237717696336
924	0.342230047242187
925	0.342119475478205
926	0.342116312200769
927	0.342231410638151
928	0.342345276855123
929	0.342196828484858
930	0.342006426660781
931	0.34194775705189
932	0.342169034027279
933	0.342174940901082
934	0.342143053614136
935	0.342361879618672
936	0.342240560388108
937	0.342135926847225
938	0.342091535974712
939	0.341998396223153
940	0.34218763232865
941	0.342157846143264
942	0.342009842320402
943	0.341952117485348
944	0.342162089095815
945	0.342163043787167
946	0.341955467506501
947	0.342073189251798
948	0.342256224633907
949	0.342058699073035
950	0.341870742090388
951	0.341832909868234
952	0.342017549591063
953	0.342014328868207
954	0.341960483159471
955	0.341994179655388
956	0.342017124112536
957	0.341948743259868
958	0.341930617122362
959	0.341890451562772
960	0.342058842341348
961	0.342157704131854
962	0.342049284181811
963	0.341997463266099
964	0.342031659894312
965	0.342030523145878
966	0.342130176734502
967	0.342232881663192
968	0.342236906710458
969	0.34217752174663
970	0.342138740983682
971	0.341885494242309
972	0.341996575440324
973	0.342330146847805
974	0.342224613728957
975	0.34204177000302
976	0.342104370358868
977	0.342193830817854
978	0.342105061967441
979	0.342189732561766
980	0.342268811037247
981	0.342372925039478
982	0.342396764928169
983	0.342214401548082
984	0.342105177155445
985	0.342440365092716
986	0.342399170324348
987	0.342199219531412
988	0.342253938051115
989	0.342416934085761
990	0.342317693752824
991	0.342246361215347
992	0.342391466219533
993	0.342772614909243
994	0.342425310368489
995	0.34219279180365
996	0.342433679423094
997	0.342497345019909
998	0.342427916823973
999	0.342178217064761
1000	0.342257817860652
1001	0.35387542201117
1002	0.353836107757763
1003	0.353673860229527
1004	0.35367655632728
1005	0.353671817984971
1006	0.353702263824229
1007	0.353822147641606
1008	0.354019789655477
1009	0.354136182759944
1010	0.35416418417597
1011	0.354156597863658
1012	0.353970067946265
1013	0.353963763848955
1014	0.353961523958857
1015	0.353916301768032
1016	0.35386868290163
1017	0.353738815342055
1018	0.353734073666227
1019	0.353656995622006
1020	0.353612070246047
1021	0.353722436141952
1022	0.353751183233866
1023	0.353828389417515
1024	0.353856167977158
1025	0.353885831034804
1026	0.35387362889814
1027	0.353658288084129
1028	0.353608774297035
1029	0.353521293126339
1030	0.353604588613944
1031	0.353587838563705
1032	0.35367300504584
1033	0.353724821164505
1034	0.353631810402842
1035	0.353578143360149
1036	0.353385482733889
1037	0.353401082080681
1038	0.353349071667059
1039	0.353364702993012
1040	0.353502516663682
1041	0.353517043523095
1042	0.353528077798086
1043	0.353489690414622
1044	0.353574445055498
1045	0.353516310003049
1046	0.353536308377796
1047	0.353632243288108
1048	0.353685846894017
1049	0.35379388414173
1050	0.35378377383456
1051	0.353824853687864
1052	0.353882223552959
1053	0.353806181279762
1054	0.353768576539482
1055	0.35380624021204
1056	0.353934489065224
1057	0.353944131905084
1058	0.354044823386159
1059	0.354014718578752
1060	0.3540165732616
1061	0.354005894346931
1062	0.353998241333526
1063	0.353918152590111
1064	0.353841990995068
1065	0.353847517645328
1066	0.353899834659275
1067	0.353925354258635
1068	0.3538286383734
1069	0.353812638171104
1070	0.353845318808772
1071	0.353828126307145
1072	0.353734499476657
1073	0.353716272266518
1074	0.353700781474633
1075	0.35361107580455
1076	0.353581178111257
1077	0.353715751660941
1078	0.353646787374317
1079	0.353647811978931
1080	0.353542685074765
1081	0.353303810635669
1082	0.35327741593645
1083	0.353203475837913
1084	0.353213350408954
1085	0.353240449661826
1086	0.353167267297295
1087	0.353148373328076
1088	0.353146942073415
1089	0.353151829286113
1090	0.353146727939017
1091	0.353127197825015
1092	0.353069239154403
1093	0.352976210097584
1094	0.353000056649194
1095	0.353028372904147
1096	0.352987431342367
1097	0.353015401859024
1098	0.352976444762213
1099	0.353016833422689
1100	0.353006364767587
1101	0.352896456508734
1102	0.352844473470576
1103	0.352800707344457
1104	0.352868752780529
1105	0.35290445835417
1106	0.352882304723928
1107	0.352845848594685
1108	0.35282444018401
1109	0.35278035314625
1110	0.352818304496641
1111	0.352881269109537
1112	0.352896223523454
1113	0.352950993880501
1114	0.352993080728845
1115	0.352979831497532
1116	0.352897700842033
1117	0.352868402498869
1118	0.35289506321016
1119	0.35287040628781
1120	0.352884655305017
1121	0.352980981632566
1122	0.353082758071103
1123	0.353085710983278
1124	0.353146139869352
1125	0.35322107062009
1126	0.353246505514765
1127	0.353267631956898
1128	0.353298663076285
1129	0.35333860636669
1130	0.353356984976272
1131	0.35337395261089
1132	0.353403442582098
1133	0.353437581768621
1134	0.353488586510205
1135	0.353522065810586
1136	0.353559345534933
1137	0.353646353339268
1138	0.353704932010183
1139	0.353737067681986
1140	0.353813500201257
1141	0.35394437645608
1142	0.353981315206537
1143	0.35397419360675
1144	0.353949100954137
1145	0.354023966621386
1146	0.354113187954109
1147	0.354131668386787
1148	0.354213331442505
1149	0.354307759189761
1150	0.354271280464447
1151	0.354283271687114
1152	0.354313558213503
1153	0.354404609234941
1154	0.354443249900517
1155	0.354505664800931
1156	0.35453070268415
1157	0.354609382317036
1158	0.354657849466614
1159	0.35459668576091
1160	0.354618466412983
1161	0.354658004697794
1162	0.354697795137148
1163	0.354734622676079
1164	0.354823957601642
1165	0.354892688281347
1166	0.354899432701648
1167	0.354900327184957
1168	0.35494409112693
1169	0.355049953240786
1170	0.355136247619711
1171	0.355212539109622
1172	0.355240175213749
1173	0.355238234092372
1174	0.355225840095131
1175	0.355239181256
1176	0.355275457710895
1177	0.355296709659421
1178	0.355321772439191
1179	0.35540406040856
1180	0.355471284280739
1181	0.355528917897304
1182	0.355581729690809
1183	0.355622498048432
1184	0.35565996998061
1185	0.355692863632511
1186	0.355698693283192
1187	0.35571703740691
1188	0.355744302942047
1189	0.355761542724922
1190	0.355774107220098
1191	0.355824518471678
1192	0.355875523070523
1193	0.355923964726669
1194	0.355937477494265
1195	0.355995803644089
1196	0.355986283484981
1197	0.355969359768347
1198	0.355988085371885
1199	0.355952848977717
1200	0.355988269988197
1201	0.35595497266501
1202	0.355958899854723
1203	0.356005324664931
1204	0.356048983091838
1205	0.356091117090886
1206	0.35607471940324
1207	0.356125125072894
1208	0.356114040537582
1209	0.356081409273368
1210	0.356068504032544
1211	0.35606376578647
1212	0.356063091623021
1213	0.356086126052976
1214	0.356060093058843
1215	0.356058028924741
1216	0.356019325004589
1217	0.356019936553913
1218	0.356048171212002
1219	0.35606524447026
1220	0.356037142545546
1221	0.356063426314781
1222	0.356029836126554
1223	0.356022738068704
1224	0.356041642178633
1225	0.3560737587063
1226	0.356107227741165
1227	0.356154740513048
1228	0.356163234000384
1229	0.356167068946916
1230	0.35617821155079
1231	0.356187112105112
1232	0.356212045960346
1233	0.356223820698486
1234	0.356262548818611
1235	0.356272745687462
1236	0.356325272542788
1237	0.35638793547572
1238	0.356415545797161
1239	0.356419261180701
1240	0.356460687123119
1241	0.356525664241656
1242	0.356516426285387
1243	0.356507515768933
1244	0.356579616426786
1245	0.356585026112665
1246	0.356593035068939
1247	0.356587320595922
1248	0.356631312706273
1249	0.356653304865238
1250	0.356617245364609
1251	0.35664196630394
1252	0.356684914979532
1253	0.356698544993068
1254	0.356731819100589
1255	0.356773290999551
1256	0.356736235804611
1257	0.356780507371977
1258	0.35685274526401
1259	0.356860859967715
1260	0.356952713813276
1261	0.356974911800014
1262	0.356958280098017
1263	0.356994529615096
1264	0.357062287055572
1265	0.357095440247877
1266	0.357162870010406
1267	0.357171371968455
1268	0.357227782936674
1269	0.357223625681855
1270	0.357257657526762
1271	0.357338924452556
1272	0.357378944360433
1273	0.357389688380693
1274	0.357438569280181
1275	0.357479296385168
1276	0.357537287680028
1277	0.357605930891444
1278	0.35764454615805
1279	0.357625688254448
1280	0.357673432286539
1281	0.35777746404474
1282	0.357834965311023
1283	0.35785310712798
1284	0.357890982996175
1285	0.357897330969765
1286	0.357980107865051
1287	0.358021991504677
1288	0.358058894386457
1289	0.358119535342664
1290	0.358173356937194
1291	0.358180770301345
1292	0.358229129390791
1293	0.358248929707485
1294	0.358232298414863
1295	0.358230467245057
1296	0.358299095951193
1297	0.358260021202884
1298	0.358265770194337
1299	0.358200921500237
1300	0.358151561400091
1301	0.358144866909542
1302	0.358127841807487
1303	0.358117174542904
1304	0.358083494293497
1305	0.358065581348134
1306	0.358024903227609
1307	0.358031446357508
1308	0.358000622687024
1309	0.357958662589877
1310	0.357948387267893
1311	0.357927876536666
1312	0.357898210814082
1313	0.357874463478695
1314	0.357841364146075
1315	0.357768784281765
1316	0.357717038661305
1317	0.357682757066711
1318	0.357646788605097
1319	0.357667774009445
1320	0.35766245118975
1321	0.35761697199519
1322	0.357587494136925
1323	0.35755524439302
1324	0.357526110299226
1325	0.357596821127644
1326	0.357612038735521
1327	0.357616778445755
1328	0.357678403137484
1329	0.357689961638997
1330	0.357730019671629
1331	0.357809573728459
1332	0.357876648925126
1333	0.357888614349926
1334	0.357937337132428
1335	0.358006114400142
1336	0.358041737781202
1337	0.358090741829706
1338	0.358185831555698
1339	0.358290058971798
1340	0.358353221269351
1341	0.358446331151929
1342	0.358570546234408
1343	0.358631375757927
1344	0.35870188285914
1345	0.358800098931672
1346	0.358884926754729
1347	0.358967593652887
1348	0.35908054185736
1349	0.359132485135214
1350	0.359204116473106
1351	0.359276814610774
1352	0.359419449923194
1353	0.359529482239128
1354	0.359610522489299
1355	0.359686531833909
1356	0.359722045371326
1357	0.359815161700416
1358	0.359878579660342
1359	0.359915598559102
1360	0.360012293562149
1361	0.360085022057284
1362	0.360075468043711
1363	0.36012865928619
1364	0.360182958633594
1365	0.360226704440376
1366	0.360236666894479
1367	0.360251680038171
1368	0.360246420895883
1369	0.360187858422477
1370	0.360125056642344
1371	0.360066439885256
1372	0.360000045409098
1373	0.359864351010051
1374	0.359753318779191
1375	0.35957097607927
1376	0.359385927941495
1377	0.359108883032885
1378	0.358869974243199
1379	0.358679305831718
1380	0.358360543158462
1381	0.358032658568218
1382	0.357630818766516
1383	0.357088490225604
1384	0.356514828919453
1385	0.355902580534289
1386	0.355251142701321
1387	0.354541822364945
1388	0.353860469373279
1389	0.353148717683059
1390	0.352474759322262
1391	0.351824294997343
1392	0.351264309944826
1393	0.350869491392523
1394	0.350566941152172
1395	0.350422227116783
1396	0.350449223240985
1397	0.350471816224825
1398	0.350675740371209
1399	0.350844651947225
1400	0.351073739289509
1401	0.35128240917902
1402	0.351554323942282
1403	0.351726893626003
1404	0.351915238509156
1405	0.352099176352195
1406	0.352318172137438
1407	0.352464791447773
1408	0.352618361389267
1409	0.352766462204421
1410	0.35283868523864
1411	0.352988349065326
1412	0.353190895484977
1413	0.353372488206477
1414	0.353594273273508
1415	0.353816362471428
1416	0.354051043040667
1417	0.354293527363144
1418	0.354584731110962
1419	0.354857900365431
1420	0.355143440686713
1421	0.355358024962034
1422	0.355545572884175
1423	0.355794173793478
1424	0.355987089448876
1425	0.356212897145304
1426	0.356441920018657
1427	0.356636092570619
1428	0.356777487721107
1429	0.356965128169994
1430	0.357123254526266
1431	0.357293946783514
1432	0.357444256034637
1433	0.357596227051215
1434	0.357728413964897
1435	0.357861910314582
1436	0.357986258319977
1437	0.358104080071705
1438	0.358220591218689
1439	0.358353516510727
1440	0.358462222291662
1441	0.358575746504436
1442	0.358676635659885
1443	0.358806414573908
1444	0.358878617148207
1445	0.35896119173992
1446	0.35905460411637
1447	0.359095094547013
1448	0.359180599207751
1449	0.359263479031602
1450	0.359341110569363
1451	0.359355323260445
1452	0.359443774587448
1453	0.3595525155639
1454	0.359633142926069
1455	0.359701578206775
1456	0.359803805153599
1457	0.359892975474642
1458	0.359987439681368
1459	0.360051609841531
1460	0.360162185099186
1461	0.360287578932286
1462	0.36031862831861
1463	0.360377319243321
1464	0.360460766402655
1465	0.360522314500231
1466	0.360611577836516
1467	0.36072292478505
1468	0.360792441437246
1469	0.360846184702503
1470	0.360855654689493
1471	0.360909604585438
1472	0.360949238160385
1473	0.361014318231761
1474	0.36113876623659
1475	0.361193346634463
1476	0.361269122435573
1477	0.361343338490875
1478	0.361395706998242
1479	0.361450871340767
1480	0.36151593460055
1481	0.36159339714128
1482	0.361649182512568
1483	0.361696512198027
1484	0.361756918256711
1485	0.361793444847201
1486	0.361818993602072
1487	0.361875266596054
1488	0.361903013191599
1489	0.361970665599632
1490	0.362057461407653
1491	0.362103163252513
1492	0.362135780562552
1493	0.362201401652082
1494	0.362223660711426
1495	0.362278318350367
1496	0.362285930551613
1497	0.362312441464245
1498	0.362315660597477
1499	0.362353559432976
1500	0.362414701563708
1501	0.362452830993962
1502	0.362527424748225
1503	0.362565801080203
1504	0.362585004365068
1505	0.362603556664753
1506	0.362606293850606
1507	0.362604867481237
1508	0.362636084216638
1509	0.362686367533511
1510	0.36272044468627
1511	0.362770977352755
1512	0.362790912406912
1513	0.362804226187105
1514	0.362839139077821
1515	0.362879574311669
1516	0.362915261174966
1517	0.36292960566381
1518	0.362956961078452
1519	0.36293121628171
1520	0.36294601912026
1521	0.362961559496395
1522	0.363048209068113
1523	0.363135701849997
1524	0.363178930925429
1525	0.3631736808968
1526	0.363205349822144
1527	0.363152063224825
1528	0.363139600039255
1529	0.363154477524403
1530	0.36323061673771
1531	0.363277642542017
1532	0.363321581361378
1533	0.363400977885011
1534	0.363400639175339
1535	0.363384098759115
1536	0.363395652797778
1537	0.363455871192511
1538	0.363491478915129
1539	0.363553644186384
1540	0.363601515921872
1541	0.363628375524552
1542	0.363631372850272
1543	0.363633319893373
1544	0.363636334153832
1545	0.363646279174522
1546	0.363640238132823
1547	0.363662583939337
1548	0.363677819606598
1549	0.363745642245718
1550	0.36376106067757
1551	0.363793792626384
1552	0.363809336724269
1553	0.36380454574469
1554	0.363844715334077
1555	0.363890205508425
1556	0.363942984106909
1557	0.363879414908906
1558	0.363919988923855
1559	0.363988721923974
1560	0.364004795406169
1561	0.364052740087389
1562	0.364093880138998
1563	0.364139193094799
1564	0.364168123380011
1565	0.364208928143347
1566	0.364225528090456
1567	0.364250520980066
1568	0.364267243525821
1569	0.364302620094243
1570	0.364310077670537
1571	0.364319489259985
1572	0.364304887235467
1573	0.364319272541508
1574	0.364304616991165
1575	0.364344070507237
1576	0.364399488140353
1577	0.364421146388487
1578	0.364441734186922
1579	0.364463476117669
1580	0.364506641401536
1581	0.364571386590243
1582	0.364601984148119
1583	0.364607122007849
1584	0.364628265387472
1585	0.364647138641156
1586	0.364694446453151
1587	0.364722840307603
1588	0.364773856798006
1589	0.364803920895174
1590	0.364842189187561
1591	0.364883772280726
1592	0.364945272263878
1593	0.364961799027807
1594	0.365023691328873
1595	0.365011667188881
1596	0.365060622791441
1597	0.365096350901044
1598	0.365142173743294
1599	0.365172432763404
1600	0.365218558328866
1601	0.365193344097897
1602	0.365179545514304
1603	0.365186172552404
1604	0.365249697224128
1605	0.365265635843092
1606	0.365316025170612
1607	0.365296237474634
1608	0.365309662897955
1609	0.365342058029965
1610	0.365382936542695
1611	0.365457175363705
1612	0.365498467579902
1613	0.365444479066629
1614	0.365472140606187
1615	0.365491048085978
1616	0.365518915059405
1617	0.365610193657756
1618	0.365666205624028
1619	0.365723876515345
1620	0.365742214139577
1621	0.365748499827384
1622	0.365805294138518
1623	0.365839958008513
1624	0.365869026435863
1625	0.36592423738717
1626	0.365953602151179
1627	0.365976536836314
1628	0.3659531272288
1629	0.365972413780533
1630	0.365973604743901
1631	0.36597087292027
1632	0.36595774948975
1633	0.365966957470812
1634	0.36601127612795
1635	0.366035220970366
1636	0.366069313350928
1637	0.366057700640639
1638	0.366106508153792
1639	0.366104569893474
1640	0.366153706650806
1641	0.366229783404787
1642	0.366283395745355
1643	0.366334868313955
1644	0.366374274378837
1645	0.366360321987811
1646	0.36637037719702
1647	0.366438549520351
1648	0.366515124495223
1649	0.366592635762869
1650	0.36664410440012
1651	0.366721893955941
1652	0.36673705645311
1653	0.366744632256862
1654	0.366790139326648
1655	0.366788596361206
1656	0.366838613160821
1657	0.366896871851006
1658	0.366982226709696
1659	0.367088569381331
1660	0.367205790137628
1661	0.36733195531517
1662	0.367477322385518
1663	0.36757398124906
1664	0.367631767143391
1665	0.367639487545406
1666	0.367709088449351
1667	0.367763373899415
1668	0.367872184322328
1669	0.367997617961711
1670	0.368087292264033
1671	0.368183384318064
1672	0.368296811162952
1673	0.368424413867995
1674	0.36852293206255
1675	0.368637401082201
1676	0.368780645404891
1677	0.368898298191159
1678	0.369026637995273
1679	0.369155107009983
1680	0.369300966111587
1681	0.369464478032366
1682	0.36961663995163
1683	0.369837635886451
1684	0.370024593491082
1685	0.370221726533489
1686	0.370377498891348
1687	0.370487433980818
1688	0.370661418812279
1689	0.370841752007193
1690	0.370989105834075
1691	0.371194844558224
1692	0.371355714979609
1693	0.37147725931788
1694	0.371651495471909
1695	0.371757448626282
1696	0.371881904484425
1697	0.372010322845832
1698	0.372101573150334
1699	0.372162193346615
1700	0.372266111133804
1701	0.372383555053517
1702	0.372453674324153
1703	0.372561001125449
1704	0.37263181104704
1705	0.372667737199486
1706	0.372701152860999
1707	0.37276370542047
1708	0.372842327213824
1709	0.372971498552867
1710	0.373120735657533
1711	0.373254172712288
1712	0.373354580474153
1713	0.373468236407508
1714	0.373483001794302
1715	0.373500227401494
1716	0.373508456989218
1717	0.373584216329759
1718	0.373609213259053
1719	0.373630446128997
1720	0.373597180658086
1721	0.373514756465397
1722	0.373431456907961
1723	0.373386766551879
1724	0.373386766744266
1725	0.373282538794373
1726	0.373199449447275
1727	0.37310905160258
1728	0.372913309015646
1729	0.372831976514785
1730	0.372718228578769
1731	0.372581047569125
1732	0.372512965508409
1733	0.372381198014563
1734	0.372277855864877
1735	0.372207171437268
1736	0.372120974204245
1737	0.371980327722157
1738	0.371887186397421
1739	0.371691290124739
1740	0.371635586226185
1741	0.371545835579867
1742	0.371532359642664
1743	0.371463910028686
1744	0.371402832716191
1745	0.371369228610377
1746	0.37124681338209
1747	0.371124739147874
1748	0.371015326924999
1749	0.37094497904493
1750	0.371000175416829
1751	0.370937849327035
1752	0.370853516300083
1753	0.370809991640512
1754	0.370722953513684
1755	0.370725614481128
1756	0.370702546518781
1757	0.370684853992304
1758	0.37062430064815
1759	0.370507796579499
1760	0.370414022489569
1761	0.370344607633281
1762	0.370277145833084
1763	0.370176138930991
1764	0.37007658048238
1765	0.369988649930521
1766	0.369899637925283
1767	0.369828400669712
1768	0.369741855229512
1769	0.369580177834895
1770	0.369469746346272
1771	0.369351138930652
1772	0.369186725226972
1773	0.369097260951915
1774	0.369011421253378
1775	0.368873055031438
1776	0.368805175995374
1777	0.368769837297197
1778	0.368710175881412
1779	0.368718176512076
1780	0.368707467808579
1781	0.368689278908676
1782	0.368613484340613
1783	0.368574881511092
1784	0.368548114674333
1785	0.368486696541635
1786	0.368503512637409
1787	0.368571684905329
1788	0.368564755326334
1789	0.368536720127107
1790	0.368513886113886
1791	0.368497083330659
1792	0.368450873094233
1793	0.36840431869294
1794	0.368442333232125
1795	0.368454951398217
1796	0.368480012403735
1797	0.368530766744687
1798	0.368576701751744
1799	0.368584364711163
1800	0.368610295318794
1801	0.368731537437458
1802	0.368665741672257
1803	0.368680288480723
1804	0.36864625013186
1805	0.368631056969245
1806	0.368561292731469
1807	0.368589389745953
1808	0.368617438289383
1809	0.368651171782612
1810	0.368778245106998
1811	0.368848328294163
1812	0.368808649269279
1813	0.368696541530093
1814	0.368633237782335
1815	0.368738224370942
1816	0.368876549572748
1817	0.368844993916494
1818	0.368835559604608
1819	0.368865327613011
1820	0.368834064064635
1821	0.368897115687745
1822	0.3688395429672
1823	0.368852539440229
1824	0.368815856720573
1825	0.368917054583391
1826	0.368928477328872
1827	0.368936306271791
1828	0.369004781510482
1829	0.369019406740344
1830	0.369010456528683
1831	0.371795154265906
1832	0.371823548917579
1833	0.371811685360918
1834	0.37181781882041
1835	0.371724016139284
1836	0.371663077738425
1837	0.371616926954582
1838	0.371552949869161
1839	0.371394481937558
1840	0.371376845537622
1841	0.371515217621373
1842	0.371612216083008
1843	0.371840018775428
1844	0.372037391923225
1845	0.372156232435631
1846	0.372294854405337
1847	0.37236069030172
1848	0.372354917821378
1849	0.372270019076054
1850	0.372233009607629
1851	0.372177910927814
1852	0.372153258747144
1853	0.37214352969995
1854	0.372099802117244
1855	0.372125110640331
1856	0.372085525844275
1857	0.371944790489207
1858	0.371883430118004
1859	0.371966079144031
1860	0.371978045376819
1861	0.371849475161815
1862	0.371834570719105
1863	0.371781503364089
1864	0.371617148898957
1865	0.37154839699371
1866	0.371739133138564
1867	0.371713989455176
1868	0.37153719384183
1869	0.371543364357323
1870	0.371482745595637
1871	0.371304415139894
1872	0.371234666379535
1873	0.371282492937609
1874	0.371256961300119
1875	0.371413966874582
1876	0.371427334025955
1877	0.371361325121909
1878	0.371317010382155
1879	0.371275499228765
1880	0.371016636718135
1881	0.37088561053153
1882	0.370716138801834
1883	0.37061911449902
1884	0.370558324951009
1885	0.370460707875909
1886	0.370404115915457
1887	0.370253726115564
1888	0.370077439357625
1889	0.369784079133795
1890	0.369568283820821
1891	0.369363435853449
1892	0.369170822794721
1893	0.369001947371191
1894	0.368854692155963
1895	0.368766480629977
1896	0.368611644885365
1897	0.368546335421
1898	0.368376570218305
1899	0.368188877957823
1900	0.367969417492566
1901	0.367768111855734
1902	0.367534682214674
1903	0.367316933396867
1904	0.367141250951583
1905	0.366929368748689
1906	0.366691085406133
1907	0.36658207120762
1908	0.366455559092126
1909	0.366284771603808
1910	0.366199793873192
1911	0.366254879474024
1912	0.366243493835384
1913	0.366181859586666
1914	0.366143837814425
1915	0.366083062181628
1916	0.366077760837377
1917	0.366102181699245
1918	0.366158669509225
1919	0.366105059642175
1920	0.366064087106944
1921	0.365973332345037
1922	0.365793639915331
1923	0.365714075646664
1924	0.365719660882321
1925	0.365680400222203
1926	0.365683602709975
1927	0.365663035510455
1928	0.365650373221202
1929	0.365631846674921
1930	0.365688355296322
1931	0.3658475285628
1932	0.365943544361988
1933	0.366145836771477
1934	0.366193853427896
1935	0.366162205457975
1936	0.36614136539511
1937	0.366053352921153
1938	0.366022039677219
1939	0.365990786309886
1940	0.366036553184735
1941	0.366058271625468
1942	0.366037157539659
1943	0.366082823171155
1944	0.366129812831451
1945	0.366178204727135
1946	0.366243498697093
1947	0.366244690878385
1948	0.366202268756392
1949	0.366189616442713
1950	0.366183135350325
1951	0.36614454994088
1952	0.366166845369457
1953	0.366241998896446
1954	0.366250869904469
1955	0.366347386188644
1956	0.366356183329404
1957	0.366304543769937
1958	0.366263724656256
1959	0.366275229021325
1960	0.366247089570819
1961	0.366237799269419
1962	0.366209251523192
1963	0.366298948678049
1964	0.366462904361154
1965	0.366482935992244
1966	0.366515087570982
1967	0.366572161035455
1968	0.366611574726045
1969	0.366627740729618
1970	0.366657013783024
1971	0.366749314583935
1972	0.366799830594409
1973	0.366711957614105
1974	0.366690053043879
1975	0.366753967320609
1976	0.366789322870647
1977	0.36684769746085
1978	0.36692231103464
1979	0.367011343625177
1980	0.367111900383177
1981	0.367181733221042
1982	0.367262948940519
1983	0.367392480928285
1984	0.367517327655749
1985	0.3676288910118
1986	0.367716635061014
1987	0.367838986385457
1988	0.367955417719882
1989	0.368002176707363
1990	0.367975646242235
1991	0.36803608467528
1992	0.368030609506671
1993	0.368090980553925
1994	0.368291552359697
1995	0.368561475269967
1996	0.368805438507553
1997	0.369146192956389
1998	0.369346965456996
1999	0.369403310650603
2000	0.369535887397158
2001	0.369567105660181
2002	0.369678569664709
2003	0.36978220743897
2004	0.36994213921917
2005	0.370140452356938
2006	0.370437424188704
2007	0.37058697583038
2008	0.370628218602508
2009	0.370767349925017
2010	0.370859500911452
2011	0.371046873504194
2012	0.37127557343394
2013	0.371522364320337
2014	0.371713141458425
2015	0.372031135408107
2016	0.37225946494809
2017	0.372407639186616
2018	0.372555879335453
2019	0.372544768889879
2020	0.37270490213462
2021	0.372964466576296
2022	0.373139996327578
2023	0.373275744862906
2024	0.373496511781884
2025	0.373702663050913
2026	0.373954420588381
2027	0.374189466564038
2028	0.374532962131636
2029	0.374765994409933
2030	0.374839891248917
2031	0.375034645192231
2032	0.3753264453195
2033	0.375488304637292
2034	0.375735993418095
2035	0.375845822547506
2036	0.375768618337327
2037	0.375848509182797
2038	0.375949756571255
2039	0.376090411649063
2040	0.376211957400772
2041	0.376371495087819
2042	0.376489995471993
2043	0.376554255519708
2044	0.376688660436041
2045	0.376931634827802
2046	0.376986886430689
2047	0.376954234473154
2048	0.377009622556513
2049	0.377071339953035
2050	0.377138495837848
2051	0.377277447494996
2052	0.377339582667906
2053	0.377380019155836
2054	0.377456705954141
2055	0.37745062036419
2056	0.377396998981179
2057	0.377495505781167
2058	0.377625997325382
2059	0.377655327760245
2060	0.377775752429092
2061	0.377878720743393
2062	0.377806811911956
2063	0.37782471806011
2064	0.377841589678588
2065	0.378024172550349
2066	0.378147138211532
2067	0.378190076208084
2068	0.378286424454221
2069	0.378358731090253
2070	0.378381362905269
2071	0.378452268001499
2072	0.378479348188244
2073	0.378505511505912
2074	0.378583433880965
2075	0.378676423822267
2076	0.378727593053908
2077	0.378833626201491
2078	0.378925116176515
2079	0.378999004998126
2080	0.379008479288364
2081	0.379131995302832
2082	0.379174323475436
2083	0.379053414507658
2084	0.379055046510227
2085	0.37906350526546
2086	0.379022336972917
2087	0.379026425025129
2088	0.379059975012481
2089	0.379108000773786
2090	0.379135011399505
2091	0.379210710065996
2092	0.379328141566617
2093	0.379474580474828
2094	0.379561034657079
2095	0.379633852164509
2096	0.379697483567315
2097	0.379707346702221
2098	0.379634496876093
2099	0.379579841482062
2100	0.379525766032492
2101	0.379339594742151
2102	0.379431026737976
2103	0.379734161332332
2104	0.379798583316719
2105	0.379946308012889
2106	0.379998929887826
2107	0.379929556534814
2108	0.379602807788592
2109	0.379563615853571
2110	0.379686832199546
2111	0.379746198057458
2112	0.379875128913246
2113	0.379961112739488
2114	0.37984685812986
2115	0.37984660519244
2116	0.37985676713636
2117	0.37981080456601
2118	0.379798100544694
2119	0.37975652355514
2120	0.37953269630803
2121	0.379444480721885
2122	0.379422504556113
2123	0.379310150949835
2124	0.379217441840061
2125	0.379060438174007
2126	0.378751136568733
2127	0.378582977420843
2128	0.37838368385693
2129	0.378069597619121
2130	0.377959609060537
2131	0.377776537974169
2132	0.377454086797371
2133	0.37700563840444
2134	0.37660820551365
2135	0.376035911418004
2136	0.375644253131176
2137	0.375407436064342
2138	0.375166719627555
2139	0.374789089995782
2140	0.374568826056719
2141	0.374274249667802
2142	0.37387266750316
2143	0.373422388457015
2144	0.372940601247377
2145	0.372379329496453
2146	0.371969360868695
2147	0.37148563113505
2148	0.371003530613285
2149	0.370569432550911
2150	0.370067599113816
2151	0.369609656102891
2152	0.369330365207694
2153	0.368861318347525
2154	0.368299700333506
2155	0.36775894444962
2156	0.367211926218968
2157	0.366490523373998
2158	0.365724082264703
2159	0.365045665296845
2160	0.364244582773852
2161	0.36357722776174
2162	0.362827003184346
2163	0.361920162699267
2164	0.361206811360745
2165	0.360447811698978
2166	0.35976298707463
2167	0.359233134427523
2168	0.358677082554564
2169	0.358008588913175
2170	0.357546085012464
2171	0.357158030962248
2172	0.356894503984246
2173	0.356795383686396
2174	0.356689339986468
2175	0.356532386125262
2176	0.356557101282312
2177	0.356573727369444
2178	0.356403481177383
2179	0.356418956226763
2180	0.356400624548077
2181	0.356143616756521
2182	0.356065158715799
2183	0.35588998240687
2184	0.355489450861546
2185	0.355230272748293
2186	0.355192782880186
2187	0.354938491923579
2188	0.35470405296005
2189	0.354477805677785
2190	0.354223115444094
2191	0.353808818509582
2192	0.353495192856277
2193	0.353248054886806
2194	0.352796512272304
2195	0.352438808693501
2196	0.352195438863748
2197	0.351590455706315
2198	0.351046876321937
2199	0.350567370624977
2200	0.350060501112978
2201	0.349719746959716
2202	0.349292783311872
2203	0.34886844709664
2204	0.348524620438681
2205	0.348255127157072
2206	0.347943195938883
2207	0.347706439513743
2208	0.347491593723147
2209	0.347221265774506
2210	0.346972164238642
2211	0.346819086326948
2212	0.346742018617933
2213	0.346646722769353
2214	0.346890884864815
2215	0.347087462901737
2216	0.347369847273091
2217	0.347732006951026
2218	0.347862849895306
2219	0.34809404848067
2220	0.34838822840061
2221	0.348685432075429
2222	0.34904462083942
2223	0.349338111753397
2224	0.349579583786664
2225	0.350001159377723
2226	0.350476672267296
2227	0.350877576220062
2228	0.351405981810572
2229	0.351828155081449
2230	0.351997669811964
2231	0.352451355109419
2232	0.353059108918022
2233	0.353592977433341
2234	0.354303906278234
2235	0.354979343691774
2236	0.355456327734853
2237	0.35587059686921
2238	0.356257373166502
2239	0.356679685208311
2240	0.357185099166876
2241	0.357761760938064
2242	0.358312139362478
2243	0.358856336411204
2244	0.359435313506272
2245	0.359917264525464
2246	0.360598638344656
2247	0.361373549359626
2248	0.362097466759178
2249	0.362868660089492
2250	0.363554991689183
2251	0.364156120307569
2252	0.364835522144781
2253	0.365596696186209
2254	0.36632383773341
2255	0.367025373012791
2256	0.367790999341841
2257	0.368617421559917
2258	0.369300204176078
2259	0.370111850631331
2260	0.370779086408712
2261	0.371306552845599
2262	0.372122400611161
2263	0.372813888074729
2264	0.373391430782356
2265	0.374039226324259
2266	0.374475972913196
2267	0.374820912520728
2268	0.375250921254082
2269	0.375520430125187
2270	0.375619039133718
2271	0.375909330719823
2272	0.376421707502819
2273	0.376625194048793
2274	0.37671505261906
2275	0.376932489986715
2276	0.376976074012132
2277	0.377158506365987
2278	0.37747319682512
2279	0.377701660776463
2280	0.37791071209844
2281	0.37807516631031
2282	0.378241636324462
2283	0.378479317904918
2284	0.378462483220116
2285	0.378415334189402
2286	0.378692395183747
2287	0.378948617356739
2288	0.379160208922825
2289	0.379558246753144
2290	0.379855701182476
2291	0.379944826280284
2292	0.380175383067899
2293	0.380498396248699
2294	0.380704206807082
2295	0.381006127186572
2296	0.381219814140624
2297	0.381476705130156
2298	0.381799315263159
2299	0.38220537785986
2300	0.382273384094965
2301	0.382234767445147
2302	0.382422783031541
2303	0.382522119910034
2304	0.382489518425505
2305	0.38248061086433
2306	0.382527296335164
2307	0.382151609078857
2308	0.381955300478695
2309	0.382165494890738
2310	0.382103669391065
2311	0.381892322907546
2312	0.38146461629694
2313	0.381022172278169
2314	0.380445188930086
2315	0.379724420570455
2316	0.379291440168847
2317	0.378859931140239
2318	0.378158654485053
2319	0.377673346164744
2320	0.377302358553913
2321	0.376912872569517
2322	0.376758255446813
2323	0.376854096835951
2324	0.376930412507327
2325	0.376771491622014
2326	0.376470672765921
2327	0.376396694468163
2328	0.376227153217172
2329	0.376202935486208
2330	0.376537557187863
2331	0.3766026747554
2332	0.376357570898037
2333	0.376437109851839
2334	0.376657878444276
2335	0.376821377724644
2336	0.377239024960542
2337	0.377354205428805
2338	0.37731806495786
2339	0.377390037692283
2340	0.377337088203912
2341	0.377363586635681
2342	0.377649599643861
2343	0.377693009001699
2344	0.37743599071667
2345	0.377244261342975
2346	0.376999281315615
2347	0.376571394810985
2348	0.376313223112084
2349	0.376405167780458
2350	0.376572522455164
2351	0.376548378750105
2352	0.376132482767927
2353	0.375641557130264
2354	0.375220385524701
2355	0.374700578588407
2356	0.374343618335867
2357	0.374004341189939
2358	0.373598644949473
2359	0.373131518808191
2360	0.372313427288327
2361	0.371678099940838
2362	0.371065001817436
2363	0.370258035560486
2364	0.369841417708012
2365	0.369868299826623
2366	0.369579857001633
2367	0.369154326295555
2368	0.368678361457059
2369	0.368079122018371
2370	0.367644771599755
2371	0.367177689159333
2372	0.366849458071265
2373	0.366708297346614
2374	0.366277536306585
2375	0.365587096338947
2376	0.364977163769596
2377	0.364146563604601
2378	0.363405033304598
2379	0.362674820030574
2380	0.361965327629361
2381	0.361246472847258
2382	0.360617351742015
2383	0.360191345511166
2384	0.359679248877493
2385	0.359013998294526
2386	0.358571853593982
2387	0.358273887354908
2388	0.357801286704348
2389	0.357083225568754
2390	0.356725366967751
2391	0.356363941080608
2392	0.35599278996093
2393	0.356230199891323
2394	0.355798539067862
2395	0.35457235271498
2396	0.353809758425244
2397	0.352842898613328
2398	0.352336616677354
2399	0.352465320517788
2400	0.352231055855671
2401	0.352025424600886
2402	0.351914134101292
2403	0.351291340988652
2404	0.350667004502714
2405	0.350482405347101
2406	0.349917620541279
2407	0.34913863200413
2408	0.348711223176257
2409	0.348343912502543
2410	0.347739493189302
2411	0.347226592719263
2412	0.347076920987795
2413	0.346693610865179
2414	0.346195965195238
2415	0.346455934364666
2416	0.346405115286658
2417	0.34608717082986
2418	0.346230307813955
2419	0.345999179695738
2420	0.345632270234208
2421	0.345565701100906
2422	0.345612918859964
2423	0.345949731191753
2424	0.345888784135667
2425	0.345713990439375
2426	0.345394809595216
2427	0.345119986589865
2428	0.344283417214469
2429	0.344061342966362
2430	0.34415661174082
2431	0.344125665670496
2432	0.344119438877143
2433	0.344087888506888
2434	0.34378008889763
2435	0.343783407948885
2436	0.343911503681789
2437	0.344051662875091
2438	0.344387117231112
2439	0.344461923439332
2440	0.344365539294724
2441	0.344229961466114
2442	0.344180299361404
2443	0.34400897946166
2444	0.3437490556845
2445	0.343572318476982
2446	0.343347996346495
2447	0.342909100593112
2448	0.342378991617897
2449	0.34232889407778
2450	0.342791565648472
2451	0.342483501426552
2452	0.342150869956872
2453	0.341985334166223
2454	0.341234748407356
2455	0.340677144847218
2456	0.340703970613637
2457	0.340327505457786
2458	0.339518085244182
2459	0.339168884367861
2460	0.339416673070667
2461	0.339298957515454
2462	0.339326302369945
2463	0.339047745061883
2464	0.338577090744368
2465	0.338208799150124
2466	0.337926845731405
2467	0.33759147414897
2468	0.337559643277557
2469	0.337258483011883
2470	0.33666379901774
2471	0.336648868685235
2472	0.337159503708101
2473	0.336760176475485
2474	0.336412096171759
2475	0.336221140465684
2476	0.335639817266028
2477	0.334807255936327
2478	0.333825875035286
2479	0.333278833509513
2480	0.332336374426435
2481	0.331664467689677
2482	0.331953149086197
2483	0.331547123110683
2484	0.330602562384272
2485	0.33006453360072
2486	0.330119570924201
2487	0.3298641493719
2488	0.329668345209431
2489	0.32955291283497
2490	0.329543434486572
2491	0.329085755953582
2492	0.328838198179691
2493	0.328285757879037
2494	0.327142910614719
2495	0.326646667389701
2496	0.325982827282157
2497	0.325743463905407
2498	0.325426519739037
2499	0.325546706999381
2500	0.325888243292378
