350	0.250912604146435
351	0.226754216188059
352	0.264631140089387
353	0.257038550097259
354	0.233178310706967
355	0.224931780766311
356	0.267975839148302
357	0.280468719045921
358	0.241206934095794
359	0.209474181453161
360	0.24036614688058
361	0.266101065973993
362	0.254696329220551
363	0.22970422105737
364	0.237777636525435
365	0.247502045046704
366	0.239150317642115
367	0.222720021858538
368	0.228051301360915
369	0.249125102266625
370	0.244523659043081
371	0.221849460621847
372	0.224224680182587
373	0.231835064931088
374	0.236811789094558
375	0.224200248463695
376	0.214217131401187
377	0.228930299791754
378	0.239318101749762
379	0.221994843304365
380	0.21284990582581
381	0.223113547897653
382	0.224701271344419
383	0.216602316602317
384	0.214441306439542
385	0.217552272297402
386	0.227025283864827
387	0.221195274708178
388	0.208692200439622
389	0.211049578160526
390	0.223295293995865
391	0.219438709531048
392	0.210809227946413
393	0.208666216226605
394	0.213410320364326
395	0.211332103232609
396	0.210790776348847
397	0.212601825041151
398	0.217396883526956
399	0.220792514950879
400	0.216868845073999
401	0.212577245920442
402	0.216744915890969
403	0.218781003865737
404	0.21400455336255
405	0.21103874092688
406	0.212496404069756
407	0.218914776605747
408	0.215459623358647
409	0.207894777145176
410	0.209547875734923
411	0.215981779202161
412	0.213838161215714
413	0.209508705655655
414	0.209966597573373
415	0.211902441488366
416	0.212581511996507
417	0.210024727657014
418	0.20697555159968
419	0.210929339111194
420	0.212524377861416
421	0.208925037307632
422	0.207036305007076
423	0.20967330975954
424	0.211595210782186
425	0.209067828628656
426	0.207188225483323
427	0.207873084461867
428	0.208537266222774
429	0.208546634613216
430	0.207498408837747
431	0.20701045340017
432	0.207942834205939
433	0.20865652402261
434	0.206749446966814
435	0.206623961460874
436	0.208362835886569
437	0.209112450730421
438	0.208446133901928
439	0.207431722715421
440	0.207484768857015
441	0.208973389995251
442	0.208612959183794
443	0.207894846054588
444	0.208520962638845
445	0.209932706343534
446	0.209686793633112
447	0.208896261740605
448	0.20877108534003
449	0.210219674195679
450	0.210754698528906
451	0.210161966030024
452	0.209286374257196
453	0.210519710892847
454	0.211410901760288
455	0.210427110063419
456	0.209902144230319
457	0.210726401139576
458	0.21158614161031
459	0.211155838437076
460	0.210271942110068
461	0.210840458987709
462	0.211899478548738
463	0.212122797671574
464	0.211198992391463
465	0.211493409798976
466	0.212428016535987
467	0.212724208337948
468	0.211746952190035
469	0.211382449992361
470	0.212112214151295
471	0.212758538299391
472	0.212559105919927
473	0.212326676750213
474	0.212425589293537
475	0.213333451106999
476	0.213246467204934
477	0.21252242938719
478	0.212477118437985
479	0.213457364684626
480	0.214193493660622
481	0.213792263002639
482	0.213769601264263
483	0.214133069355024
484	0.214811087402611
485	0.214392485743423
486	0.214018254286322
487	0.214808278953652
488	0.215825962136093
489	0.215572359864764
490	0.215392637754343
491	0.215486615791636
492	0.216655484881648
493	0.216925737631213
494	0.216760348496787
495	0.216913979885951
496	0.217704761632131
497	0.218063685764256
498	0.218100723819297
499	0.218004472979042
500	0.21893936630431
501	0.219476495995417
502	0.219737474096434
503	0.219689018726957
504	0.220095710318153
505	0.220716361503607
506	0.221481627860414
507	0.221467937062765
508	0.221609032372529
509	0.222435762613632
510	0.223118768359272
511	0.222982724966916
512	0.223396204172058
513	0.224049568364
514	0.22491810814329
515	0.224718291169498
516	0.224646620072866
517	0.225241119174127
518	0.225972123579545
519	0.226303278951407
520	0.226290919592797
521	0.226411125817347
522	0.227521222141837
523	0.2279242733018
524	0.228024892170781
525	0.228542083908794
526	0.229200930353047
527	0.22970103306494
528	0.229862655212813
529	0.22999916445791
530	0.230681208487848
531	0.231211466558844
532	0.23157512307037
533	0.2319190610813
534	0.232419005785298
535	0.232954875114614
536	0.233509522478078
537	0.233861568934815
538	0.234191785186872
539	0.234668869306632
540	0.235298512625389
541	0.235340504960345
542	0.235604560848838
543	0.236198595986737
544	0.23688290814646
545	0.237339980135038
546	0.237496894370939
547	0.237848936408144
548	0.238615275789115
549	0.23930357513428
550	0.239535542847845
551	0.239775092895749
552	0.240413671665653
553	0.241061282393537
554	0.241642040521411
555	0.241909946421818
556	0.242493656960646
557	0.243102264955449
558	0.243427196231063
559	0.243820554990171
560	0.244395733640212
561	0.245099461571825
562	0.2454635137368
563	0.245776378461519
564	0.246330735459551
565	0.24696514602584
566	0.247639791480142
567	0.248030755607971
568	0.248298663490711
569	0.248822123924641
570	0.249461101739978
571	0.249953746621349
572	0.250231780294499
573	0.250705242661998
574	0.251302003678223
575	0.251714019773756
576	0.251913423322563
577	0.252338532573788
578	0.25289978082903
579	0.253300287186395
580	0.253488467308764
581	0.253888195106032
582	0.254357192069278
583	0.254923816998476
584	0.255207138461504
585	0.25562011709483
586	0.256018536341371
587	0.256523381193693
588	0.256739013143501
589	0.256880875466193
590	0.257227777826971
591	0.257716567274739
592	0.258084146102637
593	0.258316971212355
594	0.25856089674412
595	0.259044969421273
596	0.2594719294549
597	0.25976434189834
598	0.2599092445803
599	0.260287789050939
600	0.260664763533831
601	0.260953072362983
602	0.261172811027259
603	0.261479366175128
604	0.261900902056051
605	0.262243558726534
606	0.262472473733489
607	0.26265727336162
608	0.263013055968083
609	0.263462310389707
610	0.263646533452099
611	0.263810962466378
612	0.264128892086426
613	0.264564089684498
614	0.264857461762786
615	0.265029212256152
616	0.265259225482919
617	0.26574099909765
618	0.266139628962409
619	0.266269805136286
620	0.266386985785817
621	0.266735404910442
622	0.267162429038415
623	0.267439587256179
624	0.26767421716364
625	0.267979219495944
626	0.26844329875258
627	0.268711732850573
628	0.26887756372576
629	0.269164224220292
630	0.269460152568491
631	0.269871990912728
632	0.270101099775873
633	0.270298825013346
634	0.270630830949994
635	0.270953029007921
636	0.271184775451863
637	0.271332160579077
638	0.271603688656332
639	0.27200829458865
640	0.272273153128818
641	0.27233425268773
642	0.27267582908458
643	0.273010711030922
644	0.27334031774334
645	0.273474696912439
646	0.273538656407379
647	0.273808669501123
648	0.274168483140584
649	0.274347572057601
650	0.274411354261851
651	0.274629148050926
652	0.275061525149714
653	0.275212874568424
654	0.275256266773256
655	0.275479232186197
656	0.275815705178601
657	0.276016626243051
658	0.276049817547188
659	0.276144005424866
660	0.276522037079515
661	0.276770317456388
662	0.276916299900308
663	0.277145184886598
664	0.277356947666449
665	0.277602591360088
666	0.2778265396588
667	0.277855133168454
668	0.278101240802324
669	0.278451252102551
670	0.278673194928018
671	0.278805618753163
672	0.279011276260321
673	0.279311127971243
674	0.279639544487762
675	0.279779559860836
676	0.279944693976107
677	0.280238460457229
678	0.280558562814366
679	0.28078108018927
680	0.280930226281173
681	0.281067482940315
682	0.281384757861077
683	0.281683388658247
684	0.281808250151107
685	0.281970459547364
686	0.282337369405633
687	0.282635906209673
688	0.282755327828809
689	0.282888658251378
690	0.28311129977991
691	0.283368734566063
692	0.283578663155486
693	0.283782986092294
694	0.284210388758411
695	0.284865261663621
696	0.285602741959993
697	0.285941005061725
698	0.285869938231646
699	0.285604918163652
700	0.28554304391743
701	0.285655786631366
702	0.285831075372171
703	0.286104062231359
704	0.286344437945116
705	0.286527168360785
706	0.286772125058982
707	0.287075479695376
708	0.287318307047702
709	0.287512516944094
710	0.287647365078104
711	0.287851062372742
712	0.288115092667028
713	0.288384834120386
714	0.28859801498017
715	0.288770285289706
716	0.289007119061591
717	0.289369078815906
718	0.289554529437573
719	0.289635010943085
720	0.289766585764104
721	0.290004975565109
722	0.290171474986744
723	0.29035280007889
724	0.290530505648831
725	0.290784391633873
726	0.290982765953885
727	0.291140714982163
728	0.29130551115827
729	0.291546754573856
730	0.291822251565256
731	0.291963805364534
732	0.292058305944811
733	0.292293839098835
734	0.292508294262184
735	0.292661223150001
736	0.292765584651661
737	0.293033587281797
738	0.293274430881796
739	0.29345171436185
740	0.293544498431426
741	0.293727738333304
742	0.294008047316185
743	0.294208097417487
744	0.294357756002618
745	0.294526965379586
746	0.294720699062141
747	0.294916223462141
748	0.295054685060325
749	0.295197810611811
750	0.295355065349527
751	0.295570939633575
752	0.295739883362204
753	0.295829453376024
754	0.295957567774091
755	0.296223863334531
756	0.296434031010507
757	0.296520859445042
758	0.296588676536995
759	0.296794457998021
760	0.297000483256858
761	0.297068343872118
762	0.297077520719056
763	0.297183716874536
764	0.297360038268019
765	0.297498464847256
766	0.297584998291778
767	0.297778777245911
768	0.298062967044203
769	0.298284894272331
770	0.298463753904652
771	0.29862686247667
772	0.29887176352556
773	0.299025610042422
774	0.299104185968659
775	0.299214093626027
776	0.299375373246661
777	0.299560400315728
778	0.299680990164819
779	0.299773699462167
780	0.299943725379854
781	0.300132065929952
782	0.300259548963706
783	0.300318615541787
784	0.30044638136366
785	0.300655228152141
786	0.300811922329368
787	0.300899607755409
788	0.300958249903601
789	0.301165180816742
790	0.301342763654916
791	0.301368679639606
792	0.301507440116933
793	0.30171612778851
794	0.301914905252897
795	0.301986395231957
796	0.302078542476203
797	0.302249129203861
798	0.302440830772582
799	0.302528362255621
800	0.30258839142727
801	0.30275229918621
802	0.302948219468387
803	0.303056048715117
804	0.303165013229667
805	0.303264190666863
806	0.303439100413366
807	0.303632247350935
808	0.303725951317138
809	0.303841343603422
810	0.304084860463514
811	0.304267550422667
812	0.304342735224445
813	0.304400858645332
814	0.304573714980124
815	0.304788296559164
816	0.3049276993648
817	0.304966596971781
818	0.305091824387367
819	0.305280782393459
820	0.305417526121673
821	0.305471935579691
822	0.305583727352965
823	0.30576469447526
824	0.305983513275813
825	0.30611145513807
826	0.306165846776024
827	0.306319492753283
828	0.306501669803102
829	0.306598159989344
830	0.306677571468955
831	0.306797700800792
832	0.306944457946933
833	0.307016576703751
834	0.307119804652791
835	0.307225904374386
836	0.307386531405787
837	0.307506693271281
838	0.307573270917019
839	0.307658915364316
840	0.307815108195794
841	0.30800616034553
842	0.30803052226952
843	0.308024980508144
844	0.308121044978556
845	0.308360419674885
846	0.308457885551852
847	0.308470170882769
848	0.308551448908969
849	0.308686189661155
850	0.308860641492067
851	0.308916145165202
852	0.30902525169415
853	0.309199917705441
854	0.309349960665898
855	0.309291169490273
856	0.309413953258782
857	0.309613219761967
858	0.309720557646841
859	0.309751835559256
860	0.309800719905575
861	0.309906583795168
862	0.31005063119408
863	0.310163654825735
864	0.310121645034517
865	0.310281501532624
866	0.310524196397002
867	0.31055529856675
868	0.310564143019603
869	0.310731693529694
870	0.310951552572353
871	0.311021721474438
872	0.311047108358517
873	0.311205838273237
874	0.311400708973117
875	0.311523710419113
876	0.311541189514706
877	0.311665161333891
878	0.311875887342908
879	0.312121283766665
880	0.312236444179219
881	0.312218497713336
882	0.312288967380295
883	0.312633092849773
884	0.31267381425788
885	0.312805010609059
886	0.312984546418355
887	0.313142858982355
888	0.313279440486613
889	0.313348214174014
890	0.313587825857948
891	0.313910333508151
892	0.313923748461631
893	0.313936099559301
894	0.31417454389207
895	0.314407107094558
896	0.314438281739095
897	0.314478463855838
898	0.314584763683649
899	0.314852495643868
900	0.314933491102804
901	0.314988385010904
902	0.315080785192955
903	0.315323284708762
904	0.315492718176553
905	0.315524330659703
906	0.315541024127697
907	0.315761979268218
908	0.316034018700924
909	0.316043090457374
910	0.316026803596528
911	0.316251492748296
912	0.316486413984233
913	0.316639350096632
914	0.316702972373121
915	0.316868320208315
916	0.317042411007641
917	0.317031704366399
918	0.317023303419151
919	0.317245897584627
920	0.317492590585207
921	0.317631227542602
922	0.317589736182418
923	0.317637852045107
924	0.317941121177191
925	0.318119869379773
926	0.31809280454817
927	0.318115512107298
928	0.318495292650186
929	0.318664186378725
930	0.318574509337169
931	0.318480317350468
932	0.318918928992763
933	0.319151244772485
934	0.319120423322794
935	0.318884667259423
936	0.319214087926875
937	0.319485132586939
938	0.319550237830686
939	0.319576042532004
940	0.319803664425542
941	0.319936680752513
942	0.319819268897323
943	0.319860277942948
944	0.320081607795185
945	0.320323208832916
946	0.320251009989836
947	0.320145594192921
948	0.320304113656316
949	0.320710336926572
950	0.320782212512469
951	0.320700902575718
952	0.320780381067864
953	0.321127545823578
954	0.321107538792592
955	0.32103645303381
956	0.32121837993302
957	0.321557048209191
958	0.321699423879572
959	0.321600401232102
960	0.321548699177818
961	0.321852404098013
962	0.322129492162965
963	0.322189041601021
964	0.322153607063439
965	0.322477946248355
966	0.322651906075662
967	0.322537457266226
968	0.322716778537621
969	0.323055874263877
970	0.32322229305141
971	0.323171704455949
972	0.323020891487161
973	0.32349136127774
974	0.323831746578373
975	0.323609373272497
976	0.323661363159723
977	0.323711401367005
978	0.324278629458572
979	0.324202146719521
980	0.324128740732627
981	0.324261408206205
982	0.324574548476031
983	0.324476498893665
984	0.324353803224489
985	0.324781849919538
986	0.325324253468376
987	0.324961993449133
988	0.324759419151697
989	0.32497113083557
990	0.325344638957097
991	0.325679972031253
992	0.325612540794132
993	0.325943255237247
994	0.326167635351567
995	0.325779350491892
996	0.325744846551776
997	0.326242217492851
998	0.326697656040557
999	0.326476857735
1000	0.326189075831086
1001	0.33156922826501
1002	0.331714723652975
1003	0.331794413898287
1004	0.331894812082142
1005	0.331988252520596
1006	0.332126919157247
1007	0.332258998952843
1008	0.332277006841228
1009	0.332406495265819
1010	0.332528233357113
1011	0.332654579225787
1012	0.332850970492679
1013	0.333093645770734
1014	0.333230208099663
1015	0.333238564627556
1016	0.333317590506317
1017	0.333346926783621
1018	0.333424354615585
1019	0.333489348494681
1020	0.333565004446066
1021	0.33357416559372
1022	0.333648421275276
1023	0.33384751477257
1024	0.333956551633952
1025	0.333942559656177
1026	0.334049708959553
1027	0.334211735929014
1028	0.334242836049443
1029	0.334382342898751
1030	0.33452452151847
1031	0.334624689256003
1032	0.33458993363974
1033	0.33465295572267
1034	0.334814485326552
1035	0.334980217931415
1036	0.335301931160172
1037	0.335428001533399
1038	0.335277870192892
1039	0.335334539912326
1040	0.335469111415016
1041	0.335523989067488
1042	0.33567537746749
1043	0.335777480973318
1044	0.33596237040884
1045	0.335929720521707
1046	0.336046426620416
1047	0.336236096631169
1048	0.336382559626527
1049	0.336715007775683
1050	0.336826027512306
1051	0.336818279439052
1052	0.336927649550961
1053	0.336983390934817
1054	0.337122635081633
1055	0.33710069590774
1056	0.337214929912435
1057	0.337396530980313
1058	0.337502802479442
1059	0.33758859930701
1060	0.33766144890592
1061	0.337791659479264
1062	0.337946971160683
1063	0.33804267427926
1064	0.338308949836484
1065	0.338400387833772
1066	0.338439889867158
1067	0.338526852651677
1068	0.338678235147606
1069	0.338759900082029
1070	0.338925190113217
1071	0.339013886617093
1072	0.339140435911962
1073	0.339127259276595
1074	0.339212730694489
1075	0.339327353924568
1076	0.339332909406845
1077	0.339386972028132
1078	0.339523791782959
1079	0.339617132145562
1080	0.339719453385592
1081	0.340015150178341
1082	0.340083866329804
1083	0.340085737445723
1084	0.340053252158616
1085	0.340085751010243
1086	0.340149504129225
1087	0.340278200436899
1088	0.340453623029554
1089	0.340668634128362
1090	0.340683960237222
1091	0.340777720722234
1092	0.340939610341645
1093	0.341042492873908
1094	0.341083564014174
1095	0.341113858910896
1096	0.341180991814394
1097	0.34130210569477
1098	0.341435266949323
1099	0.341532352784666
1100	0.341656923541827
1101	0.341808799387364
1102	0.341910458857412
1103	0.341999256047118
1104	0.34214647818452
1105	0.34221633709133
1106	0.342294733266749
1107	0.342392203490795
1108	0.342436079365215
1109	0.342524763287225
1110	0.342568068088367
1111	0.342769831828276
1112	0.342872693423757
1113	0.342966279089547
1114	0.343056100405868
1115	0.343130330072218
1116	0.343210388191385
1117	0.343361729192074
1118	0.34346431460546
1119	0.343587712278287
1120	0.343662129948031
1121	0.343731946293203
1122	0.34381529521101
1123	0.34386349791501
1124	0.343930126867273
1125	0.344084928030349
1126	0.344172394575924
1127	0.344269336950308
1128	0.344307099330918
1129	0.344465938558352
1130	0.344555327909038
1131	0.344658420158981
1132	0.344774070047613
1133	0.344857159147671
1134	0.344940901266763
1135	0.345057384753095
1136	0.345192731801841
1137	0.345275079486741
1138	0.345351226060594
1139	0.345494458700747
1140	0.345542720612087
1141	0.345600864441947
1142	0.345669573349482
1143	0.345769471225227
1144	0.345757397076474
1145	0.345842169622486
1146	0.345930897924769
1147	0.346010634615449
1148	0.346073021734264
1149	0.346150630463293
1150	0.346277912603992
1151	0.346398978229318
1152	0.346445291977212
1153	0.346623332837896
1154	0.346734382183281
1155	0.346826657523263
1156	0.346960273662551
1157	0.34697891858674
1158	0.347075137078328
1159	0.347132661210042
1160	0.347273487994713
1161	0.347409715468649
1162	0.347520185983993
1163	0.347643792665923
1164	0.347763248392495
1165	0.347852759585961
1166	0.347933399115292
1167	0.347984254865136
1168	0.348080725589103
1169	0.348155327868065
1170	0.348288640724278
1171	0.348382670058202
1172	0.348413199762949
1173	0.34854344257538
1174	0.348612413857606
1175	0.34870733393228
1176	0.348853839186497
1177	0.348938523666403
1178	0.349062437193293
1179	0.349149756504432
1180	0.349228029507393
1181	0.349303920286629
1182	0.349380478491749
1183	0.349456697213094
1184	0.349534793123116
1185	0.349657321477953
1186	0.349727001962608
1187	0.34980163446497
1188	0.349913582799126
1189	0.349985767239798
1190	0.350030145405549
1191	0.350134553705176
1192	0.350235988570488
1193	0.350262161330731
1194	0.35032527877074
1195	0.35037606551379
1196	0.350454687764358
1197	0.350525417346555
1198	0.350552270810872
1199	0.350611388554305
1200	0.350640076823215
1201	0.350711813624475
1202	0.350772436271927
1203	0.35082974503027
1204	0.350905636898664
1205	0.350951981414874
1206	0.35103389249969
1207	0.351111798949897
1208	0.351158292839828
1209	0.351247031172979
1210	0.351284335013356
1211	0.351361238417208
1212	0.351395457017181
1213	0.351460602576668
1214	0.351499594027208
1215	0.351553046348034
1216	0.351584833152531
1217	0.351651809628949
1218	0.35173761953043
1219	0.351806578876347
1220	0.351867723793473
1221	0.351940740864015
1222	0.352060893296379
1223	0.352138819714461
1224	0.352201182048337
1225	0.352246881619756
1226	0.352306217185645
1227	0.352335237915146
1228	0.352396731343875
1229	0.352444524839489
1230	0.352519608048137
1231	0.352582000013738
1232	0.352645664925441
1233	0.352741747007425
1234	0.352766757626156
1235	0.352820174110828
1236	0.352872453602629
1237	0.352975089213467
1238	0.353002371535774
1239	0.353097307052214
1240	0.353190566116517
1241	0.35326675296318
1242	0.353366069663699
1243	0.353448191848684
1244	0.353470020163751
1245	0.353565770945011
1246	0.353651066568251
1247	0.353721895533952
1248	0.35375415127061
1249	0.353813731375003
1250	0.353940238842004
1251	0.354002347760177
1252	0.354067726737026
1253	0.354157463213426
1254	0.354204137654514
1255	0.35428272585247
1256	0.354385835464879
1257	0.354467123861364
1258	0.354526574555111
1259	0.354557760684379
1260	0.354615677236145
1261	0.354674712593587
1262	0.354725354557715
1263	0.354812383572044
1264	0.354824804565523
1265	0.354910146279664
1266	0.354960906261327
1267	0.355047224882885
1268	0.355154190469752
1269	0.35531036648526
1270	0.355381088888853
1271	0.355477633876364
1272	0.355514470088889
1273	0.355541455111576
1274	0.355626236953583
1275	0.355758109879912
1276	0.355851794284381
1277	0.355888662737562
1278	0.35593686583991
1279	0.356026386239856
1280	0.356109512407682
1281	0.356180584923517
1282	0.356232446883667
1283	0.356357700550224
1284	0.356389862614226
1285	0.35646186887509
1286	0.356538842841618
1287	0.356589747109291
1288	0.356582396176313
1289	0.356678596831109
1290	0.356738711360638
1291	0.356824305728159
1292	0.356893075270766
1293	0.356949731355481
1294	0.356993248650185
1295	0.357044710140322
1296	0.357093835213198
1297	0.357136844239745
1298	0.357174974531914
1299	0.357237190105875
1300	0.35728341300295
1301	0.357318148223849
1302	0.35738026618065
1303	0.357412095917432
1304	0.357472516625671
1305	0.357498025290896
1306	0.357447991427327
1307	0.357482683084546
1308	0.357529935540001
1309	0.357533496085225
1310	0.357583395061628
1311	0.357693282236044
1312	0.357751807417347
1313	0.357748201350922
1314	0.357743524859135
1315	0.357745358196153
1316	0.357737175377749
1317	0.357792050120534
1318	0.357798787216378
1319	0.357865982484364
1320	0.357859816568949
1321	0.357900033740698
1322	0.357938743054689
1323	0.357983681158613
1324	0.357979245882999
1325	0.357971309067982
1326	0.358025777776125
1327	0.358129909866507
1328	0.35816212437793
1329	0.358196130064179
1330	0.358247501444515
1331	0.358225359878599
1332	0.358249681097413
1333	0.358288561145001
1334	0.358324734937583
1335	0.358318869479481
1336	0.358370219642381
1337	0.35838923723872
1338	0.358502771668742
1339	0.35856652886551
1340	0.358608817706871
1341	0.35864896156135
1342	0.35866317368194
1343	0.358709951683689
1344	0.358756400760581
1345	0.358768221935255
1346	0.358806011619292
1347	0.358853187578521
1348	0.358898645843195
1349	0.35896446745944
1350	0.359014366529152
1351	0.359018551525075
1352	0.359046091953549
1353	0.359055301279437
1354	0.359047040532253
1355	0.359080488089501
1356	0.359175266161194
1357	0.359226296059547
1358	0.359294509579772
1359	0.359314584325161
1360	0.359335494176837
1361	0.359380622231909
1362	0.359388787425978
1363	0.359404752154389
1364	0.359388074080667
1365	0.359392831000936
1366	0.359396665035598
1367	0.359392640981586
1368	0.359350152093735
1369	0.35930574615589
1370	0.359247835707335
1371	0.359187247769105
1372	0.359083691996967
1373	0.358886987447719
1374	0.358708902213521
1375	0.358515336566661
1376	0.35827442751593
1377	0.358062214558477
1378	0.357737503194206
1379	0.357398758856137
1380	0.356946469909353
1381	0.356447023197444
1382	0.355833124973186
1383	0.355122075509064
1384	0.354330407232408
1385	0.353394763381881
1386	0.352400410299433
1387	0.35136254000623
1388	0.350244579670119
1389	0.349194514392526
1390	0.34812833332202
1391	0.347154573962206
1392	0.346301660905584
1393	0.345728166586289
1394	0.345264925539269
1395	0.345011620197109
1396	0.345015183350287
1397	0.34507141683293
1398	0.345327125990196
1399	0.345585613324433
1400	0.345970838689934
1401	0.346249403927406
1402	0.346572836217304
1403	0.346776046029987
1404	0.346974091178619
1405	0.347112248546224
1406	0.347165443952215
1407	0.347237627872161
1408	0.347253411849806
1409	0.347326727320558
1410	0.347360282089409
1411	0.347444666678405
1412	0.347502133904455
1413	0.347587712944721
1414	0.347695097066022
1415	0.347810444835043
1416	0.347970178071509
1417	0.348058304001955
1418	0.348207818017754
1419	0.348297303839007
1420	0.348453386648707
1421	0.348565050785506
1422	0.348653258562565
1423	0.348831408666074
1424	0.348974475700569
1425	0.349130753784714
1426	0.349281195005541
1427	0.349378215667436
1428	0.349482312893929
1429	0.349620285950866
1430	0.349744942130735
1431	0.349803883174854
1432	0.349920170826235
1433	0.35004797423875
1434	0.350127170655047
1435	0.350233861144671
1436	0.350362340956719
1437	0.350460894855857
1438	0.350599869383962
1439	0.350737396342533
1440	0.350858048695502
1441	0.350958311225461
1442	0.351080900193462
1443	0.351186319495158
1444	0.351290513347675
1445	0.351459597364194
1446	0.351555623607322
1447	0.351684184605445
1448	0.351790885151349
1449	0.351857636573575
1450	0.351956099825387
1451	0.352069696651886
1452	0.352159964432472
1453	0.352261677412322
1454	0.352333368796578
1455	0.352424579862848
1456	0.352527758641021
1457	0.352632667196715
1458	0.352746799926426
1459	0.352852753656637
1460	0.352919606109126
1461	0.353029063638904
1462	0.353140412347252
1463	0.353215566369239
1464	0.353293694616404
1465	0.353396007745998
1466	0.353535255624322
1467	0.353688627514442
1468	0.353813503923064
1469	0.353929005304727
1470	0.35401917996987
1471	0.354135222369616
1472	0.354261407362428
1473	0.354378049313364
1474	0.354490102167982
1475	0.354626787511782
1476	0.35477832244561
1477	0.354874758858803
1478	0.355023762929499
1479	0.355172540088986
1480	0.355261219956216
1481	0.355360729324811
1482	0.355507743497938
1483	0.355618674160715
1484	0.35571383322954
1485	0.35580362310444
1486	0.355836200811888
1487	0.355926351977527
1488	0.356006148871285
1489	0.356096748016258
1490	0.356267341629447
1491	0.356378319276071
1492	0.356487391951707
1493	0.356587924504342
1494	0.356671212580568
1495	0.356761182431998
1496	0.356876995404279
1497	0.35698956084836
1498	0.357075333401504
1499	0.357168469538577
1500	0.35726769695499
1501	0.35736133234141
1502	0.357452378786423
1503	0.357546497940844
1504	0.357632706753895
1505	0.357727314575924
1506	0.357848679871879
1507	0.357923666214379
1508	0.358031978260086
1509	0.358107418591435
1510	0.358153760438751
1511	0.358261142165088
1512	0.358337656886944
1513	0.358428122686878
1514	0.358505172980507
1515	0.358574103457822
1516	0.358659675025862
1517	0.358702356314764
1518	0.358782220618118
1519	0.35887351595835
1520	0.358946855274822
1521	0.359023338015396
1522	0.359092495521104
1523	0.35910941893298
1524	0.359178902784711
1525	0.359237327781181
1526	0.359284014996233
1527	0.359418722250976
1528	0.359509771393502
1529	0.359558585452147
1530	0.359640987998776
1531	0.35971912611513
1532	0.359769474925702
1533	0.35978605650317
1534	0.359857551236094
1535	0.359925024869673
1536	0.35999692742843
1537	0.360054077369784
1538	0.360117197742382
1539	0.36008012879489
1540	0.360155348067142
1541	0.360247380136489
1542	0.360311198201415
1543	0.360367007661973
1544	0.360443158242864
1545	0.360475580435406
1546	0.360518897873059
1547	0.360532333361153
1548	0.360587913387086
1549	0.360632527563091
1550	0.360697778195819
1551	0.360742081957432
1552	0.360786247155986
1553	0.360802112217325
1554	0.360858670293175
1555	0.360910645521785
1556	0.360945980225306
1557	0.361002784207673
1558	0.361072305164621
1559	0.361095212673112
1560	0.36111881422813
1561	0.361173633156914
1562	0.361243916407578
1563	0.361345566415151
1564	0.361369749471778
1565	0.361404926846958
1566	0.361451237925857
1567	0.361459451678835
1568	0.361459058430122
1569	0.361544116074837
1570	0.361628487692888
1571	0.361674804845825
1572	0.361737549629806
1573	0.361773482073166
1574	0.36182402447501
1575	0.361868543750176
1576	0.361919433258964
1577	0.362017713094828
1578	0.362069052969883
1579	0.362135271879636
1580	0.362187011230498
1581	0.362301629936824
1582	0.362341045392879
1583	0.362306553155863
1584	0.362381574247136
1585	0.362445759853371
1586	0.362488819331875
1587	0.362565313076047
1588	0.362634688179313
1589	0.362701157541817
1590	0.362735196483914
1591	0.362837864266043
1592	0.362908332107288
1593	0.362958957443738
1594	0.363016813316617
1595	0.363109502135362
1596	0.363167885161137
1597	0.363222424863878
1598	0.363314431912707
1599	0.363391883543574
1600	0.363471244046974
1601	0.363461370420909
1602	0.36351777641852
1603	0.363553211121026
1604	0.363636811900396
1605	0.363750583632805
1606	0.363797903235517
1607	0.363894085131875
1608	0.363955392860359
1609	0.363948541257575
1610	0.36402378250426
1611	0.364105428266923
1612	0.364157495485106
1613	0.364219519832993
1614	0.364282258588876
1615	0.364298231221854
1616	0.36434761713667
1617	0.364438768139103
1618	0.364502452082261
1619	0.364560825736271
1620	0.364628606605678
1621	0.364680710363529
1622	0.364759393346869
1623	0.364823779685784
1624	0.364889074143834
1625	0.364979598364382
1626	0.365059567863276
1627	0.365101654486234
1628	0.365157647167754
1629	0.365213865031856
1630	0.365252410608493
1631	0.365257762864056
1632	0.365296550670166
1633	0.365332512875184
1634	0.365385933280607
1635	0.365433013298982
1636	0.36549067186061
1637	0.365501296761161
1638	0.36553427000273
1639	0.365599242049233
1640	0.365647113916689
1641	0.365685016088247
1642	0.365722592392635
1643	0.365767919735111
1644	0.365820560771396
1645	0.365905142351527
1646	0.36596919044692
1647	0.366002304608499
1648	0.366077731443291
1649	0.366080477970708
1650	0.366075049488852
1651	0.36612376285384
1652	0.366163320078165
1653	0.366212797178817
1654	0.366297929213165
1655	0.366348984362759
1656	0.366412836231111
1657	0.366498993125185
1658	0.366582999186945
1659	0.366651797605202
1660	0.366699148754211
1661	0.366756768737826
1662	0.366815954831536
1663	0.36684643045867
1664	0.366917507614057
1665	0.366990619603312
1666	0.367100809659137
1667	0.367203543665059
1668	0.367252086199911
1669	0.367353165733531
1670	0.367409385208601
1671	0.367488951810527
1672	0.367557238854653
1673	0.367665726473669
1674	0.367746260518201
1675	0.367843816958683
1676	0.36794121892242
1677	0.368020610410478
1678	0.368075049278599
1679	0.368088214699124
1680	0.368175525284383
1681	0.368298695079726
1682	0.368342681681123
1683	0.368438235766389
1684	0.368515626216317
1685	0.368555052005898
1686	0.368633158780731
1687	0.36876594658471
1688	0.368873420668498
1689	0.369024038979681
1690	0.369149460581624
1691	0.369258040075198
1692	0.369322492054849
1693	0.369402421022973
1694	0.369479537632322
1695	0.369592707021997
1696	0.369682683585326
1697	0.369890942167364
1698	0.369994113520226
1699	0.369986512724226
1700	0.370038904723793
1701	0.370016680116518
1702	0.370017647710279
1703	0.370107376984977
1704	0.370172650529466
1705	0.370195070615184
1706	0.370273957550473
1707	0.370314034878654
1708	0.370326813904569
1709	0.370380122520778
1710	0.370434529114521
1711	0.370468773650043
1712	0.370530403276402
1713	0.370566186490088
1714	0.370575694101812
1715	0.370465794899051
1716	0.37044310926147
1717	0.370389293262836
1718	0.370277733400944
1719	0.370242416134439
1720	0.370221053440978
1721	0.370148337037464
1722	0.370028040359402
1723	0.369895199991348
1724	0.369759571375938
1725	0.369557906468112
1726	0.369438041046942
1727	0.369380016284077
1728	0.36926179325123
1729	0.369144743001819
1730	0.369044037961926
1731	0.368896710697241
1732	0.368758567500693
1733	0.368655601070485
1734	0.368534897583377
1735	0.368421930193103
1736	0.36829750641917
1737	0.368195463713272
1738	0.368150361672684
1739	0.368091206897253
1740	0.368136922800866
1741	0.368144207419584
1742	0.368090658565889
1743	0.368036947873927
1744	0.368018641984728
1745	0.367930293166613
1746	0.367890850105456
1747	0.367843726104282
1748	0.367868430625452
1749	0.367829234100964
1750	0.367783117789294
1751	0.367765040336928
1752	0.367636824087338
1753	0.367637569130957
1754	0.367596887184954
1755	0.367525182833068
1756	0.367436612417673
1757	0.367323805595221
1758	0.36723389356251
1759	0.36717214210145
1760	0.367040588512307
1761	0.366916331683227
1762	0.366870339723177
1763	0.366723673397687
1764	0.366662211138686
1765	0.366603840246441
1766	0.366557074138032
1767	0.366516035916338
1768	0.366547874553398
1769	0.366486905010053
1770	0.366421101818764
1771	0.366313621672394
1772	0.366252286870264
1773	0.366237478793391
1774	0.366184264840055
1775	0.36603293617677
1776	0.365948564272969
1777	0.365938188892235
1778	0.365890854339085
1779	0.36586094719031
1780	0.365805508121744
1781	0.365796378583889
1782	0.365788471698235
1783	0.365859726739187
1784	0.365896470177422
1785	0.365846945451996
1786	0.365833404785854
1787	0.365821500236651
1788	0.365781951378184
1789	0.365745498782847
1790	0.365761470365031
1791	0.365780164106406
1792	0.365847492779962
1793	0.365871927777055
1794	0.365887480739974
1795	0.365831076466352
1796	0.365874688927889
1797	0.365859495641873
1798	0.365820984069015
1799	0.365829669958029
1800	0.365870599815256
1801	0.365967623081934
1802	0.365970224272756
1803	0.365976981125251
1804	0.365981249679079
1805	0.365947470689566
1806	0.365952327852701
1807	0.366072447582464
1808	0.366037259553467
1809	0.365972965446696
1810	0.366028941325941
1811	0.366096071732077
1812	0.366163782641591
1813	0.366196547994952
1814	0.366226634774412
1815	0.366277019637678
1816	0.366250965948737
1817	0.366390579601917
1818	0.366438987357326
1819	0.366432757165497
1820	0.366396324750513
1821	0.36645027715292
1822	0.366512087202618
1823	0.366454199944948
1824	0.366537388559874
1825	0.366521891467824
1826	0.366678928357323
1827	0.366869648802304
1828	0.366989970932876
1829	0.367010135757742
1830	0.366979932100015
1831	0.368203752343253
1832	0.368240508226169
1833	0.368253740116337
1834	0.368387046107333
1835	0.368598544614003
1836	0.36863880431912
1837	0.368592602919225
1838	0.368545660237816
1839	0.368463866531258
1840	0.368264351767583
1841	0.368356574551719
1842	0.36844960839252
1843	0.36842593137879
1844	0.368570070266427
1845	0.368648297777391
1846	0.368652457261377
1847	0.36867460152989
1848	0.368688981529995
1849	0.368753666080443
1850	0.36884022816004
1851	0.368871680301456
1852	0.368677525208778
1853	0.368484077579504
1854	0.368395572673321
1855	0.368187462304864
1856	0.368083357694653
1857	0.368024026269671
1858	0.368162097974187
1859	0.36820370152361
1860	0.368212521307825
1861	0.368223912295905
1862	0.368105631347621
1863	0.368028690142279
1864	0.367845695541404
1865	0.367712377057075
1866	0.367681384647821
1867	0.367548900939857
1868	0.36744023345314
1869	0.367286081091368
1870	0.367008820523156
1871	0.366786863786494
1872	0.366504487803284
1873	0.366155653655998
1874	0.365776249944224
1875	0.365524371643474
1876	0.365106260067929
1877	0.36461485098904
1878	0.36405041567245
1879	0.363546036506177
1880	0.363073112895519
1881	0.362526049135973
1882	0.362106783647551
1883	0.361411906327045
1884	0.360493163703084
1885	0.359625857208321
1886	0.358666282433002
1887	0.3577409606786
1888	0.356839919005593
1889	0.355717162124721
1890	0.354559173963639
1891	0.353184389797031
1892	0.351930686808799
1893	0.350736060853883
1894	0.349468398454389
1895	0.348002929662046
1896	0.346749644950435
1897	0.345480689293477
1898	0.344320087927773
1899	0.343243129250302
1900	0.342449317399032
1901	0.341434393618124
1902	0.34030042239314
1903	0.33942930366568
1904	0.338585563424822
1905	0.337968040272094
1906	0.337450749794649
1907	0.337195556803298
1908	0.336871067757073
1909	0.336565796633969
1910	0.336332606728092
1911	0.336168262131992
1912	0.335975999719845
1913	0.335747906731263
1914	0.335636024532586
1915	0.335574788174374
1916	0.335591891537334
1917	0.335775682015731
1918	0.335937459389946
1919	0.336052608654768
1920	0.336205627911913
1921	0.336290991473762
1922	0.336337596398611
1923	0.336383618707013
1924	0.336365021221777
1925	0.336430679971571
1926	0.336558790522298
1927	0.33666330853213
1928	0.336748218513461
1929	0.336835515462345
1930	0.336988752564994
1931	0.337138456180677
1932	0.337310588353336
1933	0.337517697322655
1934	0.337688907610382
1935	0.337822635292839
1936	0.337963338988548
1937	0.338145055840807
1938	0.338294929580147
1939	0.33850292511568
1940	0.338681349766487
1941	0.338869968579964
1942	0.338991744267166
1943	0.339247935861409
1944	0.339567003198271
1945	0.339842053963674
1946	0.340285645106427
1947	0.340589332428564
1948	0.340749734790182
1949	0.340939250506367
1950	0.341204893664518
1951	0.341485940392964
1952	0.341645220785529
1953	0.341732820665118
1954	0.341948564790429
1955	0.342105844724978
1956	0.342358865350798
1957	0.342912034105348
1958	0.343231475331109
1959	0.343407901505631
1960	0.343551229426359
1961	0.34380267526185
1962	0.344039484099165
1963	0.344262660273464
1964	0.344547920650963
1965	0.344829704173741
1966	0.345094316281281
1967	0.345311883929622
1968	0.345555037681214
1969	0.345784519123637
1970	0.345997524270572
1971	0.346247994896221
1972	0.346482211073142
1973	0.346800642023442
1974	0.347075060912709
1975	0.347360481676077
1976	0.347616831613579
1977	0.348044257315506
1978	0.348262650891067
1979	0.348406034738288
1980	0.348566094577528
1981	0.348758361042186
1982	0.349011684949175
1983	0.349258460670156
1984	0.349580488940592
1985	0.349809081889901
1986	0.349943974513155
1987	0.350191670380729
1988	0.350492422779961
1989	0.350789637903701
1990	0.351127673058313
1991	0.351408386385316
1992	0.351604945264429
1993	0.351952359653383
1994	0.352256206139119
1995	0.352672877652891
1996	0.352921538501248
1997	0.353220362375966
1998	0.353480219489946
1999	0.353647779550257
2000	0.353870909972696
2001	0.354147752886507
2002	0.354390634327538
2003	0.354556305071288
2004	0.354799715623777
2005	0.35505438782321
2006	0.355390321364108
2007	0.355633462605855
2008	0.35587266202143
2009	0.356068441528941
2010	0.356212831122667
2011	0.356369407346778
2012	0.356457549956679
2013	0.356633514256257
2014	0.356876449691375
2015	0.35715759314564
2016	0.357499292159221
2017	0.357643792250284
2018	0.357608135325524
2019	0.357571546046454
2020	0.357635443416978
2021	0.357734435358186
2022	0.357870789107335
2023	0.358207099769581
2024	0.358374044922446
2025	0.358457731240944
2026	0.358527466822989
2027	0.358535979173589
2028	0.358475929384829
2029	0.358593927446335
2030	0.358588368614795
2031	0.358527932584878
2032	0.358456412172415
2033	0.358464315572611
2034	0.358396000141089
2035	0.358382256359797
2036	0.35863210398445
2037	0.358698324791187
2038	0.358666807242024
2039	0.358620741001784
2040	0.358571662264379
2041	0.358518128172121
2042	0.358456605721776
2043	0.358451025510787
2044	0.358402257711833
2045	0.358358308526457
2046	0.358228946230856
2047	0.357950442183817
2048	0.357822726872005
2049	0.35781793925551
2050	0.357711666939129
2051	0.357610873268686
2052	0.357690456066375
2053	0.35768968194386
2054	0.357644592623643
2055	0.35764159598556
2056	0.357523784434264
2057	0.357359848569148
2058	0.357260635056584
2059	0.357172582235692
2060	0.357070663003221
2061	0.356988874548317
2062	0.356852297332568
2063	0.356821070577068
2064	0.356790300889919
2065	0.356902849361235
2066	0.356980129895886
2067	0.357108344665898
2068	0.357184715941642
2069	0.357270258507355
2070	0.357341071592989
2071	0.357374673071449
2072	0.357439603558572
2073	0.357480184926436
2074	0.357482747958249
2075	0.357478505926319
2076	0.357537128173113
2077	0.357658176222266
2078	0.357771089006176
2079	0.35790369632758
2080	0.3580694017699
2081	0.358109410977394
2082	0.358072201758858
2083	0.358138456648825
2084	0.358174794272435
2085	0.358214519480838
2086	0.358304835773315
2087	0.358376588859079
2088	0.358403676651654
2089	0.358377736604759
2090	0.358459297301547
2091	0.358456248570856
2092	0.358309717401742
2093	0.358294964284161
2094	0.358452954149983
2095	0.358381337116111
2096	0.358410883859715
2097	0.358409052939983
2098	0.35846979385671
2099	0.358571629567694
2100	0.358635637843447
2101	0.358776386767215
2102	0.358790209730132
2103	0.358495115539441
2104	0.358446164925267
2105	0.358460891060399
2106	0.358446723049799
2107	0.358463655169929
2108	0.358508097542613
2109	0.358518223319002
2110	0.358628065068219
2111	0.358715635023525
2112	0.358855379665993
2113	0.358860863327404
2114	0.358672818071343
2115	0.358562119976511
2116	0.358360544086594
2117	0.358279614689612
2118	0.358292998697814
2119	0.358278239930659
2120	0.358337494019285
2121	0.358277428253337
2122	0.358113658558943
2123	0.358006756584413
2124	0.357989042508756
2125	0.357735001827225
2126	0.35751614682799
2127	0.357448147599533
2128	0.357284129379856
2129	0.357017676344238
2130	0.356893324577964
2131	0.35670362280452
2132	0.356365472053552
2133	0.355988734902297
2134	0.355568191124371
2135	0.354925309322502
2136	0.354582423058425
2137	0.354494849434989
2138	0.354187699342876
2139	0.353894014865384
2140	0.353555831262841
2141	0.353085835526041
2142	0.352768858661536
2143	0.352433548691943
2144	0.352070527741498
2145	0.351627650420018
2146	0.350990471312419
2147	0.35053716636139
2148	0.350297581859941
2149	0.349863300536599
2150	0.349387984371616
2151	0.348847364938028
2152	0.348236963753102
2153	0.347578702085645
2154	0.346883948408285
2155	0.346151758861426
2156	0.345503537876415
2157	0.344578650496176
2158	0.34362335691017
2159	0.342702883881158
2160	0.341810276024466
2161	0.340924563075105
2162	0.339908281101989
2163	0.338945411390767
2164	0.338020898647078
2165	0.3369274046682
2166	0.336104329193033
2167	0.335442814884633
2168	0.334947690761545
2169	0.334462937136908
2170	0.334203008940057
2171	0.334118012377265
2172	0.33409573893815
2173	0.334204654020958
2174	0.334535511747801
2175	0.334810202051052
2176	0.335033369683506
2177	0.33526946362245
2178	0.335557778350216
2179	0.335778534390575
2180	0.335909964737818
2181	0.335972269667036
2182	0.335983022727101
2183	0.336001736579891
2184	0.336002139940951
2185	0.335984768461546
2186	0.335822125548817
2187	0.335644456940914
2188	0.335358443744649
2189	0.335104311969085
2190	0.334800318055711
2191	0.334579586692536
2192	0.334384006770767
2193	0.333939512512043
2194	0.333535473619581
2195	0.333306750845866
2196	0.333092232875556
2197	0.332726768483766
2198	0.332333002265767
2199	0.331819100466469
2200	0.331222571369804
2201	0.330781078660338
2202	0.330342355517011
2203	0.330001487982815
2204	0.329583902502396
2205	0.329116311286496
2206	0.328839540855641
2207	0.328670771074181
2208	0.328433276198833
2209	0.328298318656297
2210	0.328079558266601
2211	0.327755145253612
2212	0.327506157738894
2213	0.327487332125993
2214	0.327494619783594
2215	0.327550277378547
2216	0.32761974760769
2217	0.327774760269202
2218	0.328102403233933
2219	0.328428660864363
2220	0.328750976234479
2221	0.328955705808859
2222	0.329064998700638
2223	0.329343098912678
2224	0.329622224005576
2225	0.32993002035411
2226	0.330332765256514
2227	0.330740307330998
2228	0.331150509925322
2229	0.331519857261813
2230	0.331936968517722
2231	0.332286626381762
2232	0.332484892978972
2233	0.332508978336938
2234	0.332645936966023
2235	0.333003421463544
2236	0.333337371975728
2237	0.33365990850899
2238	0.334079313111468
2239	0.334403243842997
2240	0.334628433444415
2241	0.334941529081995
2242	0.335363130223225
2243	0.335768306135724
2244	0.336227751356727
2245	0.336921856357313
2246	0.337433095197693
2247	0.337770454691593
2248	0.338155668988126
2249	0.338473031880811
2250	0.338877896838802
2251	0.339369606224205
2252	0.339811165125217
2253	0.340185279306308
2254	0.340618777953067
2255	0.340989635146064
2256	0.341310083535919
2257	0.341952562958489
2258	0.342589447702723
2259	0.343209401087601
2260	0.343555395578517
2261	0.343744580486282
2262	0.343858741700479
2263	0.343841595691962
2264	0.344059771340691
2265	0.344371360104059
2266	0.344621792784432
2267	0.344971940358306
2268	0.345427038752811
2269	0.345639842915165
2270	0.345627534496303
2271	0.345631538587373
2272	0.345497866063641
2273	0.34548304189607
2274	0.345583586927114
2275	0.345748339974826
2276	0.345865579509419
2277	0.346000140196171
2278	0.346245586924015
2279	0.346266668844816
2280	0.345970529414711
2281	0.345888899128316
2282	0.345740828292301
2283	0.345534831155494
2284	0.345723742099112
2285	0.346068360007814
2286	0.346367797227621
2287	0.346419667296928
2288	0.346321796820315
2289	0.346216170555683
2290	0.346175225705836
2291	0.346212127264375
2292	0.346430575382295
2293	0.346682113032227
2294	0.346508187574853
2295	0.346676559349711
2296	0.346748878672679
2297	0.346686224240963
2298	0.346777427835859
2299	0.347067839515735
2300	0.347122447039801
2301	0.347034727251111
2302	0.347159379718404
2303	0.347440305068903
2304	0.347368611421817
2305	0.347204695657792
2306	0.34705621098343
2307	0.346609484289197
2308	0.346361041394766
2309	0.346411155714287
2310	0.346101372949549
2311	0.345439847425225
2312	0.345210113433925
2313	0.344847539569565
2314	0.34436301476032
2315	0.343978894860105
2316	0.343263156770941
2317	0.342458893047118
2318	0.342076995060051
2319	0.342101963226723
2320	0.342525480016459
2321	0.342820176824539
2322	0.342782041643542
2323	0.342741288118166
2324	0.342433596965682
2325	0.342253017836162
2326	0.342358614493091
2327	0.342391413338537
2328	0.342464603990571
2329	0.342599193286303
2330	0.342880693812581
2331	0.342941125390164
2332	0.342903361272025
2333	0.342944123632866
2334	0.342870094895889
2335	0.342970696947047
2336	0.343335110393838
2337	0.343541968493829
2338	0.343766708730631
2339	0.343895910431245
2340	0.34401458708312
2341	0.343941064703339
2342	0.343522549080875
2343	0.343301087400691
2344	0.342965586691161
2345	0.342782257496264
2346	0.342748718269294
2347	0.342805980994195
2348	0.342806239034547
2349	0.342751283640224
2350	0.342549930002467
2351	0.342283572232902
2352	0.34187132953981
2353	0.341302982454888
2354	0.340831695070725
2355	0.340225617903503
2356	0.340152670779452
2357	0.340109030434192
2358	0.339890330357425
2359	0.339749343585599
2360	0.339059647316277
2361	0.338370657236555
2362	0.338202984681397
2363	0.338199647497961
2364	0.337649144928105
2365	0.337181509586323
2366	0.336788687267047
2367	0.335891775066155
2368	0.335490189964694
2369	0.335857730106639
2370	0.335661352993265
2371	0.335234992163907
2372	0.334986303902503
2373	0.334964990591267
2374	0.334404352838597
2375	0.33363496349044
2376	0.33315839465815
2377	0.332436542762952
2378	0.331732413892758
2379	0.331457943939844
2380	0.330741911700386
2381	0.329214691528606
2382	0.328505114849581
2383	0.328511797926124
2384	0.328063911706537
2385	0.327799173248823
2386	0.327367400471426
2387	0.326385933489282
2388	0.325639037683554
2389	0.325233507586047
2390	0.324626560747269
2391	0.323978649804212
2392	0.32333358829517
2393	0.322436865239046
2394	0.321802308558554
2395	0.321516165648536
2396	0.321053908317087
2397	0.320698907925147
2398	0.320416610396631
2399	0.319879100931465
2400	0.319365403674258
2401	0.319033141428894
2402	0.318295926779582
2403	0.317444943302348
2404	0.317002912681094
2405	0.31662895513438
2406	0.31631773695364
2407	0.316202905296457
2408	0.315721997496765
2409	0.314881675995323
2410	0.314623254904496
2411	0.314504850456726
2412	0.31443590267204
2413	0.31449738383978
2414	0.314104078072591
2415	0.313696171190552
2416	0.313183745504836
2417	0.312213989524406
2418	0.31178692405189
2419	0.311229948130168
2420	0.310686802565941
2421	0.31068606509293
2422	0.310481949078583
2423	0.310095200505853
2424	0.310094348426805
2425	0.309827589286655
2426	0.309408236203052
2427	0.309039001748996
2428	0.308386930221085
2429	0.307976975190117
2430	0.3078067626626
2431	0.307388215273831
2432	0.306885405983607
2433	0.306622611726909
2434	0.306167483864195
2435	0.305788845404131
2436	0.305611841810225
2437	0.305497017011907
2438	0.305366062030478
2439	0.305145465755895
2440	0.305164179714981
2441	0.304979897532021
2442	0.304540107071438
2443	0.304308018053477
2444	0.304189607502457
2445	0.303780212418279
2446	0.303130156910093
2447	0.302609947056165
2448	0.302003867214655
2449	0.301546111556108
2450	0.300967347540985
2451	0.300674344434305
2452	0.300371051624209
2453	0.2999911788883
2454	0.299391388176443
2455	0.298976791450271
2456	0.298637144005367
2457	0.297993126349164
2458	0.297309962935119
2459	0.29671903219415
2460	0.29580155152176
2461	0.295024954164697
2462	0.294498332405433
2463	0.294232009005587
2464	0.293967096261315
2465	0.293693594822713
2466	0.293842591554524
2467	0.293549505036008
2468	0.29280994185689
2469	0.292436964474987
2470	0.29258014720654
2471	0.291778298549777
2472	0.290398102892827
2473	0.289547793345487
2474	0.288444632603528
2475	0.287619889762096
2476	0.28731136420358
2477	0.28696138189252
2478	0.286034074700062
2479	0.285682403264377
2480	0.286041180869833
2481	0.285741892062063
2482	0.285018368242861
2483	0.284738958501248
2484	0.284600342147744
2485	0.283835975245306
2486	0.283032496115944
2487	0.28254944231006
2488	0.281617171102585
2489	0.281070803099213
2490	0.281717587969455
2491	0.281313410423099
2492	0.280467217911324
2493	0.279892592590728
2494	0.278542813856473
2495	0.277871883126589
2496	0.277575374712423
2497	0.277727059111092
2498	0.27897335114128
2499	0.278851150111719
2500	0.278565741200166
