350	0.2365898236545
351	0.242768323512686
352	0.25608564941078
353	0.23432595197583
354	0.212742539702869
355	0.2231727393687
356	0.248300328212483
357	0.246863319994189
358	0.222757669573231
359	0.207522659502229
360	0.219786554929063
361	0.226150400307539
362	0.216170683435278
363	0.200027104599554
364	0.20901739825291
365	0.22661687174238
366	0.221202096190767
367	0.198040767781157
368	0.203643580029662
369	0.216354730935158
370	0.211221116381795
371	0.201379105304589
372	0.206041603625992
373	0.213713764288361
374	0.219224074894178
375	0.212209927293347
376	0.197847945510194
377	0.207907196906206
378	0.212239199363248
379	0.195678136462641
380	0.194408501156569
381	0.205569163428897
382	0.206154229736783
383	0.20123712046789
384	0.195090606179395
385	0.196310203414894
386	0.202494577570648
387	0.202526162078282
388	0.19235475371768
389	0.192783332628023
390	0.200010071704944
391	0.196741157519795
392	0.19085521374372
393	0.190773609451383
394	0.196660787617142
395	0.196032525780195
396	0.19568232133529
397	0.195642999603513
398	0.19916663362518
399	0.200591767894398
400	0.197444589203329
401	0.196144709262717
402	0.198685714070686
403	0.200661375740863
404	0.196066536271751
405	0.193599300763949
406	0.196958207329599
407	0.199367876048066
408	0.197077367051494
409	0.191989976223203
410	0.192029081987294
411	0.195450500019729
412	0.194317393673807
413	0.191539833372396
414	0.193763974306304
415	0.194758243031641
416	0.193010468323471
417	0.191988824719622
418	0.190128529666345
419	0.192407996054935
420	0.194085333063607
421	0.19131307633574
422	0.190086667435283
423	0.189905910136363
424	0.191211424749999
425	0.191231815236054
426	0.188881052607868
427	0.189796418389166
428	0.19015280571131
429	0.191022341331525
430	0.190027585406842
431	0.189216891469545
432	0.189576960593979
433	0.189142687983755
434	0.187363607194146
435	0.187558533311747
436	0.188762340496553
437	0.188927894263869
438	0.188173975078727
439	0.187599884026682
440	0.187532523588846
441	0.189035697978252
442	0.18861338666238
443	0.187719227677548
444	0.187922635852109
445	0.189320075815793
446	0.189715091174726
447	0.188899476602053
448	0.188635765114918
449	0.189931701675609
450	0.190007032261884
451	0.18928978489998
452	0.18921404796012
453	0.190102199676907
454	0.190837983512358
455	0.190810598521605
456	0.189936536584402
457	0.190416856019562
458	0.19076069105487
459	0.190567979095462
460	0.19021885229458
461	0.190258481696206
462	0.190986648966935
463	0.191749658521333
464	0.190498258661598
465	0.190625251910534
466	0.191217874989868
467	0.191452386399894
468	0.190956973612892
469	0.190111043967436
470	0.189966671698618
471	0.190726822406483
472	0.190987183069125
473	0.191102794479881
474	0.190899561778721
475	0.191184962337186
476	0.19109978566189
477	0.190977085794416
478	0.191223615173149
479	0.191649318911634
480	0.192083617796989
481	0.191909256944592
482	0.191492463146408
483	0.191969698782943
484	0.192448192547195
485	0.191993527207887
486	0.19162173070086
487	0.192024708343004
488	0.19270607515169
489	0.192727465055189
490	0.192763326255692
491	0.192843604582144
492	0.193734482876726
493	0.193944915831352
494	0.193734681462516
495	0.193884439784041
496	0.194705399071321
497	0.194942462186189
498	0.194518277890376
499	0.194583259172308
500	0.195113093425911
501	0.195456937840816
502	0.195860181314363
503	0.195822217567899
504	0.196012858589647
505	0.196486610455534
506	0.197028683396041
507	0.197216052454254
508	0.197587300302999
509	0.198058438488112
510	0.198413241354559
511	0.198581711516627
512	0.198845586932302
513	0.199183039858515
514	0.199749102091878
515	0.199766462903224
516	0.199793972830831
517	0.200364278739537
518	0.200840044757719
519	0.201061528960247
520	0.201110587891919
521	0.201294664350115
522	0.202085527992969
523	0.202461832456616
524	0.202443158976826
525	0.202807164094364
526	0.203641716203286
527	0.203820120299937
528	0.203864928337018
529	0.204116539383941
530	0.204906316643054
531	0.205236257796633
532	0.205414354129029
533	0.205636457197559
534	0.206008773146844
535	0.20649242691097
536	0.206912441929865
537	0.207181077423175
538	0.207483854275861
539	0.207845848262695
540	0.208371221030785
541	0.208446061044125
542	0.208747982798115
543	0.209151234861705
544	0.209649482279216
545	0.209997770589571
546	0.210151723458781
547	0.210460508124813
548	0.211098512900044
549	0.211601752887048
550	0.211853661300809
551	0.212224026495827
552	0.212748615486362
553	0.213112307059406
554	0.213422704049506
555	0.213831402603306
556	0.214372920566227
557	0.214882326388026
558	0.215031206111274
559	0.215406246914618
560	0.215888438203507
561	0.216366312462059
562	0.216687170474517
563	0.217006970184841
564	0.217426427366077
565	0.21797124010453
566	0.218550561349866
567	0.218886368101112
568	0.219107226485399
569	0.219492995019108
570	0.220024679433254
571	0.220399935134509
572	0.220579929013735
573	0.221039424363857
574	0.221484469509712
575	0.221778903821516
576	0.221912144132639
577	0.222419575921693
578	0.222808504796769
579	0.223120496202662
580	0.22327388634583
581	0.223652096251661
582	0.224050632338242
583	0.224413829735289
584	0.224684532981174
585	0.224966194621346
586	0.225204409914372
587	0.225688541211203
588	0.225894443069723
589	0.226055733847591
590	0.226337907118147
591	0.226775238053
592	0.227014778230645
593	0.227274361867138
594	0.227417909841555
595	0.227788467313562
596	0.228088663747012
597	0.228310133373205
598	0.228369631135323
599	0.228706612513393
600	0.229033131533539
601	0.229199787908328
602	0.229331923720475
603	0.22955467532294
604	0.229925687149161
605	0.23020732179027
606	0.230393469243613
607	0.230599012619612
608	0.230907545465128
609	0.231204987433727
610	0.231354819782028
611	0.231545713771893
612	0.231815716186213
613	0.232105596908872
614	0.232320449683311
615	0.232454930275022
616	0.232757214692984
617	0.233082676655157
618	0.233315008837637
619	0.23344401922646
620	0.233553390368343
621	0.233937354254716
622	0.234236436271555
623	0.234282571604201
624	0.234460856691177
625	0.234800753689409
626	0.235186225461126
627	0.235373226057455
628	0.235472843256203
629	0.235643980293275
630	0.235891738317963
631	0.236129936604424
632	0.236298355925522
633	0.236456408657176
634	0.236737758543969
635	0.237050758288554
636	0.237223481919201
637	0.237241248938407
638	0.237415437681383
639	0.237771059884963
640	0.237983678275086
641	0.238054119556885
642	0.238248079534027
643	0.238526854076155
644	0.23868969156223
645	0.238760461164457
646	0.238936705416537
647	0.239171086662
648	0.239426236848522
649	0.239495794782404
650	0.2395127978297
651	0.239686489123375
652	0.240010282439718
653	0.24012766895683
654	0.240191126436108
655	0.240286088848351
656	0.240498049122748
657	0.240653030608423
658	0.240684226794026
659	0.24071046094449
660	0.241026896401408
661	0.241232611687513
662	0.241305762089022
663	0.241429062823681
664	0.241703981869738
665	0.241862700620188
666	0.24197566643742
667	0.242099095350922
668	0.242265740431593
669	0.242494505834106
670	0.242659756323815
671	0.24273508597775
672	0.242843331745128
673	0.243077850233309
674	0.243282220480512
675	0.243407787625499
676	0.243571494852257
677	0.243710943847843
678	0.243913969246217
679	0.244086737559827
680	0.244180338823819
681	0.244332124948282
682	0.244630900000268
683	0.244836912635441
684	0.244926885918672
685	0.245013847764088
686	0.24527402031024
687	0.245488568675417
688	0.245513675446877
689	0.245589186117135
690	0.245694182352574
691	0.245872306138473
692	0.246046067874581
693	0.246248562831466
694	0.246602976327148
695	0.247200580362158
696	0.247857380663549
697	0.248161316915014
698	0.248083575981698
699	0.247740350082158
700	0.247539211183
701	0.247527274721643
702	0.247664179882543
703	0.247843324157158
704	0.247994625299178
705	0.248163649881417
706	0.248343373097366
707	0.248514195046372
708	0.248729672775832
709	0.248940137082844
710	0.248999285043987
711	0.249090908134293
712	0.249293643412275
713	0.249434996691929
714	0.249530427445271
715	0.249698986612465
716	0.249904760705313
717	0.250118888977199
718	0.25020535938067
719	0.250257843626307
720	0.250353464969922
721	0.250442267346361
722	0.250560686252243
723	0.250660025430869
724	0.250804252320304
725	0.251025518492028
726	0.251143957961071
727	0.251175386463211
728	0.251281039425576
729	0.251462617810612
730	0.251586380337241
731	0.251697174758473
732	0.251791966577485
733	0.251928330967107
734	0.252094892884611
735	0.252201785706087
736	0.252277961966207
737	0.252453742202149
738	0.2526395841733
739	0.252723000092997
740	0.252788233630223
741	0.252910978871479
742	0.253083046068896
743	0.253197961909284
744	0.253287287834506
745	0.253397999820458
746	0.253529682553497
747	0.253645257204154
748	0.253747028669385
749	0.253828889544146
750	0.253920417790305
751	0.254084933721514
752	0.254181037073031
753	0.254221020023223
754	0.254320469805317
755	0.254492473774542
756	0.254599116147688
757	0.254597124685018
758	0.254646538059895
759	0.254813340600664
760	0.254908125322041
761	0.254968963004871
762	0.254914599209488
763	0.254899327644411
764	0.254997154135136
765	0.255048343508049
766	0.255107652443322
767	0.255240762892503
768	0.255386159781229
769	0.25558529225188
770	0.255674048179147
771	0.255791456966852
772	0.256041742259035
773	0.256108913820441
774	0.256157180116437
775	0.25626229544899
776	0.256334702856037
777	0.256425873088865
778	0.25651121487561
779	0.256564082544379
780	0.256681460072362
781	0.256799815647218
782	0.256863632855913
783	0.256903756632692
784	0.256929505918142
785	0.257079062258853
786	0.257167447894221
787	0.257177742817334
788	0.257236297645863
789	0.257370223536307
790	0.257459789358608
791	0.25750921992597
792	0.257584102031712
793	0.257675189238322
794	0.257804129422902
795	0.25782893839774
796	0.257889932696586
797	0.258010192821567
798	0.258126452810865
799	0.258175983868827
800	0.258199894318373
801	0.258288749747166
802	0.258419519693129
803	0.258454031520407
804	0.258512791980083
805	0.258562098853727
806	0.25867763553495
807	0.258832325246306
808	0.258941886903462
809	0.258949869092261
810	0.259071627524315
811	0.259152036606835
812	0.259220605931075
813	0.259261480109242
814	0.259359262114928
815	0.259446160858335
816	0.259532315845399
817	0.259572015973789
818	0.259596786961092
819	0.259668529886276
820	0.259747554864582
821	0.259781928688533
822	0.259835719969263
823	0.259958618704573
824	0.26004472676316
825	0.260103178153183
826	0.260156803488324
827	0.260320616195914
828	0.260383152192008
829	0.260401792021298
830	0.260459111090097
831	0.26053362311734
832	0.260616223966489
833	0.260653813985062
834	0.260733510983712
835	0.260844370086599
836	0.260915512515578
837	0.260944318138876
838	0.26097669602395
839	0.2610326657434
840	0.261152692822482
841	0.261220489098739
842	0.261261757897695
843	0.261268005379763
844	0.261326122783222
845	0.261448433497356
846	0.261463830210722
847	0.261454732878349
848	0.261541976622685
849	0.261651279271941
850	0.261677146407193
851	0.26169088533907
852	0.261770959816948
853	0.261879855628767
854	0.261890115821269
855	0.261848674971873
856	0.26198369336537
857	0.262095391066144
858	0.262151437358988
859	0.26213806049555
860	0.262141489764501
861	0.262208104994198
862	0.26234026230308
863	0.262377832661811
864	0.262466155937486
865	0.262491698378246
866	0.262554140365871
867	0.262605454771927
868	0.262577985209851
869	0.262694266796881
870	0.262808175166247
871	0.262867165774784
872	0.262842719928618
873	0.262921495339814
874	0.263024750494657
875	0.263122616226959
876	0.263161271971758
877	0.263177892528024
878	0.263265934543712
879	0.263474725556253
880	0.263510705462933
881	0.26349776716932
882	0.26360330804087
883	0.26380670088121
884	0.263813124073789
885	0.263860056252295
886	0.264000585573012
887	0.264096792513654
888	0.264087096600247
889	0.264117841429431
890	0.264286887446468
891	0.264464541027273
892	0.264534912872638
893	0.264583893952836
894	0.264647787297701
895	0.264813086488663
896	0.264813239920566
897	0.264753838018757
898	0.264786450370998
899	0.265107739144029
900	0.265117099622847
901	0.265045993752374
902	0.26512687127974
903	0.265231302346088
904	0.265312834137684
905	0.265348826037957
906	0.265394210576625
907	0.265668749266754
908	0.265670215153793
909	0.265691846559205
910	0.265684453813184
911	0.265740524284068
912	0.2659355411766
913	0.266021326892308
914	0.266087714843987
915	0.266227083982826
916	0.266273892080411
917	0.266167197144961
918	0.26619371541515
919	0.266356058101878
920	0.266607479117947
921	0.266629751029928
922	0.266551123790932
923	0.266701097531736
924	0.266818906998715
925	0.266814561795496
926	0.266802476427825
927	0.266861002437753
928	0.26717471178366
929	0.267244465308483
930	0.267012820845341
931	0.266964464454154
932	0.267246643070942
933	0.267344957692167
934	0.267328791144141
935	0.267227019939894
936	0.267407109167266
937	0.267575768477715
938	0.267583178150552
939	0.267560779423884
940	0.267701394163644
941	0.26778640664831
942	0.267740858869039
943	0.267720784754322
944	0.267813212603424
945	0.267904735892519
946	0.267957082961699
947	0.267873632730213
948	0.267992444551211
949	0.268279165984983
950	0.268296734193289
951	0.268121911528731
952	0.268171474434339
953	0.268512709846623
954	0.268485758448218
955	0.26835602630313
956	0.268416379371213
957	0.268630086890999
958	0.268811501887938
959	0.268696266199662
960	0.26863386319127
961	0.268905197038306
962	0.268978556147072
963	0.268869574215314
964	0.26898837600102
965	0.269282867744897
966	0.26941266763378
967	0.269317500152377
968	0.269288497856973
969	0.269294350780852
970	0.26945986934402
971	0.269553104330688
972	0.269610458712363
973	0.269732655744053
974	0.269922448976656
975	0.269740244656966
976	0.269661559655883
977	0.269745503127254
978	0.270066009125814
979	0.27007008197794
980	0.270147279463592
981	0.270185079617996
982	0.270549478161965
983	0.270461374781004
984	0.270250232406288
985	0.270540767422568
986	0.270824798993286
987	0.270568685986714
988	0.270393174656833
989	0.270566162553704
990	0.271011277458115
991	0.270747561155293
992	0.270677572189387
993	0.271202289260238
994	0.271322643164482
995	0.270897334071924
996	0.270778581327776
997	0.271178895376438
998	0.271557686604005
999	0.271555418368697
1000	0.271308534885581
1001	0.269573301162649
1002	0.269592223844417
1003	0.269536328865932
1004	0.26947243759918
1005	0.269596874493118
1006	0.269625436462526
1007	0.269780855227681
1008	0.270048730681541
1009	0.270199554359395
1010	0.270392904530241
1011	0.270418386070406
1012	0.270369181289677
1013	0.270394493030956
1014	0.270255673012572
1015	0.270340547625148
1016	0.27033375712564
1017	0.270490469963273
1018	0.270599119110791
1019	0.270688750317429
1020	0.270794922487221
1021	0.270745493121059
1022	0.270736551967561
1023	0.270856413464906
1024	0.270786179426852
1025	0.270558966511818
1026	0.270602155856763
1027	0.2706584137045
1028	0.270750696209418
1029	0.270841854344935
1030	0.270912369266014
1031	0.27107979813499
1032	0.271040832991781
1033	0.271070512093642
1034	0.271139714782354
1035	0.271168431090806
1036	0.271215457097282
1037	0.271318855048232
1038	0.271322043165844
1039	0.271451297911707
1040	0.27148127954013
1041	0.271506968281617
1042	0.271464233231275
1043	0.271559685314406
1044	0.271611464942194
1045	0.271532172967796
1046	0.271708439994865
1047	0.271854026149202
1048	0.271955881428968
1049	0.27206768951279
1050	0.272123522613754
1051	0.272082805063391
1052	0.272137994367645
1053	0.272283594717491
1054	0.272362911156043
1055	0.27230935829171
1056	0.272405928535101
1057	0.272449285728676
1058	0.272438578954585
1059	0.272571303327024
1060	0.272587460305902
1061	0.272679305459204
1062	0.27277962831749
1063	0.272861340564029
1064	0.27284078967589
1065	0.272937494042475
1066	0.272884457728837
1067	0.272923601344549
1068	0.272998004873552
1069	0.273067507899741
1070	0.273264377811059
1071	0.273346167234965
1072	0.273361216884536
1073	0.273524441738282
1074	0.273514734001993
1075	0.273446044462026
1076	0.273500174538988
1077	0.273516658747752
1078	0.273576214637719
1079	0.273673498662253
1080	0.273737365088138
1081	0.273851273435577
1082	0.273904914611551
1083	0.274054356390157
1084	0.274038020199281
1085	0.274072826676956
1086	0.274099640655852
1087	0.274183484607594
1088	0.274253618575833
1089	0.27439684984486
1090	0.274481582817552
1091	0.274486602186549
1092	0.274490069058523
1093	0.274572257938271
1094	0.27465853878968
1095	0.274668277199471
1096	0.274727716369292
1097	0.274755610309835
1098	0.274777261183638
1099	0.274925550388387
1100	0.275004448945371
1101	0.275051176626561
1102	0.275043856374796
1103	0.275154730531213
1104	0.275207789214444
1105	0.275271540470304
1106	0.275361916810691
1107	0.27544174155518
1108	0.275455880064576
1109	0.275511215480565
1110	0.275560989720584
1111	0.275621465021959
1112	0.275669866620436
1113	0.275792733809485
1114	0.275810228606301
1115	0.275776915664285
1116	0.275851544184422
1117	0.275882854017117
1118	0.275977670211081
1119	0.276063981933385
1120	0.276069615024534
1121	0.276069112019992
1122	0.276092814758422
1123	0.27619016099918
1124	0.276258348914258
1125	0.276361755792221
1126	0.276428156385839
1127	0.276464999793993
1128	0.276449764531846
1129	0.27651826416671
1130	0.276558477596679
1131	0.27661834653743
1132	0.276711486047609
1133	0.27670002869743
1134	0.276702005451257
1135	0.276799902852033
1136	0.276801416377378
1137	0.276874769135988
1138	0.276977350073469
1139	0.2769592632835
1140	0.276959064819452
1141	0.277012741526546
1142	0.277086717776846
1143	0.277152826534395
1144	0.277215756172176
1145	0.27728694004449
1146	0.277346436014313
1147	0.277360453496594
1148	0.277421075541389
1149	0.27747399279484
1150	0.277509668624944
1151	0.277555831640058
1152	0.27763525253147
1153	0.277626461980328
1154	0.277720092660142
1155	0.277766820216348
1156	0.277821245824287
1157	0.277823998433431
1158	0.277899462428354
1159	0.277970359498719
1160	0.278036528731526
1161	0.278196972781361
1162	0.278266033140923
1163	0.278346529877748
1164	0.27839114495508
1165	0.278385292184863
1166	0.278463404427407
1167	0.278509403892615
1168	0.278547942356943
1169	0.278663777243192
1170	0.278707616627116
1171	0.278771914851134
1172	0.278835664753317
1173	0.278871644830051
1174	0.278921374138229
1175	0.278988850916529
1176	0.279096104618687
1177	0.279172088978016
1178	0.279258059957293
1179	0.279319660550327
1180	0.279323185777409
1181	0.279359533653232
1182	0.279446575812486
1183	0.279461482709663
1184	0.279519401241793
1185	0.279561846326602
1186	0.279660370743644
1187	0.279750679689448
1188	0.279800076457612
1189	0.27985351814009
1190	0.279898077175835
1191	0.279905182301601
1192	0.279898979648025
1193	0.279921193393611
1194	0.279908616016767
1195	0.279943077034058
1196	0.279974854450327
1197	0.280038002915874
1198	0.280091650122541
1199	0.28011416785922
1200	0.280161259846589
1201	0.280165237140505
1202	0.280218172941243
1203	0.280266068964851
1204	0.280226960249572
1205	0.280222682562556
1206	0.280261771668292
1207	0.280273025350337
1208	0.280342978687381
1209	0.280375456177717
1210	0.280430535631881
1211	0.280484732993716
1212	0.280477498439474
1213	0.280514503924773
1214	0.280563070406956
1215	0.280582920348215
1216	0.280650840513684
1217	0.28068150119774
1218	0.280699108875969
1219	0.280723589945813
1220	0.280735016471603
1221	0.2807643065411
1222	0.280764237170513
1223	0.280783330119151
1224	0.280822522930971
1225	0.280850399271594
1226	0.280890389431698
1227	0.280928145880883
1228	0.280962022353561
1229	0.280981462441065
1230	0.281026182135009
1231	0.281059863306703
1232	0.281126292210616
1233	0.281163080638224
1234	0.281190857118534
1235	0.281225222891612
1236	0.281274735609428
1237	0.28134449247932
1238	0.281404884537932
1239	0.281437144734761
1240	0.281480664353355
1241	0.281513639125865
1242	0.281501271836043
1243	0.281562842156723
1244	0.281626278085966
1245	0.281663868977287
1246	0.281686561913669
1247	0.281696377421818
1248	0.2817613575367
1249	0.28183179050106
1250	0.281867502681072
1251	0.281893268958694
1252	0.281913890133408
1253	0.281961600734613
1254	0.282011520405654
1255	0.282042396159402
1256	0.282151100016087
1257	0.282176137046771
1258	0.282257191066644
1259	0.282304371258968
1260	0.282289511754606
1261	0.28231979376938
1262	0.282352954657176
1263	0.282405464188957
1264	0.282424548693686
1265	0.28248295145831
1266	0.2824904926559
1267	0.282522872422501
1268	0.282574976115203
1269	0.282614857920148
1270	0.28262173343485
1271	0.282649446583946
1272	0.282644348339125
1273	0.282654958364687
1274	0.282671472660089
1275	0.282740142108757
1276	0.282818605334045
1277	0.282832090031153
1278	0.282881584236067
1279	0.282938501081691
1280	0.282958831236953
1281	0.283034751694068
1282	0.283077773276224
1283	0.283116004432022
1284	0.283158892420986
1285	0.283206792128845
1286	0.283244151950912
1287	0.28329355154404
1288	0.283309116335811
1289	0.283352902198965
1290	0.283406547597333
1291	0.283475005110524
1292	0.283465268263096
1293	0.283510471094398
1294	0.283488220478764
1295	0.283503842966518
1296	0.283566577705612
1297	0.283601973335992
1298	0.28363114170244
1299	0.28367412915699
1300	0.283717540647264
1301	0.283774687340732
1302	0.283818694835895
1303	0.283884047801738
1304	0.283967993699285
1305	0.284003888790231
1306	0.284035186646924
1307	0.28405370272873
1308	0.284113564223561
1309	0.284060477651144
1310	0.284093501417596
1311	0.284148288079775
1312	0.284207486175374
1313	0.284257877291959
1314	0.284311509884858
1315	0.284322624609119
1316	0.284339605585749
1317	0.284357074030196
1318	0.284386871669837
1319	0.284461602026425
1320	0.284473099427246
1321	0.284482889564994
1322	0.284488722902041
1323	0.28453183841087
1324	0.28453807572045
1325	0.284545930166618
1326	0.284558420552371
1327	0.284559765632504
1328	0.284572364417921
1329	0.284528638632605
1330	0.284541605160756
1331	0.284504033372883
1332	0.284489097433755
1333	0.284531435105603
1334	0.284579179941029
1335	0.284587187551174
1336	0.284552555835517
1337	0.284544096295379
1338	0.284540940658612
1339	0.284554624645494
1340	0.284563553435997
1341	0.284582668563628
1342	0.284594663510082
1343	0.284597655675258
1344	0.284589724135725
1345	0.284587389805925
1346	0.284602797980097
1347	0.284600403656518
1348	0.284605261409727
1349	0.284633350850816
1350	0.284629536537548
1351	0.284602360113115
1352	0.284536858334064
1353	0.284535010380844
1354	0.284514927302184
1355	0.284498627721257
1356	0.284560501330567
1357	0.284572971859515
1358	0.284603621044603
1359	0.284594494932819
1360	0.284589880167038
1361	0.284591861409455
1362	0.284580157017149
1363	0.284535512740337
1364	0.284483626024105
1365	0.284444641650891
1366	0.28441657547792
1367	0.284381544651967
1368	0.284322754030151
1369	0.284278502810721
1370	0.284193764893521
1371	0.284001570784605
1372	0.283861510734212
1373	0.283708706070932
1374	0.283513971557133
1375	0.28336998043944
1376	0.283189658509713
1377	0.28296066122336
1378	0.282687742363283
1379	0.282439346697364
1380	0.282075248124443
1381	0.281704171876366
1382	0.281204719149743
1383	0.28064929293775
1384	0.280025071361275
1385	0.279365633003401
1386	0.278671949422116
1387	0.277906280682069
1388	0.277170716280312
1389	0.276391173254937
1390	0.275605343723908
1391	0.274891203152647
1392	0.274247113257706
1393	0.273807175834929
1394	0.273437545676429
1395	0.273238091965207
1396	0.273211832870046
1397	0.273247912188728
1398	0.273415865183219
1399	0.273584661751887
1400	0.273812053711339
1401	0.273990901914564
1402	0.274177906813313
1403	0.274330536564622
1404	0.274458732436627
1405	0.27456461471577
1406	0.274616954448179
1407	0.274681300999424
1408	0.274682172399092
1409	0.274741448113502
1410	0.274794717521636
1411	0.274856784278554
1412	0.274987129714647
1413	0.275072708754914
1414	0.27514577844262
1415	0.275197857513169
1416	0.275286932371705
1417	0.275362612091351
1418	0.275487352084895
1419	0.275586703906377
1420	0.275722793527444
1421	0.275818728077607
1422	0.275916095263277
1423	0.276084890315639
1424	0.276219162851084
1425	0.276344376293852
1426	0.276425257215184
1427	0.276518739900574
1428	0.276627044621845
1429	0.276725908760585
1430	0.276835326605507
1431	0.27692913200281
1432	0.277025984595367
1433	0.277175420200172
1434	0.277288532050671
1435	0.277376715233052
1436	0.277477311386967
1437	0.277485030736467
1438	0.277565003474071
1439	0.277686130755672
1440	0.277774432206306
1441	0.277816395876333
1442	0.277900140942445
1443	0.278010596773159
1444	0.278073718672002
1445	0.278169863044798
1446	0.278249449746548
1447	0.278324977195022
1448	0.278383847653644
1449	0.278459862010165
1450	0.278535273254093
1451	0.27862512090077
1452	0.278687929252919
1453	0.278756660546685
1454	0.278827949684075
1455	0.278840142987705
1456	0.278906903875095
1457	0.278991686489786
1458	0.27906705644862
1459	0.279098808527825
1460	0.27915827940103
1461	0.279245146381326
1462	0.27929779347889
1463	0.279362377969156
1464	0.279455915499336
1465	0.279517721632911
1466	0.279600854724142
1467	0.279654011658085
1468	0.279667713299616
1469	0.279749878619869
1470	0.27981317123049
1471	0.279895720341833
1472	0.279970751315323
1473	0.280053708322135
1474	0.280141777657969
1475	0.280186569150252
1476	0.280292222361874
1477	0.280359059861568
1478	0.280420709985182
1479	0.280504858629123
1480	0.280588898699878
1481	0.280651628971581
1482	0.280706671412692
1483	0.28077827601681
1484	0.28080644285184
1485	0.280891766960413
1486	0.280970305900934
1487	0.281025427574867
1488	0.281052323769919
1489	0.281138379217311
1490	0.281198608294382
1491	0.281245656400674
1492	0.281298198576919
1493	0.281336811762596
1494	0.281368509656514
1495	0.281398602023534
1496	0.281515832859808
1497	0.281563628776061
1498	0.281643040529823
1499	0.281699876496057
1500	0.281744164372576
1501	0.281770126378918
1502	0.281813063045909
1503	0.281870420086517
1504	0.28193704302264
1505	0.281963395248668
1506	0.281999901369826
1507	0.282035266623395
1508	0.282075240876327
1509	0.282110805198087
1510	0.282183141102041
1511	0.282218945678678
1512	0.282263627191495
1513	0.282294093553751
1514	0.282340875331613
1515	0.282363947752354
1516	0.282401921073698
1517	0.28242695562331
1518	0.282466269019724
1519	0.282540845356134
1520	0.282620076785127
1521	0.282681563686631
1522	0.282704679922374
1523	0.2827597240552
1524	0.282783020868447
1525	0.282753122692567
1526	0.28275823221075
1527	0.282754708331091
1528	0.282768981780062
1529	0.282788269805039
1530	0.28278853782105
1531	0.282801988360295
1532	0.282867366562327
1533	0.282933950198678
1534	0.282957843909953
1535	0.283015061736733
1536	0.283039142810071
1537	0.283023661394301
1538	0.283033580257459
1539	0.283109646174358
1540	0.283129053757759
1541	0.283162253683413
1542	0.283205488728223
1543	0.283275318049976
1544	0.283295111732721
1545	0.283299911687496
1546	0.283319807616841
1547	0.283318678815356
1548	0.28334812257047
1549	0.283323099220469
1550	0.283333680853485
1551	0.283331713181393
1552	0.2833182826202
1553	0.283315189291598
1554	0.283344909559731
1555	0.283376540415794
1556	0.283382246076788
1557	0.283367332858114
1558	0.283406952590602
1559	0.283466469989702
1560	0.283462722440379
1561	0.283511067683501
1562	0.283551200995446
1563	0.283572915590279
1564	0.28360357799774
1565	0.283594308814012
1566	0.283615361218537
1567	0.283609696403001
1568	0.283621062288835
1569	0.283660522909296
1570	0.283676668521035
1571	0.283666714029283
1572	0.283692778351609
1573	0.283680687869527
1574	0.28366213983062
1575	0.283644152340958
1576	0.283695410978565
1577	0.28376236692959
1578	0.283778927351419
1579	0.283824579588335
1580	0.28387653572732
1581	0.283934458495979
1582	0.283976759780671
1583	0.284025496299762
1584	0.284068100076632
1585	0.284076004108473
1586	0.284113595935782
1587	0.284131553366302
1588	0.28418971115254
1589	0.284258101404225
1590	0.284316744055945
1591	0.284361194981728
1592	0.284420271117553
1593	0.284363961315066
1594	0.284376823471018
1595	0.284389397076934
1596	0.284402360676869
1597	0.284457795566537
1598	0.284512735234059
1599	0.284560824931061
1600	0.284569166338091
1601	0.284600403813882
1602	0.284619295530982
1603	0.284642819501906
1604	0.284682847471292
1605	0.284706126411493
1606	0.284746439136424
1607	0.284791215306796
1608	0.284805284918911
1609	0.284813545013059
1610	0.284838340268999
1611	0.284807121501396
1612	0.284805218436879
1613	0.284856276394994
1614	0.284870654867933
1615	0.284870524238434
1616	0.284911992566706
1617	0.284988159447113
1618	0.285078749728696
1619	0.285135451345296
1620	0.285183154755968
1621	0.285230743521271
1622	0.285218799832357
1623	0.285212611301226
1624	0.285228027196579
1625	0.285287637397179
1626	0.285314275673957
1627	0.285364964994009
1628	0.285402938040948
1629	0.285385972244132
1630	0.285379752445815
1631	0.285412460385901
1632	0.285445315025532
1633	0.285458841321657
1634	0.285463911139636
1635	0.285425359241507
1636	0.285464099689863
1637	0.285477469810652
1638	0.285527794175943
1639	0.285550796940849
1640	0.285573126287385
1641	0.285601067326975
1642	0.28560650009557
1643	0.285667253219545
1644	0.285684335611381
1645	0.285759080469957
1646	0.28579374901803
1647	0.285782267301277
1648	0.28579399730052
1649	0.285811073156162
1650	0.285822923170907
1651	0.285893102159057
1652	0.285899382166434
1653	0.285992941118636
1654	0.285993662617672
1655	0.28598143205869
1656	0.285988074149734
1657	0.285993478277231
1658	0.286006175711935
1659	0.286083592625825
1660	0.28617435202932
1661	0.286260818947197
1662	0.286328601792724
1663	0.286360934691491
1664	0.28644750407498
1665	0.286477061145654
1666	0.286485318385524
1667	0.286546526907522
1668	0.286591584792806
1669	0.286665129115329
1670	0.286692091456966
1671	0.286852858814589
1672	0.286942088740545
1673	0.286899090682169
1674	0.286963925877478
1675	0.287009034151783
1676	0.28704332141444
1677	0.287154507230403
1678	0.287233174021541
1679	0.287270664012749
1680	0.287375313043573
1681	0.287477958710591
1682	0.287539363114987
1683	0.287560439057105
1684	0.287647992187392
1685	0.287729925299485
1686	0.287818387417943
1687	0.287983431286464
1688	0.28806006445069
1689	0.28806820950662
1690	0.288113268713929
1691	0.288176706347628
1692	0.288254680494023
1693	0.288384788957072
1694	0.288483076754631
1695	0.28863973261301
1696	0.288758592544585
1697	0.288795289500569
1698	0.288842266421876
1699	0.288795851788047
1700	0.288849248521875
1701	0.288919159505192
1702	0.288932684354781
1703	0.28900710141411
1704	0.289034395311911
1705	0.289036904491624
1706	0.288974603226185
1707	0.288982852378807
1708	0.289035100867663
1709	0.289081735907979
1710	0.28910764348007
1711	0.289098129683144
1712	0.289058863366324
1713	0.289137905770907
1714	0.289166442944347
1715	0.289194030400049
1716	0.289194175756048
1717	0.289150579438399
1718	0.289083402878059
1719	0.289032958949862
1720	0.289005040432479
1721	0.288907832157852
1722	0.288802142392316
1723	0.288755756037517
1724	0.288669070527655
1725	0.288546266730158
1726	0.288477015938076
1727	0.288328879242786
1728	0.288168129028174
1729	0.288034435568414
1730	0.287946340650738
1731	0.287823277175219
1732	0.287719208076396
1733	0.287667826440392
1734	0.287567967502609
1735	0.287554881701057
1736	0.287458452231959
1737	0.287371524710257
1738	0.287287568218579
1739	0.287160378136225
1740	0.287125027772959
1741	0.287100683677663
1742	0.287043663638691
1743	0.286939545799448
1744	0.286833303775185
1745	0.286815826598389
1746	0.286759416503243
1747	0.286771229492269
1748	0.286766615786483
1749	0.286718454665114
1750	0.286631735122144
1751	0.286566938120825
1752	0.286531391914926
1753	0.286481040305326
1754	0.286405568462445
1755	0.286347485867016
1756	0.286349708534059
1757	0.286320831131513
1758	0.286263553065525
1759	0.286205749614875
1760	0.286113731693084
1761	0.286025608808153
1762	0.285954811298863
1763	0.285900810600813
1764	0.285828479952707
1765	0.285758718856772
1766	0.285702720764856
1767	0.285623572097311
1768	0.285496335289941
1769	0.285438333571408
1770	0.28531607286112
1771	0.285315646915896
1772	0.285252174486464
1773	0.285191138022917
1774	0.285099219437562
1775	0.284979622328681
1776	0.284917680754595
1777	0.284878465266303
1778	0.284784226945116
1779	0.284805017301628
1780	0.284812928165911
1781	0.284720539904935
1782	0.284646622610659
1783	0.284612401953332
1784	0.284587563703945
1785	0.284602347982671
1786	0.284674372600979
1787	0.284631777662478
1788	0.284592795825142
1789	0.284591220493711
1790	0.28454849577584
1791	0.284525091099708
1792	0.284516326892745
1793	0.284528657951402
1794	0.284476892825209
1795	0.284472259920503
1796	0.284498317976487
1797	0.284444816059378
1798	0.2844103929618
1799	0.28446544258515
1800	0.28443598278646
1801	0.284524067905258
1802	0.28454451562946
1803	0.284476541992373
1804	0.284471178202845
1805	0.284475748295817
1806	0.284495765010374
1807	0.284570957507749
1808	0.284587891336479
1809	0.284553396285684
1810	0.284502608331688
1811	0.284562261191498
1812	0.284636659262089
1813	0.284643662497934
1814	0.28470912190615
1815	0.284665113404023
1816	0.284607301584022
1817	0.284661584519313
1818	0.284689139721467
1819	0.28463795866277
1820	0.284637035405358
1821	0.284639907627527
1822	0.284632772743438
1823	0.28472099536802
1824	0.284684241903823
1825	0.284703957977599
1826	0.284745497884858
1827	0.284684508244419
1828	0.284756214952642
1829	0.284776771017756
1830	0.284818641379958
1831	0.284710291686378
1832	0.28486480629471
1833	0.284858559471758
1834	0.284776345837013
1835	0.284717127216585
1836	0.284685913942154
1837	0.284592643144109
1838	0.284592471260553
1839	0.284705673341934
1840	0.284778982989929
1841	0.284737925240131
1842	0.284784097174056
1843	0.284764125740044
1844	0.284705794819576
1845	0.284695459476068
1846	0.284747471924289
1847	0.284780433006671
1848	0.284749291739494
1849	0.284797284392609
1850	0.284759020845086
1851	0.284872122244155
1852	0.284899716695995
1853	0.284866986654895
1854	0.284869912877815
1855	0.284805981189911
1856	0.284748312369838
1857	0.284630347472867
1858	0.28453870016541
1859	0.284479690025248
1860	0.284359009672327
1861	0.284268566110065
1862	0.284390568726525
1863	0.284370591777402
1864	0.284415354689988
1865	0.284354092092479
1866	0.284177428238992
1867	0.284021423783786
1868	0.283913689322496
1869	0.283722068642431
1870	0.283574811933929
1871	0.28349439895219
1872	0.283293189016141
1873	0.282920471838207
1874	0.282668597376671
1875	0.282509978996782
1876	0.282251804857211
1877	0.282041578482395
1878	0.281741671677051
1879	0.281504194141123
1880	0.281075668122847
1881	0.280679943279783
1882	0.280329239682242
1883	0.279872412271606
1884	0.279307447545103
1885	0.278715709126671
1886	0.278100221690723
1887	0.277375137982593
1888	0.276632262676651
1889	0.275904613732743
1890	0.275065580862723
1891	0.274142771249222
1892	0.273293130605825
1893	0.272419041255215
1894	0.271544649230473
1895	0.270678890652331
1896	0.26987584985772
1897	0.269070334960892
1898	0.268283929333823
1899	0.267566911709022
1900	0.2669612608649
1901	0.266349098970803
1902	0.265717852128114
1903	0.265256835596005
1904	0.264897437501087
1905	0.264578931078001
1906	0.264353042641214
1907	0.264174340223987
1908	0.263946058595559
1909	0.26366560030107
1910	0.263498334197118
1911	0.263397860610597
1912	0.263269012020966
1913	0.2632031610313
1914	0.263149938575687
1915	0.263215866052685
1916	0.263259479443023
1917	0.26331268153972
1918	0.263518116083909
1919	0.263598539981758
1920	0.263567705395299
1921	0.263671192159522
1922	0.263863128723913
1923	0.263952220252076
1924	0.264060137532589
1925	0.264193728595593
1926	0.264240527539609
1927	0.26435213320145
1928	0.264500557602685
1929	0.264689790374148
1930	0.264780934613972
1931	0.264811663335489
1932	0.264865664528458
1933	0.264886688707727
1934	0.264975679452624
1935	0.265074621875764
1936	0.265204243739553
1937	0.26543088216539
1938	0.26553853516368
1939	0.265611092111134
1940	0.265647034196762
1941	0.265750125522994
1942	0.265759468108242
1943	0.26586414398804
1944	0.266059748508916
1945	0.26623716033118
1946	0.266388082955204
1947	0.266559279794396
1948	0.266835406706643
1949	0.266995701437876
1950	0.267204777828823
1951	0.267452641326629
1952	0.267588460255975
1953	0.267634857335153
1954	0.267747367820753
1955	0.267748097447569
1956	0.267873729551319
1957	0.268055405054237
1958	0.268217075620683
1959	0.268440719232038
1960	0.268546270911759
1961	0.268671072704089
1962	0.268782123004889
1963	0.268929679719388
1964	0.269055170093045
1965	0.269162889821368
1966	0.269279533844955
1967	0.269448653435717
1968	0.269580083467365
1969	0.26974594804833
1970	0.269938910065419
1971	0.270175038360933
1972	0.270376636537947
1973	0.270561699006933
1974	0.270708811986423
1975	0.270909516162878
1976	0.271036103429705
1977	0.270969321852478
1978	0.271059642152241
1979	0.271095675808266
1980	0.271191505923153
1981	0.27135049589823
1982	0.271660673017963
1983	0.271843122396634
1984	0.271986196569773
1985	0.272148046553328
1986	0.272273800260001
1987	0.272428089992195
1988	0.272579615938035
1989	0.272749904469068
1990	0.272939914530646
1991	0.273113243714383
1992	0.273309175160033
1993	0.273547554470413
1994	0.273761227294954
1995	0.273962211523714
1996	0.274200401022117
1997	0.27448494451453
1998	0.274673933396976
1999	0.274785962966848
2000	0.274962478585977
2001	0.27519571461186
2002	0.275335807032771
2003	0.27532151079763
2004	0.275431066881907
2005	0.275513887276472
2006	0.275570999348683
2007	0.275775655137488
2008	0.276090028519896
2009	0.276362244463717
2010	0.276647543395959
2011	0.276853840708619
2012	0.27702627207737
2013	0.277195643736725
2014	0.277236888096104
2015	0.27732029012887
2016	0.277499801504967
2017	0.277542410023302
2018	0.277624218018042
2019	0.27766615678268
2020	0.277768059594675
2021	0.277876951830479
2022	0.278012279066144
2023	0.278187016616366
2024	0.278293251964772
2025	0.278321148365711
2026	0.278354933319789
2027	0.278446820096726
2028	0.278417506105755
2029	0.278356548927392
2030	0.278454480869911
2031	0.278540250503396
2032	0.278691998589977
2033	0.278791558120742
2034	0.279063819030487
2035	0.279147197499158
2036	0.279193379029297
2037	0.279208249707331
2038	0.279082127138132
2039	0.27901952087751
2040	0.278919988450871
2041	0.279009651286181
2042	0.279065044287058
2043	0.279027973241264
2044	0.278939603763312
2045	0.278694937496176
2046	0.278614592332862
2047	0.278556762672707
2048	0.278562629706669
2049	0.278739666998799
2050	0.278793344313815
2051	0.278728523203553
2052	0.278666342925928
2053	0.278634809661895
2054	0.278612891142645
2055	0.278652031209281
2056	0.278637256866121
2057	0.278570152555636
2058	0.278512491443639
2059	0.278496116966001
2060	0.278476812440556
2061	0.27847915721729
2062	0.278525605107276
2063	0.278550345168876
2064	0.278569177365918
2065	0.278553443351282
2066	0.278504650791851
2067	0.278612981454908
2068	0.278665267471994
2069	0.278728599217174
2070	0.278771542957304
2071	0.278842031415617
2072	0.278893388888692
2073	0.278935369678812
2074	0.27892432063189
2075	0.278835281851978
2076	0.278836475799247
2077	0.278816004467454
2078	0.278866156591196
2079	0.27896856127421
2080	0.279117872376216
2081	0.279166455019827
2082	0.279227675732457
2083	0.279240152695074
2084	0.279338352776136
2085	0.279380712180621
2086	0.279396515254737
2087	0.279439036374128
2088	0.279550937255546
2089	0.279598872922833
2090	0.279750783047326
2091	0.279848857826084
2092	0.279838331544579
2093	0.279788302343941
2094	0.279791538738328
2095	0.279793727232982
2096	0.279796335125602
2097	0.279733545977076
2098	0.279811362180516
2099	0.279927831553767
2100	0.279989675091745
2101	0.280183638122605
2102	0.280249873533251
2103	0.280134249923463
2104	0.280130558107784
2105	0.280181527296797
2106	0.280172705806927
2107	0.280148015441923
2108	0.280101612520462
2109	0.280032584065868
2110	0.27997779874918
2111	0.279945507531301
2112	0.279957520553545
2113	0.279984237632171
2114	0.27995394051322
2115	0.279939317611708
2116	0.279939319168782
2117	0.279863608340921
2118	0.279611430433733
2119	0.27946841336848
2120	0.279397914468098
2121	0.279344887194717
2122	0.279305671933272
2123	0.279480592968961
2124	0.279552222340432
2125	0.279228812552939
2126	0.278953187901798
2127	0.278825194621373
2128	0.278577724819244
2129	0.278452864998016
2130	0.278412605296398
2131	0.278118601680287
2132	0.277864192888618
2133	0.277636911610255
2134	0.277405649919138
2135	0.277079763005107
2136	0.276788059953465
2137	0.276569735341803
2138	0.276226036147508
2139	0.275894560465314
2140	0.275629625688395
2141	0.275380600214175
2142	0.275170661851623
2143	0.274908157605769
2144	0.27453120782619
2145	0.274316942476413
2146	0.274112333367083
2147	0.273811195198542
2148	0.273437768157079
2149	0.273062389849676
2150	0.272649322610083
2151	0.272202688930673
2152	0.271721448077923
2153	0.271291893888702
2154	0.270908185738148
2155	0.270390367952009
2156	0.269963037152937
2157	0.269366630646687
2158	0.268656339747848
2159	0.267895097540717
2160	0.26722037095011
2161	0.266728659208563
2162	0.266085101097172
2163	0.265318342079229
2164	0.264542564018473
2165	0.263573620788909
2166	0.262970981398795
2167	0.262511247515277
2168	0.262092811447166
2169	0.261902107498866
2170	0.261635303327945
2171	0.261335749921392
2172	0.261128697795378
2173	0.261144295273334
2174	0.261245528321554
2175	0.261423831933662
2176	0.261651066247449
2177	0.261792302660901
2178	0.261733081026807
2179	0.261771803696452
2180	0.261757245097807
2181	0.261718117571406
2182	0.261802591954637
2183	0.261822401508546
2184	0.2618384846579
2185	0.261732240909463
2186	0.261656506874353
2187	0.261478563710225
2188	0.261205430350172
2189	0.260926183702056
2190	0.260628230161991
2191	0.260277888107855
2192	0.259902040470399
2193	0.259566185183408
2194	0.259382369543565
2195	0.259194651801898
2196	0.258881915299646
2197	0.258703733118666
2198	0.25843683901005
2199	0.257882266832601
2200	0.257241719610155
2201	0.25667993056808
2202	0.256301929402508
2203	0.256022767516247
2204	0.255717737242606
2205	0.25565273531145
2206	0.255511307475826
2207	0.255364638089082
2208	0.255099607969508
2209	0.25492043843245
2210	0.254665133173994
2211	0.254488804261416
2212	0.254253042843672
2213	0.254175526011908
2214	0.254253463945261
2215	0.254335258746359
2216	0.25449753060776
2217	0.254769376142825
2218	0.255022015259742
2219	0.255039070485973
2220	0.255070082436515
2221	0.255031985633626
2222	0.255010951310979
2223	0.255165852074934
2224	0.2554768842764
2225	0.255695870551276
2226	0.2561210182983
2227	0.256394630818132
2228	0.25655800935338
2229	0.25681486118109
2230	0.257128177671276
2231	0.257371157079864
2232	0.257531676356053
2233	0.257720612622227
2234	0.25801827208124
2235	0.258264896340047
2236	0.258363018738028
2237	0.258783848034795
2238	0.259247762269561
2239	0.259512470978419
2240	0.259883356841594
2241	0.260190815743042
2242	0.260443486230359
2243	0.260707338358927
2244	0.261038897486245
2245	0.261488173755066
2246	0.261815382934887
2247	0.262113734355049
2248	0.262445627829555
2249	0.262886367072784
2250	0.263333738094744
2251	0.263853510312476
2252	0.264286428809603
2253	0.264757117098389
2254	0.26508486343704
2255	0.265379616236969
2256	0.265571046155359
2257	0.265830327131529
2258	0.266080882948569
2259	0.266458114607893
2260	0.267001767891052
2261	0.26746742753083
2262	0.26787776660574
2263	0.268090112005245
2264	0.268142864697056
2265	0.26846184339507
2266	0.26856171069495
2267	0.268706752399051
2268	0.269235615186082
2269	0.269450692193326
2270	0.269447188376921
2271	0.269564324871926
2272	0.269736015658974
2273	0.269657449869964
2274	0.269458593293386
2275	0.269453638061632
2276	0.269237200385992
2277	0.269244741831806
2278	0.269634127902598
2279	0.269777223417535
2280	0.269903338175737
2281	0.269882793338809
2282	0.27003582652907
2283	0.269936039376166
2284	0.26967828552508
2285	0.269922269200454
2286	0.27008656598069
2287	0.269966170627207
2288	0.270345597533792
2289	0.270695735869978
2290	0.2705612081111
2291	0.270870598573968
2292	0.271123254509053
2293	0.270912197350793
2294	0.270936709126592
2295	0.271151338381468
2296	0.271225404250996
2297	0.270985999075289
2298	0.271074257802898
2299	0.271387454981188
2300	0.271512249508237
2301	0.27175691090505
2302	0.27190852440654
2303	0.27201847960366
2304	0.272035346643526
2305	0.272216323537764
2306	0.272175015452474
2307	0.271896507040325
2308	0.271680385151318
2309	0.271403267262873
2310	0.27109483463481
2311	0.270702235897621
2312	0.270662072854049
2313	0.270475224004271
2314	0.269825514529978
2315	0.26955838961914
2316	0.269254434213585
2317	0.268838106803273
2318	0.268719500350507
2319	0.268459439326552
2320	0.268203552002848
2321	0.268162633496781
2322	0.268274348953947
2323	0.268326116144193
2324	0.268287082624553
2325	0.268248933417077
2326	0.267984237376913
2327	0.267919804468411
2328	0.268035448819884
2329	0.268037223017207
2330	0.267930104049529
2331	0.26796288612269
2332	0.267836946954836
2333	0.267972079263427
2334	0.268235048747126
2335	0.268373005813639
2336	0.268636434483336
2337	0.268798042537704
2338	0.268694345086278
2339	0.268659148485386
2340	0.268747823004701
2341	0.268696070395324
2342	0.268658256895219
2343	0.268527131483177
2344	0.268343720807524
2345	0.268243399594583
2346	0.268141342621916
2347	0.268010240289659
2348	0.267880482540874
2349	0.267693856444471
2350	0.267550799159043
2351	0.267534091032302
2352	0.267593688058895
2353	0.267540200665542
2354	0.267285422802421
2355	0.266791747397727
2356	0.266253363153427
2357	0.26598340431592
2358	0.265727988644014
2359	0.265419294421061
2360	0.265329049665064
2361	0.265100637649341
2362	0.26481538342057
2363	0.264692112590703
2364	0.264328006003741
2365	0.263734670107187
2366	0.26335227392216
2367	0.26298654098566
2368	0.262789734661716
2369	0.262732849822575
2370	0.262587688608209
2371	0.262420711496025
2372	0.262024438195394
2373	0.261420340691914
2374	0.26094111390607
2375	0.260427268583408
2376	0.259885814877537
2377	0.259334497958037
2378	0.258927328597617
2379	0.258349237132809
2380	0.258006251774044
2381	0.257953727587551
2382	0.257550781422038
2383	0.257166446855941
2384	0.256718995188643
2385	0.255905556506492
2386	0.255390505958655
2387	0.254893050239536
2388	0.254461379096889
2389	0.254215162401739
2390	0.253852311018233
2391	0.253678542738891
2392	0.253289368493963
2393	0.252748978363077
2394	0.252292130687079
2395	0.251849167501159
2396	0.251481738364978
2397	0.251363366699144
2398	0.251109556170469
2399	0.250845537229701
2400	0.250391808070909
2401	0.250261845443172
2402	0.250033124247791
2403	0.24961701668715
2404	0.249311915468614
2405	0.249070937826242
2406	0.24868742953622
2407	0.248094546660266
2408	0.247839975390524
2409	0.247381236467697
2410	0.246665179204406
2411	0.246265750901741
2412	0.246275381225836
2413	0.246214018459491
2414	0.245756820804797
2415	0.245378315470919
2416	0.244816897606817
2417	0.243920615303044
2418	0.243837421821968
2419	0.244001366376416
2420	0.243989147472465
2421	0.243909908203333
2422	0.244072129721418
2423	0.244076299813021
2424	0.243759551497852
2425	0.243744953243504
2426	0.244087877925187
2427	0.243695300986164
2428	0.24292267684313
2429	0.242494478987002
2430	0.241869437381814
2431	0.241526807148269
2432	0.241669210432594
2433	0.241592838835982
2434	0.241278704049043
2435	0.241171329566099
2436	0.24130135717993
2437	0.241269454318485
2438	0.241279951486121
2439	0.240939828582948
2440	0.240213650590651
2441	0.239812145080932
2442	0.239173379178212
2443	0.238915097321614
2444	0.238985888325514
2445	0.238885153701374
2446	0.238515466495405
2447	0.238224771076584
2448	0.23817177719278
2449	0.237849090541164
2450	0.237251268978447
2451	0.236859893651611
2452	0.235971072962432
2453	0.23570449869007
2454	0.235896911621668
2455	0.235746599430631
2456	0.236008207963473
2457	0.235890429966997
2458	0.235679459853072
2459	0.235262424322363
2460	0.234452662713386
2461	0.233839790892103
2462	0.232738812133082
2463	0.232169265744121
2464	0.232221785502141
2465	0.232006853341748
2466	0.231834570135616
2467	0.231699752647859
2468	0.231454990074093
2469	0.231083511982319
2470	0.230555253326184
2471	0.23014065211697
2472	0.229533713370396
2473	0.229063130757121
2474	0.228566432183294
2475	0.228362202426609
2476	0.22829882707587
2477	0.22827278612195
2478	0.229011913216611
2479	0.228843204289535
2480	0.227972639667457
2481	0.227665995656009
2482	0.227300480550906
2483	0.226950871798262
2484	0.227079146539941
2485	0.226518682389229
2486	0.225472372805247
2487	0.224854906289737
2488	0.224346300710623
2489	0.223797791738096
2490	0.22328640436286
2491	0.223122608011489
2492	0.223188974843769
2493	0.223151629813964
2494	0.223573024319067
2495	0.223662646371685
2496	0.223533009755181
2497	0.223314238443469
2498	0.223015171580324
2499	0.222596477423561
2500	0.221383885751144
