350	0.238885651820975
351	0.246538878773542
352	0.274745347760456
353	0.258817223077267
354	0.22954821977459
355	0.252140542897307
356	0.265696968861185
357	0.270243142226977
358	0.250740842430153
359	0.233961205751233
360	0.258594749644961
361	0.266899278405284
362	0.247040870929997
363	0.240250814348013
364	0.25022701269455
365	0.257502430500533
366	0.243274309303494
367	0.214782238330393
368	0.225638385344225
369	0.246063410713578
370	0.246817332601765
371	0.22934298234056
372	0.236107981432241
373	0.24191997599341
374	0.242543906755983
375	0.235971252086763
376	0.2245930581249
377	0.234066062264751
378	0.244101567087253
379	0.22728968777073
380	0.218510349168919
381	0.220875926907572
382	0.226500167772724
383	0.224582486120948
384	0.217134100709169
385	0.220852605877194
386	0.228841602646458
387	0.228933819678683
388	0.215573319043153
389	0.214555289247614
390	0.223465020875474
391	0.220063978945936
392	0.212627250521742
393	0.211753239708996
394	0.224275593608508
395	0.223395876766273
396	0.215452507400313
397	0.214891386622773
398	0.220290596873434
399	0.223049422159333
400	0.215048665325339
401	0.212202324382898
402	0.221901462422185
403	0.222085478878462
404	0.215387529736897
405	0.214211076280042
406	0.216878986220233
407	0.220209935216311
408	0.218243791785463
409	0.213067474796978
410	0.210929802701231
411	0.216132157779132
412	0.214899829584286
413	0.211239780414241
414	0.212537986426235
415	0.214774911827714
416	0.215741887848012
417	0.213997222522017
418	0.209501722983456
419	0.212597757164544
420	0.214980642848358
421	0.211269965294491
422	0.209253551708378
423	0.210875162602846
424	0.214059212587005
425	0.21204227018662
426	0.209856018592809
427	0.21024233784747
428	0.210527541543125
429	0.211244225233031
430	0.209174209479421
431	0.208784843877519
432	0.210185297830786
433	0.21058746464373
434	0.20825998563233
435	0.2074593272776
436	0.209784806269377
437	0.211299767407745
438	0.210743405658795
439	0.209790601661033
440	0.209775568314778
441	0.211486221676903
442	0.210749171956933
443	0.210032325886823
444	0.21076760544389
445	0.212463449328141
446	0.212097819859482
447	0.211318625149468
448	0.211357880124106
449	0.212814610127495
450	0.212781867823401
451	0.211990030828362
452	0.211798959681647
453	0.213271505726134
454	0.214079163352339
455	0.213677568229361
456	0.212549917212873
457	0.213151603637784
458	0.214003638389069
459	0.213780903872401
460	0.212834956716075
461	0.213381513397363
462	0.214499933123864
463	0.214689885860501
464	0.213805382774424
465	0.214152256276835
466	0.215312744408589
467	0.215619218269202
468	0.214460772083179
469	0.213792716563359
470	0.214534731320401
471	0.21537725720712
472	0.215145300260059
473	0.214767249060322
474	0.215214528243563
475	0.215960151815608
476	0.216043816420252
477	0.215755390778723
478	0.215639203187648
479	0.216633163706565
480	0.217457395819414
481	0.217169138315664
482	0.216758028662232
483	0.217456268069062
484	0.218239273176202
485	0.217278086128676
486	0.217247918597164
487	0.218077471792609
488	0.21888802638826
489	0.218583167090918
490	0.218492451765502
491	0.218948781108892
492	0.219573342598519
493	0.219688927776903
494	0.219595779748646
495	0.219809616775761
496	0.220869890257356
497	0.22134475448385
498	0.221283939050516
499	0.221155032534964
500	0.222207488749495
501	0.222754348643925
502	0.222919521756987
503	0.222853025787917
504	0.223497656497085
505	0.2243470951185
506	0.225011940117962
507	0.224625158416962
508	0.224993610893528
509	0.225899861076299
510	0.226537942604075
511	0.226522053792474
512	0.226686903185668
513	0.22720564770058
514	0.22808829750337
515	0.228338359852709
516	0.22865691916901
517	0.229200472077513
518	0.229580002747105
519	0.229925067576513
520	0.230135867665759
521	0.230442271852984
522	0.231259749260023
523	0.231794673125258
524	0.23195060285469
525	0.232612960888366
526	0.233353281336012
527	0.233714128492193
528	0.233866610347684
529	0.234083832859072
530	0.234816051242184
531	0.235493810276623
532	0.236049103682596
533	0.236271700450074
534	0.236717725857892
535	0.237402703934229
536	0.238022774115093
537	0.238313485422409
538	0.238654547188834
539	0.23928894701985
540	0.239841992390176
541	0.239983562914879
542	0.240443095114308
543	0.241147609260137
544	0.241739168668313
545	0.241974413204663
546	0.242296097940106
547	0.242917376456226
548	0.243649966331517
549	0.244255537130134
550	0.244664854221416
551	0.245096767265644
552	0.24580394735904
553	0.246467302217321
554	0.246852996578114
555	0.24716426007772
556	0.24791985726208
557	0.24865352652016
558	0.249027200128832
559	0.24956288925391
560	0.250213922631553
561	0.250863910671483
562	0.251257867303561
563	0.251774148707047
564	0.252439044758524
565	0.253123144068078
566	0.253779873173604
567	0.254209206088278
568	0.254563240519597
569	0.255136851518273
570	0.255794709347814
571	0.256376246497376
572	0.256776558904924
573	0.257277598461647
574	0.257949528317745
575	0.258447701479311
576	0.258727574955875
577	0.259168660172675
578	0.259813706059597
579	0.26035019120416
580	0.260622488289369
581	0.26095197748543
582	0.261479380414022
583	0.262127980175718
584	0.26243639979678
585	0.262833110878623
586	0.26320933813064
587	0.263861142019945
588	0.264291469482929
589	0.264574303161997
590	0.264889229773902
591	0.26546477946706
592	0.265847203372289
593	0.266204839874048
594	0.266466921752067
595	0.266931933528224
596	0.267353458140329
597	0.267718088790736
598	0.26793491522917
599	0.268402626338058
600	0.268869792732523
601	0.269247946842648
602	0.269418117608048
603	0.269829552590176
604	0.270298252455517
605	0.270599995816647
606	0.270796466474197
607	0.271085470702098
608	0.271547208731714
609	0.272077646892969
610	0.272314345200299
611	0.272534938970162
612	0.272833718659632
613	0.273316851850574
614	0.273603639341834
615	0.273836904372721
616	0.274227698910224
617	0.274659712070589
618	0.274987263012968
619	0.275297603785527
620	0.275534149053925
621	0.275909159876151
622	0.27633241637192
623	0.276593759832754
624	0.276907188348395
625	0.277184185142708
626	0.277631988662847
627	0.277925032022128
628	0.278190486669929
629	0.278516875727766
630	0.278823295233087
631	0.279271750297666
632	0.279545298629937
633	0.279780497617675
634	0.280242361861669
635	0.280579804112428
636	0.280779185497188
637	0.280931262614307
638	0.281222788358982
639	0.28169543609622
640	0.282004648988345
641	0.282077874187459
642	0.282415166124983
643	0.282766095408122
644	0.283137972761347
645	0.283313279455964
646	0.283471180618819
647	0.283835341054318
648	0.284167634576988
649	0.284261667348804
650	0.284452660907555
651	0.284774453796875
652	0.285141949760628
653	0.285297691003018
654	0.285425072810239
655	0.28571452347994
656	0.286052777050526
657	0.286210750637426
658	0.2862862450566
659	0.286472514939598
660	0.286781635560852
661	0.287096864473866
662	0.287310831028436
663	0.287486654066274
664	0.287794297724065
665	0.288082896420235
666	0.288254668591831
667	0.288365842303244
668	0.288634324461554
669	0.288914971859844
670	0.289142412459786
671	0.289351171833441
672	0.289614710578205
673	0.289926295532864
674	0.290263705794641
675	0.290431500664882
676	0.290619810442674
677	0.291026005730748
678	0.291335278176198
679	0.291583171443574
680	0.29174389189283
681	0.29196834722522
682	0.292352899570736
683	0.292662912696791
684	0.292786530181988
685	0.292972801394555
686	0.293355072669119
687	0.293645738829834
688	0.293792351363737
689	0.293987359343826
690	0.294242839295044
691	0.294555695969669
692	0.29479960943118
693	0.295074190829301
694	0.295466981108033
695	0.296116277956564
696	0.296857712232423
697	0.297187103309144
698	0.297207237878134
699	0.29705876022243
700	0.29698818908739
701	0.297095950627733
702	0.297294363122114
703	0.297616198887906
704	0.297916958160425
705	0.29815853147522
706	0.2983436001881
707	0.298696270698187
708	0.298987389680425
709	0.299236903187809
710	0.299461965101112
711	0.299695316655819
712	0.299955481294001
713	0.300197214228139
714	0.300369874558601
715	0.300630713357667
716	0.300907328248516
717	0.301246377611235
718	0.301405460291639
719	0.301558645668539
720	0.301793260390153
721	0.302076379683453
722	0.302244051293049
723	0.302413480284998
724	0.302616792872327
725	0.302892274453199
726	0.303130078422054
727	0.303323407490449
728	0.303521170956241
729	0.303796214287103
730	0.304031408190776
731	0.304170111218401
732	0.304307720469757
733	0.30458366707011
734	0.304818681518517
735	0.30499023153862
736	0.305142442236709
737	0.30541611578877
738	0.305675771030242
739	0.305880857844335
740	0.30600005914794
741	0.306203187140603
742	0.30652123450504
743	0.306678303640539
744	0.306847006735386
745	0.307066785640931
746	0.307271661846
747	0.307504338043801
748	0.307661521462645
749	0.307839953706003
750	0.308042554300427
751	0.308287876404255
752	0.30848555195388
753	0.308572983959713
754	0.308728705020426
755	0.308989111659463
756	0.309184068188125
757	0.30933446434649
758	0.309437435196029
759	0.309639458695315
760	0.309848171967476
761	0.309945828481016
762	0.310019087509397
763	0.310150590861343
764	0.310335098156699
765	0.310539082587179
766	0.310713105089884
767	0.310906805012713
768	0.311155653718285
769	0.311356785328683
770	0.3115007606422
771	0.311678317290163
772	0.311961364507298
773	0.31211389320827
774	0.312216985350391
775	0.312361912217468
776	0.312516306140523
777	0.312718718121008
778	0.312839309423102
779	0.312967032063618
780	0.313186301979034
781	0.313414191709737
782	0.313529167547126
783	0.31360091921321
784	0.313751570834576
785	0.313953946148774
786	0.314096881217033
787	0.31421478463556
788	0.314341054238373
789	0.314541032321578
790	0.314749734184103
791	0.314789491757405
792	0.314943502473955
793	0.31514335903699
794	0.315347649919609
795	0.315465200240673
796	0.315603348714324
797	0.31576718062216
798	0.315970811196859
799	0.316078312531426
800	0.316180905567265
801	0.316376498635597
802	0.316554096414756
803	0.316638059714378
804	0.316769551370331
805	0.316924193633309
806	0.317134649496999
807	0.317322705792546
808	0.317420944849925
809	0.31753518363121
810	0.317764494275828
811	0.317941785010223
812	0.318058582809716
813	0.318144661302075
814	0.318323744786705
815	0.318543043346056
816	0.318680350830892
817	0.318727946597344
818	0.318890964057306
819	0.319081363397816
820	0.319277811216667
821	0.319425582789432
822	0.31952786814032
823	0.319706044165487
824	0.319846593273866
825	0.319951384566541
826	0.320012317377767
827	0.320231727458675
828	0.320387843411389
829	0.320513530980719
830	0.3206544565935
831	0.320801688427125
832	0.320959859085723
833	0.321066254752321
834	0.321146700110069
835	0.32128486684754
836	0.321483283015867
837	0.321606947381526
838	0.321667173783289
839	0.321704621298768
840	0.321931635172039
841	0.322122285991072
842	0.322191991344888
843	0.322235242356623
844	0.322403582814529
845	0.322579773193616
846	0.322646271334868
847	0.322711079428499
848	0.322875487043866
849	0.323046440469754
850	0.323212604473443
851	0.323244357835316
852	0.323338829911873
853	0.323506679041715
854	0.323664753731951
855	0.323665117310361
856	0.323814711944173
857	0.324002596983265
858	0.324169845857354
859	0.324177870517233
860	0.324257508987588
861	0.324467482521793
862	0.324655354794241
863	0.324716246722228
864	0.324710186984268
865	0.324881453492892
866	0.325140986565399
867	0.325247964283275
868	0.325258633905631
869	0.325453466561896
870	0.325640203379459
871	0.325721633768276
872	0.32572521840022
873	0.32586633143128
874	0.326167545293451
875	0.326356022100913
876	0.326397004258912
877	0.326495775265353
878	0.326715070981479
879	0.32691389280112
880	0.327034411976405
881	0.327143693990891
882	0.327353440451653
883	0.327647450891097
884	0.327750186432851
885	0.327843494218476
886	0.328043043408456
887	0.328276346602095
888	0.328421189942068
889	0.32853109374179
890	0.328844038181743
891	0.329108181164545
892	0.329155113713303
893	0.329190407110761
894	0.329394952049966
895	0.329665905484037
896	0.329734801513716
897	0.329819249400333
898	0.329987211050017
899	0.330362769154093
900	0.330434799354677
901	0.33048580850366
902	0.330585851411654
903	0.33085176117222
904	0.331033196805338
905	0.331147278694402
906	0.33123981977372
907	0.331573702150227
908	0.331752527154981
909	0.331842490223784
910	0.331897560192435
911	0.33203121493325
912	0.332263423357389
913	0.332382871739288
914	0.332424054235214
915	0.33268399056244
916	0.332923995050746
917	0.33295453068068
918	0.332958952327094
919	0.333295250752152
920	0.333566492343457
921	0.333601413857156
922	0.333683813769591
923	0.333876885882781
924	0.334204898068901
925	0.334268618381223
926	0.33426858865376
927	0.334423612957527
928	0.334808759206524
929	0.334843065822186
930	0.334803026168573
931	0.334905832977345
932	0.335293473755506
933	0.33556735790436
934	0.335508664543895
935	0.335405834019178
936	0.335745098993121
937	0.335969232802387
938	0.336075191504837
939	0.336186152318695
940	0.336495706185719
941	0.336761797370479
942	0.336659898537172
943	0.336561409150413
944	0.336841033742747
945	0.337114233015002
946	0.337139612046563
947	0.337036633918857
948	0.337310899663903
949	0.337663058180417
950	0.337604962743324
951	0.337562184157252
952	0.337747031181274
953	0.338176494792872
954	0.338347799783872
955	0.338271933329577
956	0.338246064429022
957	0.338718891907268
958	0.338856868295609
959	0.338922187518097
960	0.339191420502147
961	0.339494567404558
962	0.339591948034027
963	0.33942673453644
964	0.339492171191602
965	0.339853038804125
966	0.340207512667924
967	0.340191024693227
968	0.340320452680775
969	0.340713507817929
970	0.3407475116392
971	0.340647922582235
972	0.340597862484232
973	0.340954441402691
974	0.341688290362457
975	0.341530158483794
976	0.341436100825203
977	0.341632099227043
978	0.341984238495354
979	0.34206629250665
980	0.342170369141539
981	0.34244694486676
982	0.342765739732886
983	0.342620098265772
984	0.342743827342629
985	0.342987429782915
986	0.343339597192607
987	0.343151144991416
988	0.343062360346982
989	0.343355071456916
990	0.343883744416075
991	0.34402906455837
992	0.343947341666705
993	0.344180586648684
994	0.344466692843398
995	0.344528738842446
996	0.344310662824317
997	0.345096770351454
998	0.345460831582328
999	0.345117445090737
1000	0.344692851524988
1001	0.351282871764386
1002	0.351399906350703
1003	0.351691580941359
1004	0.352030806165693
1005	0.352118314602953
1006	0.352323116659766
1007	0.352451462970033
1008	0.352444732732292
1009	0.352447843610625
1010	0.352688528273427
1011	0.352811454742971
1012	0.352832969922182
1013	0.353073357972419
1014	0.353277148503129
1015	0.353476211705966
1016	0.353549076711923
1017	0.353660567662484
1018	0.35373144868943
1019	0.353744758895065
1020	0.353929175728766
1021	0.354115198481987
1022	0.354295235812673
1023	0.35445804012797
1024	0.354554407494303
1025	0.354614456721855
1026	0.354819516837586
1027	0.354977427100256
1028	0.354990699749521
1029	0.355221381989983
1030	0.355299620627523
1031	0.355487459837309
1032	0.355709662650426
1033	0.355854946360693
1034	0.355960329368921
1035	0.356102319194391
1036	0.356176917955562
1037	0.356382573056472
1038	0.356581770959497
1039	0.356716646373838
1040	0.35678120713919
1041	0.357014419565255
1042	0.35695923321655
1043	0.357121833416187
1044	0.357384563700948
1045	0.35760211402597
1046	0.35779607293682
1047	0.357977670640516
1048	0.358105105627821
1049	0.358241232174236
1050	0.358434894488314
1051	0.358493188144847
1052	0.358683610472245
1053	0.358805088126939
1054	0.358931629597711
1055	0.359112855054035
1056	0.359264489495664
1057	0.359511726594771
1058	0.359589863343786
1059	0.359711343498216
1060	0.35993129380798
1061	0.360041011366867
1062	0.360165076918363
1063	0.360322932779088
1064	0.360337769154922
1065	0.360485792468852
1066	0.36082117206671
1067	0.360862106235892
1068	0.360767905425357
1069	0.360881386442634
1070	0.361022477319315
1071	0.361156477135943
1072	0.361407809592514
1073	0.361625155279298
1074	0.361638803284814
1075	0.361699225828027
1076	0.361767783135469
1077	0.361844012780505
1078	0.362029298901588
1079	0.362212475570744
1080	0.362348604856632
1081	0.36265018296825
1082	0.362744647060873
1083	0.362781486827177
1084	0.362865341727601
1085	0.362986773054558
1086	0.363055171835948
1087	0.363218848295612
1088	0.363370474665414
1089	0.36347510158786
1090	0.363560526952409
1091	0.36367260699827
1092	0.363825116346094
1093	0.36395248081325
1094	0.364076654439689
1095	0.364199918419774
1096	0.364388858299525
1097	0.364601353773938
1098	0.364767547936623
1099	0.364894471232469
1100	0.364989840155093
1101	0.36509764476929
1102	0.365107904376958
1103	0.365225408619519
1104	0.365362967358597
1105	0.365487423977581
1106	0.36563065274375
1107	0.365762207167429
1108	0.365908875113937
1109	0.366042200271625
1110	0.366179770312194
1111	0.366294262351482
1112	0.36649011001014
1113	0.366690852801435
1114	0.366789839524281
1115	0.366904640248455
1116	0.367023080002635
1117	0.367086487834663
1118	0.367208785659484
1119	0.367317769186879
1120	0.367408694107766
1121	0.367539843084756
1122	0.367702931064294
1123	0.367859454705168
1124	0.368037193594498
1125	0.368160580225731
1126	0.368313439203123
1127	0.368420204216547
1128	0.368578098068754
1129	0.368678417940702
1130	0.368780982367772
1131	0.368869140831813
1132	0.368957932216522
1133	0.369064013328712
1134	0.369231687788069
1135	0.36933639835723
1136	0.369446959189083
1137	0.369562612569369
1138	0.369718867409215
1139	0.369910104102779
1140	0.370084479880332
1141	0.370156948176952
1142	0.370324109472596
1143	0.370406276459168
1144	0.370462278483825
1145	0.370549513371291
1146	0.370635602625625
1147	0.370764356420517
1148	0.370873537592731
1149	0.370926830894156
1150	0.371128960736343
1151	0.371225126269956
1152	0.371318451993407
1153	0.371487485585012
1154	0.371671022426935
1155	0.371788384757587
1156	0.371901200632306
1157	0.372011326894523
1158	0.372132340897924
1159	0.37229216412779
1160	0.372415190199267
1161	0.372533110612527
1162	0.372630659917449
1163	0.372751971811674
1164	0.37285708470015
1165	0.372992819791886
1166	0.373141067039196
1167	0.373251394469451
1168	0.37337670266064
1169	0.37353356649309
1170	0.37363906238449
1171	0.373763056732605
1172	0.373913967111468
1173	0.374070558235167
1174	0.374187486106725
1175	0.374310456336985
1176	0.374489046738067
1177	0.374568442515924
1178	0.374625457377942
1179	0.374714078848702
1180	0.374884082048799
1181	0.375007119319312
1182	0.375160177823767
1183	0.375282572651185
1184	0.375396671528442
1185	0.375485790876201
1186	0.375545288356124
1187	0.375626410749515
1188	0.375768393893158
1189	0.375863377725076
1190	0.375969502591817
1191	0.376091905248785
1192	0.376184567292239
1193	0.376303683443857
1194	0.376361006468634
1195	0.376471724517764
1196	0.376548610848405
1197	0.376551235384422
1198	0.376618012374216
1199	0.376688053952115
1200	0.37672018026724
1201	0.376821798079151
1202	0.376917300668357
1203	0.376972455458409
1204	0.377055721001257
1205	0.377143123501195
1206	0.377203800967165
1207	0.377324614149794
1208	0.37745337638235
1209	0.377558559491487
1210	0.377624217964298
1211	0.37768060155849
1212	0.377743805581494
1213	0.377829399722884
1214	0.377905552394404
1215	0.378020284429962
1216	0.378117118324154
1217	0.378207452609304
1218	0.378246550500449
1219	0.378303180093297
1220	0.378388241576848
1221	0.378420205203424
1222	0.378530863886645
1223	0.378648150456692
1224	0.378757781362246
1225	0.37886178941643
1226	0.37895259339012
1227	0.379019496180579
1228	0.379115522341291
1229	0.379178100248813
1230	0.379250083734429
1231	0.379348204235157
1232	0.379449480028661
1233	0.379517504875013
1234	0.379580121720234
1235	0.379704834423536
1236	0.379758152868189
1237	0.379866418112034
1238	0.37993442517525
1239	0.380089670559965
1240	0.380187103548666
1241	0.38022737754231
1242	0.380232071840061
1243	0.38038157540561
1244	0.380449398128855
1245	0.38055245729943
1246	0.38059888132188
1247	0.380716778979283
1248	0.380825765525811
1249	0.380934586187159
1250	0.381042104283574
1251	0.381156667726025
1252	0.381210007942607
1253	0.381315553392947
1254	0.381399358001185
1255	0.381495919649654
1256	0.381616762740435
1257	0.381719256680786
1258	0.38181730791113
1259	0.381871911237904
1260	0.381959459701602
1261	0.382083215004519
1262	0.382156019526981
1263	0.382270971522929
1264	0.38234978035269
1265	0.382428410836619
1266	0.382471238246468
1267	0.382550122938383
1268	0.382653450066027
1269	0.382749574707251
1270	0.382859299706208
1271	0.382964673752083
1272	0.383007627374509
1273	0.383046154635351
1274	0.383146947348609
1275	0.38329879284838
1276	0.383378594905329
1277	0.383482470413027
1278	0.383565864418411
1279	0.383637575680453
1280	0.383684286800374
1281	0.38383117518887
1282	0.383937946961383
1283	0.384082234304126
1284	0.384177935412752
1285	0.384261297256309
1286	0.384323443084549
1287	0.384402015934581
1288	0.38442000622897
1289	0.384506005395472
1290	0.384569586615747
1291	0.384647210806271
1292	0.384759561791719
1293	0.384848482331832
1294	0.384920222882698
1295	0.384997287470441
1296	0.385053576238616
1297	0.385111640993679
1298	0.385109666191375
1299	0.385174802098215
1300	0.385191929026957
1301	0.385257381934362
1302	0.385292480143641
1303	0.38533432952456
1304	0.385425927550192
1305	0.385436944969146
1306	0.38548360213002
1307	0.385568538526269
1308	0.385575994254924
1309	0.385622861408751
1310	0.385645574564615
1311	0.385712559813406
1312	0.385764560085123
1313	0.385728488025402
1314	0.385782698239131
1315	0.385872642293274
1316	0.38594524030258
1317	0.385944085849441
1318	0.386015154540582
1319	0.386071255594249
1320	0.386071545962757
1321	0.386127426954294
1322	0.386159306785259
1323	0.386203112799719
1324	0.386217280041577
1325	0.386314671774648
1326	0.386416547629028
1327	0.386434740967381
1328	0.386505919796389
1329	0.386587952902674
1330	0.386628861704546
1331	0.3866584197635
1332	0.386697327783052
1333	0.386746412694794
1334	0.38684365098533
1335	0.386855267432109
1336	0.386868726689792
1337	0.386921290588757
1338	0.387012593001233
1339	0.387103939863618
1340	0.387173678188521
1341	0.387267402572433
1342	0.387353929713124
1343	0.387410372460849
1344	0.387459815126865
1345	0.387520574971755
1346	0.38750110861006
1347	0.387560733604283
1348	0.387678712450239
1349	0.387752144176455
1350	0.387744202854687
1351	0.387823938679125
1352	0.387899855897798
1353	0.387954294077464
1354	0.38805132070417
1355	0.388130373670538
1356	0.388172963811979
1357	0.388231676314942
1358	0.388224081140952
1359	0.388281309814007
1360	0.388290220565554
1361	0.388341809931174
1362	0.388385632851846
1363	0.388430959083193
1364	0.388421437237386
1365	0.388416848367239
1366	0.388426845350361
1367	0.388383023549949
1368	0.388321979205544
1369	0.388258667609274
1370	0.388167871113701
1371	0.388044573858777
1372	0.387894295240492
1373	0.387747572467501
1374	0.387569135579493
1375	0.387374226213505
1376	0.387119410506993
1377	0.386815039739634
1378	0.386461632458354
1379	0.386033940085324
1380	0.385532288699726
1381	0.385024623779913
1382	0.384333102599458
1383	0.383473626017996
1384	0.382548305784811
1385	0.381444561153364
1386	0.380322133438377
1387	0.379101008557736
1388	0.377889108357978
1389	0.376653501235938
1390	0.375425086946389
1391	0.374316688266428
1392	0.373358457743414
1393	0.372725411672316
1394	0.372205586320075
1395	0.371978799288975
1396	0.372038337847272
1397	0.372155848281716
1398	0.372447784661966
1399	0.372772025289311
1400	0.373270713576436
1401	0.373675953140478
1402	0.374148819072352
1403	0.374452978483858
1404	0.374731453640912
1405	0.374974362516582
1406	0.375053351060127
1407	0.375174672747193
1408	0.375203164607204
1409	0.375299433069672
1410	0.375390738276904
1411	0.375501252239086
1412	0.375655855255534
1413	0.375769960642556
1414	0.375890277039216
1415	0.376008038003264
1416	0.37617726205301
1417	0.376327297825308
1418	0.376496909333154
1419	0.376622219570033
1420	0.376802172112792
1421	0.376959272928259
1422	0.377182932532118
1423	0.377369462159655
1424	0.377560276076602
1425	0.377724778043382
1426	0.377854760696338
1427	0.378023082835839
1428	0.378221942070121
1429	0.378411508733328
1430	0.378582232177742
1431	0.378740638794943
1432	0.3788760575583
1433	0.37903528013944
1434	0.379192909658291
1435	0.37937189182936
1436	0.379523053730095
1437	0.379627798199631
1438	0.379790354490575
1439	0.379933529850438
1440	0.380049747831787
1441	0.380207704305008
1442	0.380357414509782
1443	0.380477669353397
1444	0.380609924260551
1445	0.380757169857369
1446	0.380912113984562
1447	0.381045224375963
1448	0.381182734422714
1449	0.381337832308041
1450	0.381469020750208
1451	0.381616782317835
1452	0.38174165708355
1453	0.381829901540591
1454	0.381966521397292
1455	0.382090269999373
1456	0.382231854964305
1457	0.382404407062755
1458	0.382528562906852
1459	0.382623575570493
1460	0.382737851915647
1461	0.382820583387473
1462	0.382930532229108
1463	0.383035973150315
1464	0.383220025941964
1465	0.383404714668071
1466	0.383532919943431
1467	0.383653177105607
1468	0.383773051080964
1469	0.383926202516525
1470	0.384054802622048
1471	0.384208682808795
1472	0.384412704665712
1473	0.384537355968103
1474	0.384646757859012
1475	0.38479057043523
1476	0.384941144275639
1477	0.385043821532259
1478	0.385181208588315
1479	0.385338062697226
1480	0.38548356919994
1481	0.385622550278175
1482	0.385757415941417
1483	0.3858784270589
1484	0.385940520429269
1485	0.386069075346634
1486	0.386207341075491
1487	0.38633653843222
1488	0.386430550887267
1489	0.386560364027789
1490	0.386682318783555
1491	0.386800896467822
1492	0.386902248901415
1493	0.387040304844281
1494	0.387155452222943
1495	0.387251261576515
1496	0.387362120658944
1497	0.387482430962209
1498	0.387550543550964
1499	0.387652379339973
1500	0.387777117967667
1501	0.387879520895043
1502	0.387979504703917
1503	0.388082437237717
1504	0.388174811673963
1505	0.388246954982279
1506	0.388374044826495
1507	0.388490256992739
1508	0.388579683379756
1509	0.388696492909723
1510	0.388729834714984
1511	0.388815578848248
1512	0.38894292001396
1513	0.389074115566151
1514	0.389182960612289
1515	0.389280509081025
1516	0.389359048448073
1517	0.389423522240412
1518	0.389497896036004
1519	0.389591674002911
1520	0.389697136577292
1521	0.389793952763948
1522	0.389875449197382
1523	0.389937538801012
1524	0.390051650403329
1525	0.390168681870278
1526	0.390226016527461
1527	0.390288088552822
1528	0.390358376573702
1529	0.390399731252689
1530	0.390463272793317
1531	0.390517372638321
1532	0.390613827754222
1533	0.390692280863176
1534	0.390776530832055
1535	0.390838110061878
1536	0.39092281420193
1537	0.391006395973348
1538	0.391084446870915
1539	0.391126520478276
1540	0.391184950192038
1541	0.391253364042432
1542	0.391299251490717
1543	0.391315429092385
1544	0.391374528250161
1545	0.391441817516841
1546	0.391501306475765
1547	0.391550690852595
1548	0.39162361455558
1549	0.391666199502093
1550	0.391713330779333
1551	0.391741316394727
1552	0.391801862459365
1553	0.391908970126591
1554	0.391949504717529
1555	0.39199048695165
1556	0.392044544315434
1557	0.392111473303998
1558	0.392132008524481
1559	0.392215136240307
1560	0.392256596398955
1561	0.392243744983009
1562	0.39229878494517
1563	0.39238025624092
1564	0.392422276850355
1565	0.392530782489485
1566	0.392628443412695
1567	0.392678296417805
1568	0.392728492314729
1569	0.392738550545783
1570	0.392808769394259
1571	0.39286122620257
1572	0.392945557101971
1573	0.3929997568499
1574	0.393070946944064
1575	0.393133634140656
1576	0.393205313108427
1577	0.39323755418042
1578	0.393309677441024
1579	0.393372788598691
1580	0.393445419312851
1581	0.393556839592133
1582	0.393651494882503
1583	0.393716277984981
1584	0.393776066168594
1585	0.393868248099734
1586	0.393934993779151
1587	0.394003580527986
1588	0.39406327376836
1589	0.394218838168893
1590	0.394279197564381
1591	0.394347249563025
1592	0.39440809931694
1593	0.394448080116985
1594	0.394495101469485
1595	0.394548820014327
1596	0.394632537238302
1597	0.394770881305984
1598	0.394848636175475
1599	0.394930240143742
1600	0.395030703436729
1601	0.395077808922164
1602	0.395156697526241
1603	0.395203436483839
1604	0.39531200567234
1605	0.39537607014976
1606	0.39544840982098
1607	0.395566269314292
1608	0.395653964527233
1609	0.395632231741737
1610	0.395697871975544
1611	0.395787543607857
1612	0.395868613088485
1613	0.395928303499018
1614	0.395980219035028
1615	0.396044287503681
1616	0.396119447810322
1617	0.396186968777816
1618	0.396239824582463
1619	0.396292859381458
1620	0.396353356563526
1621	0.396418300509393
1622	0.396487253186862
1623	0.396518102878911
1624	0.396572319386491
1625	0.396654760044705
1626	0.396686225761475
1627	0.396772238803559
1628	0.396858191719816
1629	0.396921092802491
1630	0.396984869848828
1631	0.397089685611645
1632	0.397154058281151
1633	0.397196507342364
1634	0.397198523016439
1635	0.397153993666026
1636	0.397242223986864
1637	0.39735895482091
1638	0.397463758122693
1639	0.397564914362357
1640	0.397646720905428
1641	0.397671060985656
1642	0.397705409615932
1643	0.397820023206197
1644	0.397830738118663
1645	0.39789181917227
1646	0.397910997162081
1647	0.397962862794496
1648	0.397990563924833
1649	0.397977620455426
1650	0.398046170839593
1651	0.398126227406968
1652	0.398162519545137
1653	0.398283766134103
1654	0.398369739501077
1655	0.398436839215322
1656	0.398506884063146
1657	0.398556077662772
1658	0.398609998101492
1659	0.398699836562468
1660	0.398804547546711
1661	0.398929419252164
1662	0.399001921004337
1663	0.39906263628486
1664	0.399144512443685
1665	0.39922244164913
1666	0.39925428079508
1667	0.399335270920736
1668	0.399384853764274
1669	0.399428549008443
1670	0.399521791278648
1671	0.399635878767334
1672	0.399738764928548
1673	0.399838847032154
1674	0.399907971709891
1675	0.399996402362806
1676	0.400083694550442
1677	0.400163719972102
1678	0.400251839364574
1679	0.400390488655634
1680	0.400514875062764
1681	0.400672778726036
1682	0.40079850488726
1683	0.400868625613434
1684	0.400986691412159
1685	0.401077738119936
1686	0.401152211553872
1687	0.401272413314613
1688	0.401329731627128
1689	0.401438870285775
1690	0.401515093279499
1691	0.401677247242208
1692	0.401781741091628
1693	0.401993402684338
1694	0.402062521785174
1695	0.402100187932615
1696	0.402178924536391
1697	0.402202524664309
1698	0.402337104726761
1699	0.402522949568401
1700	0.402649303231501
1701	0.4027340989291
1702	0.4028051878608
1703	0.402865668936176
1704	0.402909402451423
1705	0.402977011840587
1706	0.403017281145015
1707	0.403144029619664
1708	0.403188166238285
1709	0.403220070334461
1710	0.403268202861514
1711	0.403257832522687
1712	0.403222047248495
1713	0.403252181564518
1714	0.40324876645272
1715	0.40324744562437
1716	0.403202810867934
1717	0.403090410469778
1718	0.403063023081093
1719	0.40298139883753
1720	0.402953021831039
1721	0.402912009987007
1722	0.40276187752479
1723	0.402594058388207
1724	0.402397399064745
1725	0.402228758552615
1726	0.402124803863332
1727	0.4020280348407
1728	0.40189123956737
1729	0.401815939694095
1730	0.401707582533188
1731	0.401562200680566
1732	0.401496447830791
1733	0.401394911523384
1734	0.401297695035826
1735	0.40121042967012
1736	0.401127674079171
1737	0.401046848316894
1738	0.400929135833487
1739	0.400880162451237
1740	0.400903298408578
1741	0.400916202787014
1742	0.400919473562577
1743	0.400935601318295
1744	0.400879315635806
1745	0.40079073110149
1746	0.400739305767
1747	0.400615818681499
1748	0.400573881921885
1749	0.400539210659536
1750	0.400569033009893
1751	0.40052871030583
1752	0.400497861686967
1753	0.400425708904441
1754	0.400277562320553
1755	0.400255785555783
1756	0.400213481829263
1757	0.400163810294739
1758	0.400073813313232
1759	0.399988441301736
1760	0.399965215359687
1761	0.399883429004792
1762	0.399812967652956
1763	0.399724326129663
1764	0.399622330754855
1765	0.399525567876472
1766	0.399423706762775
1767	0.399377893726053
1768	0.399289857550677
1769	0.399133752950517
1770	0.399091041469043
1771	0.399007943351203
1772	0.398861475598223
1773	0.39887439495176
1774	0.398854921503229
1775	0.398754473866361
1776	0.398742853954008
1777	0.398797306552638
1778	0.39876253281055
1779	0.398673503376476
1780	0.398724322454521
1781	0.39867020423424
1782	0.398701895053273
1783	0.398729107732195
1784	0.398762079357488
1785	0.398696683924152
1786	0.398651407180141
1787	0.39863318741943
1788	0.398572458951477
1789	0.398532730185353
1790	0.398562522266373
1791	0.398642955699229
1792	0.398683429137574
1793	0.39871385137198
1794	0.398717644196366
1795	0.398724728932207
1796	0.398734180164857
1797	0.398690661557091
1798	0.398627784306977
1799	0.398669483614325
1800	0.39872651942167
1801	0.398753793603948
1802	0.398803104935232
1803	0.398775589984872
1804	0.398811928121886
1805	0.398762261203926
1806	0.398878442949003
1807	0.398972727253903
1808	0.398987279908697
1809	0.399018462156974
1810	0.399111007720602
1811	0.399123725216439
1812	0.399214339382575
1813	0.399265991732106
1814	0.39928785988192
1815	0.399299383449828
1816	0.399397977511553
1817	0.399483688832158
1818	0.399517300590122
1819	0.399480125592701
1820	0.399514124032484
1821	0.399625137840173
1822	0.399636201347539
1823	0.399668929230076
1824	0.399721468469017
1825	0.39966643285729
1826	0.399747453710868
1827	0.399952536948906
1828	0.400023166530152
1829	0.399944516315833
1830	0.399972934614362
1831	0.401747346574232
1832	0.401688188694937
1833	0.401576167870553
1834	0.401571167862084
1835	0.401644293870771
1836	0.401686946118355
1837	0.401779269251602
1838	0.401834788708208
1839	0.401863859676147
1840	0.401956917407677
1841	0.402059871287734
1842	0.402065222194737
1843	0.402181264931499
1844	0.402171102082079
1845	0.402175555486092
1846	0.402246513890856
1847	0.402331737241167
1848	0.402454346438654
1849	0.402443113943219
1850	0.402538536506036
1851	0.402580944064388
1852	0.402530749488333
1853	0.402574343500474
1854	0.402499670123125
1855	0.402313506774594
1856	0.402162143159833
1857	0.401912010082589
1858	0.401767743849748
1859	0.401799252351055
1860	0.40186138575651
1861	0.401916318829773
1862	0.401862450154025
1863	0.401742883051643
1864	0.401434579929945
1865	0.401329491530668
1866	0.401365841818617
1867	0.401229472592071
1868	0.401161404564245
1869	0.400949420161509
1870	0.400657294266518
1871	0.400347416119177
1872	0.400044551774495
1873	0.399740601754899
1874	0.399397040243568
1875	0.399043251075301
1876	0.398597671504135
1877	0.398133390993329
1878	0.397562238405938
1879	0.396899957208674
1880	0.396200571019754
1881	0.395530843630925
1882	0.394980213586491
1883	0.394238958452462
1884	0.393433570296235
1885	0.392559567467634
1886	0.391579615966175
1887	0.390532347939961
1888	0.389379066719315
1889	0.388068900056805
1890	0.386849920368007
1891	0.385470078003951
1892	0.384187913414321
1893	0.383061749525395
1894	0.381830259764602
1895	0.38033735067941
1896	0.37909085409369
1897	0.377835908240116
1898	0.376767012093261
1899	0.375786499006232
1900	0.375037701265736
1901	0.374203618835266
1902	0.373363151468278
1903	0.372668085517587
1904	0.37199916931453
1905	0.371461708069589
1906	0.371031162907647
1907	0.370817930292816
1908	0.37056891803834
1909	0.370373652729861
1910	0.370275214129247
1911	0.370336897040793
1912	0.370279578226675
1913	0.370231020966211
1914	0.370255399797709
1915	0.370228829986192
1916	0.370264128402094
1917	0.370393968081853
1918	0.3706452304491
1919	0.370838547066089
1920	0.371043978224601
1921	0.371269202454553
1922	0.371578796084049
1923	0.371766069153616
1924	0.371839620924983
1925	0.37201875129526
1926	0.372125064375666
1927	0.372314489203928
1928	0.372514476454482
1929	0.372830074128433
1930	0.373014417173956
1931	0.373134998952493
1932	0.37330795112752
1933	0.373505747748559
1934	0.373645492089062
1935	0.373759576131962
1936	0.373891737953229
1937	0.374059571319061
1938	0.374201987298447
1939	0.374376671777786
1940	0.374679941048844
1941	0.374897272389023
1942	0.375138212208769
1943	0.37534042918548
1944	0.375499655736619
1945	0.375694163753589
1946	0.375755099240166
1947	0.375924048289522
1948	0.376130018937529
1949	0.376342365447873
1950	0.37662252914308
1951	0.377003638343342
1952	0.377261651213158
1953	0.377509754054942
1954	0.377763440201135
1955	0.377880050826719
1956	0.378140210559124
1957	0.378580743867101
1958	0.378851061580363
1959	0.379054785679652
1960	0.379316438698049
1961	0.379460525940671
1962	0.379433707837552
1963	0.379581500997203
1964	0.379835579606581
1965	0.379991017242855
1966	0.380220564932778
1967	0.380434120657915
1968	0.380692263414609
1969	0.380896200503024
1970	0.381197705236463
1971	0.381495046227324
1972	0.381744375374339
1973	0.381920125374674
1974	0.382127787463496
1975	0.382408880376944
1976	0.38262801124925
1977	0.382929977959598
1978	0.383138698924296
1979	0.383333477205493
1980	0.383538295800966
1981	0.38373605838466
1982	0.383907454502128
1983	0.384141533288333
1984	0.384426975725789
1985	0.384701397105734
1986	0.384973174909174
1987	0.385208210101657
1988	0.38550814386109
1989	0.385708206582867
1990	0.385778352797046
1991	0.385994473798748
1992	0.38625975873495
1993	0.386552650243553
1994	0.386854593343616
1995	0.387338527026251
1996	0.387617327044495
1997	0.387689926586328
1998	0.387893704504725
1999	0.388138432941042
2000	0.388336493450002
2001	0.388613471135045
2002	0.38883020409102
2003	0.389067749734372
2004	0.389233140027003
2005	0.389262313243588
2006	0.389448380795178
2007	0.389632617838876
2008	0.389819424728773
2009	0.390045068982096
2010	0.390361994239286
2011	0.390606412638605
2012	0.390703777260646
2013	0.390878532171752
2014	0.390965640093194
2015	0.391072417207553
2016	0.391239039991592
2017	0.391405122234889
2018	0.391521517384144
2019	0.39169697172831
2020	0.391824850342873
2021	0.391925886755585
2022	0.392071123417566
2023	0.392265612295319
2024	0.392322315861815
2025	0.392247133996013
2026	0.392267708501768
2027	0.392194008872988
2028	0.392228789596327
2029	0.392376962456001
2030	0.392407767721953
2031	0.39241688246065
2032	0.392370421898287
2033	0.392325858437129
2034	0.392267674273688
2035	0.392229389360595
2036	0.392246151022398
2037	0.392226116219181
2038	0.392314898323521
2039	0.392271153723203
2040	0.392169142699523
2041	0.392043173460437
2042	0.39196267898101
2043	0.39185494311889
2044	0.391653292482575
2045	0.391426998871884
2046	0.391327838430349
2047	0.391166029228834
2048	0.391102241617167
2049	0.391216380879264
2050	0.391145843097886
2051	0.391009131945744
2052	0.390777619191619
2053	0.390707740707345
2054	0.390687162382201
2055	0.39072961459426
2056	0.390765596725169
2057	0.390622035787388
2058	0.390563213260878
2059	0.390479243067561
2060	0.390280954248087
2061	0.390198024705376
2062	0.390197012486637
2063	0.390163730618848
2064	0.390108864596933
2065	0.390093907101815
2066	0.390269119433499
2067	0.390360543754266
2068	0.390415153847192
2069	0.39053760194912
2070	0.390495346131755
2071	0.390420589656898
2072	0.390455045685282
2073	0.39067062400152
2074	0.39070539182165
2075	0.390665618782137
2076	0.390698986524729
2077	0.390589241184243
2078	0.390584285461793
2079	0.390736503363959
2080	0.390759806176191
2081	0.39074291862553
2082	0.390807794647455
2083	0.390963764082848
2084	0.390978931185635
2085	0.390930283442232
2086	0.390777946491436
2087	0.390792530054328
2088	0.390782683181534
2089	0.390823670263105
2090	0.391153929591096
2091	0.391284275602748
2092	0.391363873899354
2093	0.391399706163663
2094	0.391401883155197
2095	0.391339951441216
2096	0.391383487765676
2097	0.391434803024425
2098	0.39148182071477
2099	0.391572119617444
2100	0.391580871475683
2101	0.391537164659887
2102	0.391499520411809
2103	0.391378977716942
2104	0.391379089063009
2105	0.391440187958747
2106	0.391478602495868
2107	0.391633101926854
2108	0.391707091363918
2109	0.391532709241817
2110	0.39157763239975
2111	0.391678239329723
2112	0.391650664414043
2113	0.391742481511386
2114	0.391792011010762
2115	0.391771292290323
2116	0.391639585247204
2117	0.391579571020341
2118	0.391495203111546
2119	0.391401498194019
2120	0.391321006509413
2121	0.391180283779661
2122	0.390934818946305
2123	0.390782711599117
2124	0.390652178527237
2125	0.390468740671146
2126	0.390400081968064
2127	0.390345232805017
2128	0.390041241883488
2129	0.389733408598489
2130	0.389459215196116
2131	0.389064206052873
2132	0.38867358138033
2133	0.388414483104414
2134	0.388008486397196
2135	0.387402588466016
2136	0.387007097573234
2137	0.386587199328518
2138	0.386183415878562
2139	0.385876925752384
2140	0.385551077327563
2141	0.385165284681575
2142	0.384869293364918
2143	0.384525390951324
2144	0.384036275738387
2145	0.383457532779799
2146	0.382722770092731
2147	0.382133431863975
2148	0.381556294315236
2149	0.380946012437743
2150	0.380482675405714
2151	0.379904878910754
2152	0.379298314747468
2153	0.378535114864088
2154	0.37777140794139
2155	0.376783703097974
2156	0.375876634222733
2157	0.374883832482021
2158	0.373755625667183
2159	0.372726119925285
2160	0.37153041152686
2161	0.370179969732
2162	0.368928231147946
2163	0.367861095251673
2164	0.366798500480525
2165	0.365600028403023
2166	0.364744648367847
2167	0.363984963438984
2168	0.363351564163238
2169	0.362887135655451
2170	0.362529092963099
2171	0.362317624952459
2172	0.362187844900548
2173	0.362311050977514
2174	0.362535983599436
2175	0.363021129501546
2176	0.363705067037392
2177	0.364067142807327
2178	0.364550218632178
2179	0.364876226138734
2180	0.36487256364147
2181	0.365003191756426
2182	0.365120744101755
2183	0.365064444199278
2184	0.364805106885891
2185	0.364681064855848
2186	0.364454952485973
2187	0.364252078369639
2188	0.364108135366933
2189	0.363875901663691
2190	0.363592374085415
2191	0.363118605345723
2192	0.362800414521129
2193	0.362501116652332
2194	0.362057371681302
2195	0.361670029400925
2196	0.361326642571559
2197	0.360816503183641
2198	0.360259053468039
2199	0.359769008945875
2200	0.359223020057143
2201	0.35867503289341
2202	0.358096615356328
2203	0.357617399315589
2204	0.357211311173343
2205	0.356801293067541
2206	0.356370199374761
2207	0.355979360684777
2208	0.355692008391477
2209	0.355413990644218
2210	0.355231246684226
2211	0.355263019826759
2212	0.355368719486993
2213	0.355484422994128
2214	0.35555161107044
2215	0.355578586429841
2216	0.355553605325326
2217	0.355619518460575
2218	0.355773687862094
2219	0.356021460726266
2220	0.356371736379785
2221	0.356679078008519
2222	0.356874675659781
2223	0.357173387282484
2224	0.357407337121584
2225	0.357738075952248
2226	0.358245133845997
2227	0.358635717611807
2228	0.358976880884932
2229	0.359377612342425
2230	0.359893170990892
2231	0.360339630325409
2232	0.360848490151564
2233	0.361352528706894
2234	0.361748553852145
2235	0.362015491240484
2236	0.362277301374726
2237	0.362612979439753
2238	0.363139727864304
2239	0.363691771522257
2240	0.364091273759514
2241	0.364534100733708
2242	0.364858658623359
2243	0.365148003186365
2244	0.365534160111798
2245	0.365999357570638
2246	0.36648352790199
2247	0.366971131559898
2248	0.367462400782305
2249	0.368117096696859
2250	0.368627729896497
2251	0.36897531111582
2252	0.369481011214264
2253	0.370072776344429
2254	0.370438845573603
2255	0.370795380230445
2256	0.371144143113614
2257	0.371331774831489
2258	0.371690653678015
2259	0.372227967756016
2260	0.372627376740316
2261	0.373029930152626
2262	0.373618417131819
2263	0.373917818307806
2264	0.374253675301431
2265	0.374658897255163
2266	0.374762458438895
2267	0.375099722788732
2268	0.375726982771648
2269	0.375986120663197
2270	0.376231890435791
2271	0.376277573510423
2272	0.375950741580787
2273	0.375874798090831
2274	0.375938303298098
2275	0.375995678076921
2276	0.376364604339729
2277	0.376344159444686
2278	0.37609233391954
2279	0.376052454309323
2280	0.375886034610983
2281	0.375661433160403
2282	0.375683445779677
2283	0.375855510500823
2284	0.376071990188701
2285	0.376251200336945
2286	0.376276630951767
2287	0.376229230664747
2288	0.376329568917302
2289	0.376474244372302
2290	0.376476071290464
2291	0.37654961153608
2292	0.376820615942777
2293	0.376851365818317
2294	0.376849910514501
2295	0.377128243197783
2296	0.377273832315932
2297	0.3772203439671
2298	0.377334821858526
2299	0.377767106117237
2300	0.377890759488769
2301	0.377823319529121
2302	0.377854360775928
2303	0.37787633505877
2304	0.377813306533779
2305	0.377842074494016
2306	0.377696448780955
2307	0.377402787725944
2308	0.377198944297713
2309	0.377027171570342
2310	0.376696663174559
2311	0.376335927371241
2312	0.375871558604005
2313	0.375157825245422
2314	0.37437788672807
2315	0.373778276486027
2316	0.37331838467319
2317	0.373137724263176
2318	0.373312698563216
2319	0.373403708863728
2320	0.373243526573496
2321	0.373005586258864
2322	0.372720596318644
2323	0.37250296522185
2324	0.372260626013266
2325	0.372133617830031
2326	0.372028651926177
2327	0.372169274888671
2328	0.372661836903674
2329	0.372804798313627
2330	0.372998352117551
2331	0.373129086796167
2332	0.372979756432898
2333	0.373089467492322
2334	0.37349938799297
2335	0.373671882135408
2336	0.373774506935919
2337	0.373941870968682
2338	0.374182889172991
2339	0.374270262405272
2340	0.374246349041401
2341	0.374311872871794
2342	0.374414508091765
2343	0.374458231655313
2344	0.37471722480935
2345	0.374684646601956
2346	0.374414169930939
2347	0.374036893984061
2348	0.373569986140305
2349	0.373529128255759
2350	0.373441533600407
2351	0.372835437162489
2352	0.372601384051914
2353	0.372252032544462
2354	0.371487805052871
2355	0.371146030649535
2356	0.371092179579204
2357	0.370419999433945
2358	0.370050609571807
2359	0.370038422064709
2360	0.369536785452499
2361	0.368878555559955
2362	0.368584001633215
2363	0.36822896734868
2364	0.367856473919184
2365	0.367783240591047
2366	0.367460130261918
2367	0.366994352303827
2368	0.366671800489628
2369	0.36638997403878
2370	0.365998374072146
2371	0.365697849973105
2372	0.36517696333927
2373	0.364172767170153
2374	0.363393886621496
2375	0.362383859903861
2376	0.361758592330684
2377	0.361415042231892
2378	0.360779073753449
2379	0.360200042166949
2380	0.359478578480116
2381	0.358286693588441
2382	0.357649222787507
2383	0.357502826474367
2384	0.357131727090364
2385	0.356968523352143
2386	0.356542105933236
2387	0.355857196867021
2388	0.35533911658256
2389	0.35487461739577
2390	0.354268871149785
2391	0.353965780656865
2392	0.353321429881684
2393	0.352206576203454
2394	0.351416752924801
2395	0.350442071641986
2396	0.349661532633641
2397	0.349205371716698
2398	0.348674774940129
2399	0.348412123311183
2400	0.347947837120382
2401	0.347320737178897
2402	0.347076629831221
2403	0.34651991597864
2404	0.34591239323878
2405	0.345972193897916
2406	0.345433487889392
2407	0.344974502584614
2408	0.344770051063833
2409	0.344064726476269
2410	0.343733830450935
2411	0.343195525268448
2412	0.342177097969095
2413	0.341582020330146
2414	0.340673178897296
2415	0.340045243030025
2416	0.340114154488264
2417	0.339577187279579
2418	0.339067303353102
2419	0.338929458034939
2420	0.338374686348851
2421	0.338170329115518
2422	0.338377179347202
2423	0.338251611229975
2424	0.337959114922985
2425	0.337674646973229
2426	0.337170466766343
2427	0.336972585338089
2428	0.337029419387764
2429	0.336507256503771
2430	0.335786868511214
2431	0.335445281207951
2432	0.334885835689525
2433	0.334599782908109
2434	0.335088499359197
2435	0.334600928371684
2436	0.333330585667843
2437	0.332689971828076
2438	0.332070083694599
2439	0.331719845569032
2440	0.331765221712963
2441	0.331443440050614
2442	0.331295510899747
2443	0.331141220341792
2444	0.330956662227835
2445	0.330513790762774
2446	0.329575806663589
2447	0.32922712726779
2448	0.328628381489414
2449	0.328233113253342
2450	0.328337593304232
2451	0.327896988175218
2452	0.32723943067963
2453	0.326709480366216
2454	0.326299339828719
2455	0.325720590146677
2456	0.325199355873284
2457	0.324493064020392
2458	0.323371090209814
2459	0.322719992599965
2460	0.322546409640162
2461	0.322075572160907
2462	0.321993309083848
2463	0.321434290809444
2464	0.320372952382078
2465	0.319673468785311
2466	0.319445591870714
2467	0.318847745135853
2468	0.318078178771038
2469	0.317660257806904
2470	0.317191437942985
2471	0.31671865720525
2472	0.316659459877011
2473	0.316167750540456
2474	0.315134361417613
2475	0.314563931664338
2476	0.314228243191833
2477	0.313486280122658
2478	0.312596287638318
2479	0.311992884238121
2480	0.311660120798274
2481	0.311110131219606
2482	0.310679610291814
2483	0.310318526966889
2484	0.309566241844977
2485	0.309018305084548
2486	0.308632030667164
2487	0.308397572060158
2488	0.308542637611019
2489	0.30780945975311
2490	0.306782594982755
2491	0.306016333371982
2492	0.30466551998044
2493	0.304074362899906
2494	0.304160031188533
2495	0.303875039622664
2496	0.304162806476412
2497	0.303831523579164
2498	0.303217195775413
2499	0.302748453677175
2500	0.302250016045853
