350	0.469386933324385
351	0.484757976425322
352	0.467539567476139
353	0.458413316667039
354	0.457802130574138
355	0.463821845282684
356	0.464306662363758
357	0.456498757044154
358	0.453350993377483
359	0.457768950838929
360	0.452040940706825
361	0.448405460085834
362	0.441970128764607
363	0.443934635035968
364	0.445054554556101
365	0.432257340443284
366	0.428224743254931
367	0.42677519116217
368	0.430514005983138
369	0.426320587893362
370	0.415363353276652
371	0.4166784104912
372	0.417292624914741
373	0.413640468323442
374	0.411214147337347
375	0.408036663253864
376	0.409261003125036
377	0.410214750903104
378	0.403727050749966
379	0.399314109899359
380	0.401244765291764
381	0.396280435902882
382	0.38800767243429
383	0.386612924591957
384	0.387642190159217
385	0.386525923170661
386	0.380354362961631
387	0.379022223453204
388	0.381788618105046
389	0.38037844799154
390	0.379481283568844
391	0.375121786959789
392	0.373303483979292
393	0.371968467748615
394	0.368183103050587
395	0.368400594452143
396	0.367753088968181
397	0.368888891158196
398	0.367620754432867
399	0.365777857786463
400	0.36290099617951
401	0.36413860347643
402	0.363809168295865
403	0.361979421771027
404	0.362622035707525
405	0.364742513463242
406	0.363588173582858
407	0.360417834662161
408	0.359186591701213
409	0.359577992222382
410	0.359022370741202
411	0.357929552192112
412	0.355872161072897
413	0.353797348235597
414	0.353329815500318
415	0.351869170812434
416	0.350596402222244
417	0.349500431922138
418	0.347810411224614
419	0.346334364661517
420	0.344768731971091
421	0.344142091805144
422	0.343743603606167
423	0.341945001770329
424	0.340201227870619
425	0.339698386521245
426	0.33847378989597
427	0.337139506789199
428	0.335775842620584
429	0.334484287107636
430	0.334104237828002
431	0.333034053227583
432	0.331280573302361
433	0.330151120820379
434	0.329565261239829
435	0.329402879181817
436	0.328730099962977
437	0.328254087261291
438	0.32754678366825
439	0.327129619519009
440	0.327341375223002
441	0.326954183522173
442	0.326165073458003
443	0.325550006567403
444	0.325298666293565
445	0.32537632296976
446	0.325000159851976
447	0.325084435463488
448	0.325096312471799
449	0.32484901910074
450	0.324294325426158
451	0.324134424248816
452	0.323795322324626
453	0.323117186170334
454	0.322901984778964
455	0.322231705544878
456	0.321970154080363
457	0.321360158161634
458	0.320896595168596
459	0.320531997611048
460	0.320532500622429
461	0.319823758396015
462	0.319221881054079
463	0.31908022002485
464	0.318824459241981
465	0.318345276388436
466	0.317669612331645
467	0.317700483011564
468	0.317492565482274
469	0.317137632199293
470	0.316517347663708
471	0.316090912483833
472	0.315847661509834
473	0.315421081735071
474	0.315156494455826
475	0.314932745966253
476	0.314855980675856
477	0.314718899356425
478	0.31464730862001
479	0.314369122929264
480	0.314198109469323
481	0.313902100698458
482	0.314015683955518
483	0.314159328963284
484	0.313776698625321
485	0.313434763521457
486	0.31329812910865
487	0.313038047754648
488	0.312866321366234
489	0.312704116468868
490	0.312469225539266
491	0.31254052470924
492	0.312656144895975
493	0.312849806405144
494	0.313001695762249
495	0.313052799106102
496	0.312987791182346
497	0.312711717572442
498	0.313048849211832
499	0.313363628969819
500	0.313240773400032
501	0.313090600991482
502	0.313262747316137
503	0.313409633579211
504	0.313321102693837
505	0.313309129007172
506	0.313710103371101
507	0.314005903146496
508	0.313919370088913
509	0.314126465522857
510	0.314415306153521
511	0.314487516520768
512	0.3145801727181
513	0.314733679235144
514	0.315014009764732
515	0.31507987693719
516	0.314867333499158
517	0.31484242491268
518	0.314747162826251
519	0.315094462166317
520	0.315291960115311
521	0.315445498490929
522	0.315393010954103
523	0.315700738840406
524	0.316179464486183
525	0.316361653897589
526	0.316427723751206
527	0.316560395962914
528	0.316918460710084
529	0.317181521099028
530	0.317434416753775
531	0.31757959315504
532	0.317801517983741
533	0.317964176731999
534	0.318251325350449
535	0.318459622340832
536	0.31852936372734
537	0.318858944949784
538	0.319135254405668
539	0.319346715617503
540	0.319563137632698
541	0.319956595317683
542	0.320154521632593
543	0.320406863830813
544	0.320622511791386
545	0.320868636696274
546	0.321142072172623
547	0.321469701183831
548	0.321768696251452
549	0.321991003085421
550	0.322303721472123
551	0.32266781710879
552	0.322929503415576
553	0.323288633810805
554	0.323724137723585
555	0.323966910664532
556	0.324210567477969
557	0.324460339922756
558	0.324691514121208
559	0.324958081796301
560	0.325178317708472
561	0.32538887994208
562	0.325757634260869
563	0.326134506999985
564	0.326451438333999
565	0.326698324859994
566	0.326982313698939
567	0.327300797228665
568	0.327602225475937
569	0.327863278266391
570	0.328022681013002
571	0.32822709016158
572	0.328477408000951
573	0.328698106411994
574	0.328861900287419
575	0.329085549580974
576	0.329373138027419
577	0.329545881237955
578	0.329608196312565
579	0.329777680800155
580	0.330018435450196
581	0.330177391116672
582	0.330365544515055
583	0.33062556904345
584	0.330871511872406
585	0.331041925144867
586	0.331217499675645
587	0.33135705021981
588	0.331560672680818
589	0.331602457524809
590	0.331695736968395
591	0.331692379471811
592	0.331702370737562
593	0.331862428206809
594	0.332057808615208
595	0.332224081391209
596	0.3324296260819
597	0.33256138697052
598	0.332594606503499
599	0.332671042874793
600	0.332750131779455
601	0.332871625677073
602	0.332974714026416
603	0.333039599242513
604	0.333149649956352
605	0.333200502365347
606	0.333267546885472
607	0.3333708539281
608	0.333468347922779
609	0.333468038154523
610	0.333511644969091
611	0.333611243415434
612	0.333672114473058
613	0.333732425320032
614	0.333793660843503
615	0.333837523889066
616	0.333872671322503
617	0.333818253677181
618	0.333867769051718
619	0.333997620004815
620	0.334033579111377
621	0.334040701263462
622	0.334116568676431
623	0.334237551496627
624	0.334319281482218
625	0.334363383964982
626	0.334421846065678
627	0.334471686762003
628	0.334460839973447
629	0.334472824318886
630	0.334461014219741
631	0.334508024860954
632	0.334547350182409
633	0.334579152016912
634	0.334672901078234
635	0.334706565746202
636	0.334771449969476
637	0.33490593870356
638	0.334955196559163
639	0.335044203695163
640	0.335078423061763
641	0.335112854442712
642	0.335120094903486
643	0.335132911294464
644	0.335111452055112
645	0.335226491629552
646	0.335330022861394
647	0.33536256782259
648	0.335399024830023
649	0.335502104415811
650	0.335578911748619
651	0.335604015401645
652	0.335577198077466
653	0.335598730935611
654	0.335696741827558
655	0.335815573208349
656	0.335830953143723
657	0.335785518881712
658	0.335806016934923
659	0.335796199416289
660	0.335896771587025
661	0.336043903480339
662	0.336158998971232
663	0.336238942984847
664	0.336386018917408
665	0.336408665557601
666	0.336417565217406
667	0.336537115923184
668	0.336635547661751
669	0.336657162969041
670	0.33676545720092
671	0.336927890437064
672	0.336953610968714
673	0.336930301448814
674	0.336978889267166
675	0.337078217363039
676	0.337236292667463
677	0.337333336788082
678	0.337374195332163
679	0.337398834177002
680	0.337487232446455
681	0.33756721827631
682	0.337615739922881
683	0.337674887519395
684	0.337691502976632
685	0.337811258362485
686	0.337930108435332
687	0.337979284599716
688	0.337988147752751
689	0.337862870406726
690	0.33779692099904
691	0.33779398019767
692	0.337911935848812
693	0.338127404434319
694	0.338439685909692
695	0.338868957899974
696	0.3395049923048
697	0.339744093149866
698	0.339488914069735
699	0.339018281568559
700	0.338819686869078
701	0.338829403443058
702	0.338905644822281
703	0.33892554153308
704	0.338985216536929
705	0.339001563077505
706	0.339058914579276
707	0.339108406789118
708	0.339181499239523
709	0.339260034570197
710	0.339350355600833
711	0.339432165704548
712	0.339493590054119
713	0.339561841630967
714	0.339587029690371
715	0.339642374789518
716	0.339717529786099
717	0.339711284180193
718	0.339736368529584
719	0.339734861503874
720	0.339652017403713
721	0.339572503801747
722	0.339579030798826
723	0.339726878354664
724	0.339904517094354
725	0.339904029527453
726	0.339910858766858
727	0.339938592501982
728	0.340003140487532
729	0.34000499383121
730	0.34005850783422
731	0.340106756608966
732	0.34010498723171
733	0.340118294382623
734	0.340183603034032
735	0.340327790617064
736	0.340390660188882
737	0.340420875575815
738	0.340429938437469
739	0.34047005421375
740	0.340509569971199
741	0.340519594899379
742	0.34057859789453
743	0.340647594631415
744	0.340736540526847
745	0.340814070297724
746	0.340821407846266
747	0.340813026736957
748	0.340834649915638
749	0.340874129840037
750	0.340871020010858
751	0.340955358043949
752	0.341000696219621
753	0.340963963169967
754	0.340944831362196
755	0.341016949924541
756	0.341089163570289
757	0.341147571761643
758	0.341180185324437
759	0.341152762828642
760	0.341145955930504
761	0.341054109679016
762	0.340728013116951
763	0.340474488487216
764	0.340395835393667
765	0.340473242859041
766	0.340535938635826
767	0.340697349789336
768	0.340896588787054
769	0.341086490409986
770	0.341225206277335
771	0.341360716867879
772	0.341472061521208
773	0.341554606401934
774	0.341562325437189
775	0.341553229417938
776	0.341573995163756
777	0.341646064190791
778	0.34168218955895
779	0.341635359298029
780	0.341584355522101
781	0.341677391534372
782	0.341710396372463
783	0.34169185673042
784	0.341663440385586
785	0.341733437184143
786	0.341813099408728
787	0.341753356243316
788	0.341773494064342
789	0.341750127079945
790	0.341785039533023
791	0.341835512481643
792	0.341812430376084
793	0.341779703483122
794	0.34183284365609
795	0.341913677911725
796	0.34194939465505
797	0.341916064758151
798	0.341909669042288
799	0.341988240852151
800	0.341999081068717
801	0.341983356684378
802	0.341961593550649
803	0.341998432769233
804	0.342054703618314
805	0.34206744623686
806	0.342015924941219
807	0.341993744350414
808	0.342020255412612
809	0.342061904223023
810	0.342065646820493
811	0.342072017450749
812	0.34202992892948
813	0.342006195620493
814	0.34204334223897
815	0.342086989762108
816	0.342035036521369
817	0.341946797672557
818	0.341959506888093
819	0.341961497255327
820	0.341957897732706
821	0.341953825910008
822	0.341962622643041
823	0.342017808561575
824	0.342105979153447
825	0.34211480257253
826	0.342077427961162
827	0.342086967918661
828	0.342160452366946
829	0.342230163779514
830	0.342257476205538
831	0.342216978471763
832	0.342224895332005
833	0.342234757049741
834	0.342288901508478
835	0.342346591043508
836	0.342284199196273
837	0.342259518146684
838	0.342273089193072
839	0.342299487164682
840	0.342335919187252
841	0.342373530765091
842	0.342368222635998
843	0.342302718815669
844	0.342325270454772
845	0.342395539165478
846	0.342398476684818
847	0.342346112484131
848	0.342278244455959
849	0.342300047315171
850	0.342331553390891
851	0.342371518683828
852	0.342300923120692
853	0.342275489877232
854	0.342263104746795
855	0.342311535548822
856	0.342368667178472
857	0.342374950822102
858	0.342341713482574
859	0.342342815340746
860	0.342352240544902
861	0.342369846161923
862	0.342414039875011
863	0.342435487898156
864	0.342412894644805
865	0.342392091736835
866	0.342444937417295
867	0.342443975973815
868	0.342396429373187
869	0.342381405023902
870	0.342382969866339
871	0.342357050599901
872	0.34238184609535
873	0.34237368704662
874	0.342368790886214
875	0.342413936741266
876	0.34243052842057
877	0.342440918655503
878	0.342445461096497
879	0.342388401545847
880	0.342386455490967
881	0.342346258045709
882	0.342307211983262
883	0.342390733205582
884	0.34247399223435
885	0.342421341607521
886	0.342388870097582
887	0.342362485579804
888	0.342408709588795
889	0.342499980265545
890	0.342492001553834
891	0.342450652525187
892	0.342441713284937
893	0.342394026854166
894	0.342473814770617
895	0.342536730589984
896	0.342477417817008
897	0.34235621371942
898	0.342308625294372
899	0.342255853217217
900	0.342314655554159
901	0.342407400827284
902	0.342338071311523
903	0.342280192577458
904	0.342297110342225
905	0.342347560660011
906	0.342330063003684
907	0.342308385839331
908	0.342313198531336
909	0.342328682267952
910	0.342321183966515
911	0.342234757407253
912	0.342350436096236
913	0.342390210749382
914	0.342441696930038
915	0.342368314337969
916	0.342346369168738
917	0.342291732533313
918	0.34231438420246
919	0.342362758145533
920	0.342425052275715
921	0.342390089166956
922	0.342362364246757
923	0.34239648956177
924	0.342397762450342
925	0.342422166664914
926	0.342450020695717
927	0.342437498117682
928	0.34230946885346
929	0.342276787726626
930	0.342390420359247
931	0.342367843610623
932	0.342279678007188
933	0.342292328691522
934	0.342202875144768
935	0.342109707521013
936	0.342210121648827
937	0.342210527207249
938	0.342172706296629
939	0.342116745135068
940	0.342229469893961
941	0.342246999584951
942	0.342251307165892
943	0.342227470885785
944	0.342099002071413
945	0.342177934351015
946	0.34217822954915
947	0.342222220413583
948	0.342150737767741
949	0.342164172426222
950	0.342079190710337
951	0.342124612753837
952	0.342181767643444
953	0.342110472811815
954	0.342138521973806
955	0.34219604877063
956	0.34222532282616
957	0.342091014450657
958	0.342331634572228
959	0.342376728306695
960	0.34245614646829
961	0.342543710448808
962	0.342555081855465
963	0.342431728859189
964	0.342355295396105
965	0.342464620316795
966	0.342620452229287
967	0.342693929831741
968	0.342617189929071
969	0.342576689042676
970	0.342666741984521
971	0.34294083598942
972	0.342958817842865
973	0.342698335342852
974	0.342763869419338
975	0.342944486907575
976	0.342908516689915
977	0.342882616765216
978	0.34316504398173
979	0.343136937149701
980	0.343160334966379
981	0.343171899209778
982	0.343428243760647
983	0.343413651279912
984	0.343302401689189
985	0.343320102530088
986	0.34332923303913
987	0.343357304771605
988	0.343293614730791
989	0.343311668929393
990	0.343488203100743
991	0.343397148093242
992	0.343219675259581
993	0.343456805414135
994	0.34362211185025
995	0.343199993167543
996	0.343504527723438
997	0.343720169820628
998	0.343640390920782
999	0.343661937060534
1000	0.343700338106982
1001	0.340018241812085
1002	0.3400578898172
1003	0.339953986831027
1004	0.339704784453243
1005	0.339624408488245
1006	0.339677181838005
1007	0.339597975602639
1008	0.339732707409661
1009	0.339772096024905
1010	0.339713765012258
1011	0.339636260598729
1012	0.339712791483369
1013	0.339675330180607
1014	0.339630873601082
1015	0.339653760465801
1016	0.339540472520887
1017	0.33959329825724
1018	0.339519656613159
1019	0.339483340777365
1020	0.339484156350988
1021	0.339614900188508
1022	0.339614944993818
1023	0.339669883448984
1024	0.339704221103557
1025	0.339501505035152
1026	0.339536423675525
1027	0.339505768934905
1028	0.339468693045403
1029	0.339432059902995
1030	0.339436390573158
1031	0.339468753455425
1032	0.339525076555025
1033	0.339487094185359
1034	0.339500881082976
1035	0.339463502285928
1036	0.339328642963062
1037	0.339326608120738
1038	0.339372829524264
1039	0.339337089328854
1040	0.339251835682063
1041	0.339283364660312
1042	0.339264005555704
1043	0.339315279097335
1044	0.339250076050076
1045	0.339423306955559
1046	0.339422576387684
1047	0.339301546377984
1048	0.339333299247303
1049	0.339369292947634
1050	0.339370540124031
1051	0.339390928273469
1052	0.339392057703631
1053	0.339318336249337
1054	0.339319805322169
1055	0.339291351617892
1056	0.339265229598567
1057	0.339293454341913
1058	0.339337480121557
1059	0.339327520931755
1060	0.339331862552447
1061	0.339273406256541
1062	0.339281664209049
1063	0.33928012692916
1064	0.339298445743619
1065	0.339352337674229
1066	0.33933121667994
1067	0.339324855289335
1068	0.339155596586234
1069	0.339231690549877
1070	0.339206876531638
1071	0.339179392286748
1072	0.339253575688945
1073	0.339229158236682
1074	0.339304806717413
1075	0.33930420543371
1076	0.339335502712401
1077	0.339334697764874
1078	0.339335682904159
1079	0.339168118628134
1080	0.339192646512016
1081	0.339220592845928
1082	0.339242868272022
1083	0.33932467943593
1084	0.339344058800793
1085	0.339307354737329
1086	0.339333984392863
1087	0.339400541709216
1088	0.339415697809456
1089	0.339364615584251
1090	0.339381956461276
1091	0.339357284802202
1092	0.339379093230239
1093	0.339421356440565
1094	0.339439551540928
1095	0.339435902219699
1096	0.339434935369008
1097	0.339431379317082
1098	0.33939701403191
1099	0.339452815699013
1100	0.339478233129515
1101	0.339476498089589
1102	0.339494214820025
1103	0.339557186891538
1104	0.339563970282805
1105	0.339575114886273
1106	0.339532548302866
1107	0.339520836564184
1108	0.339577690280377
1109	0.339637405330732
1110	0.339656811916955
1111	0.339735769072208
1112	0.339754287363487
1113	0.339771167234652
1114	0.33974215008608
1115	0.33962292236432
1116	0.339605012531099
1117	0.339568688091147
1118	0.339519480756743
1119	0.339561238341975
1120	0.339550218467511
1121	0.339545938589965
1122	0.339467756433004
1123	0.339486493028137
1124	0.339550943150208
1125	0.339553756754261
1126	0.339593498956214
1127	0.339662558607074
1128	0.339654584526085
1129	0.339618637191382
1130	0.339656692800633
1131	0.339665620174747
1132	0.3397082271303
1133	0.339729282931894
1134	0.339759454023721
1135	0.339774431557771
1136	0.339775410183886
1137	0.339757898261833
1138	0.339836029790627
1139	0.339825621432056
1140	0.339824127409903
1141	0.339858612090709
1142	0.339856046136431
1143	0.339845248982459
1144	0.339828264807469
1145	0.339886826380271
1146	0.3399480520991
1147	0.339930454254776
1148	0.339984217357779
1149	0.339977083576297
1150	0.339951932571207
1151	0.3399699367113
1152	0.340033966997695
1153	0.340030843330689
1154	0.340096433094581
1155	0.340162979005433
1156	0.340209943857515
1157	0.340264452227482
1158	0.340310794423097
1159	0.340347073154394
1160	0.340452101202888
1161	0.34049522928047
1162	0.340570536812565
1163	0.34063924227965
1164	0.340661948560241
1165	0.340676726843632
1166	0.340715194983115
1167	0.340732366453844
1168	0.340834504025042
1169	0.340899172861994
1170	0.340964074666696
1171	0.340971132532835
1172	0.341019038559945
1173	0.341079254816856
1174	0.341135170113562
1175	0.341188171786998
1176	0.341218170244123
1177	0.34125954545883
1178	0.341222290499127
1179	0.34127906322148
1180	0.341320683956911
1181	0.341365077801828
1182	0.34145871411439
1183	0.341514303729326
1184	0.341529138980706
1185	0.341579113179698
1186	0.341631167713519
1187	0.34167346355736
1188	0.341708594767031
1189	0.341695913270014
1190	0.341702279133977
1191	0.341728192122225
1192	0.341752545363468
1193	0.341760568060861
1194	0.341799100015732
1195	0.341856249137022
1196	0.341856617162517
1197	0.341874326924222
1198	0.341914446402817
1199	0.341930722164019
1200	0.341932974231186
1201	0.341945939060034
1202	0.341943795286274
1203	0.341968476995148
1204	0.34195494910255
1205	0.341931572389797
1206	0.341903148739808
1207	0.341907852017825
1208	0.341880518471494
1209	0.34189986707807
1210	0.341934478192236
1211	0.341928546021495
1212	0.341968869095455
1213	0.341989094896762
1214	0.341982908547049
1215	0.342004095687089
1216	0.34200863633504
1217	0.341979529491153
1218	0.342005856625646
1219	0.342015931318191
1220	0.342014597523994
1221	0.342009281633403
1222	0.342023353201663
1223	0.342015085023153
1224	0.342014621726037
1225	0.342042456047277
1226	0.342066536247806
1227	0.342042059430565
1228	0.342002961983072
1229	0.342030322723379
1230	0.34201729159382
1231	0.34205926039805
1232	0.34205926039805
1233	0.341999414613367
1234	0.342012446303093
1235	0.34202126974683
1236	0.342060374316445
1237	0.342068927881734
1238	0.342082968009754
1239	0.342074881165389
1240	0.342115021651565
1241	0.342126640523063
1242	0.342154482116459
1243	0.34217823431456
1244	0.342233429552807
1245	0.342274693243008
1246	0.342294398270454
1247	0.34232365548031
1248	0.342412643655233
1249	0.342429917174044
1250	0.342471081396146
1251	0.342463211786117
1252	0.342439802326712
1253	0.342471312172692
1254	0.342485402118984
1255	0.342518042713098
1256	0.342554123564063
1257	0.34254945765215
1258	0.342576386345104
1259	0.342611357412711
1260	0.342626330502482
1261	0.342649263865716
1262	0.342662937287768
1263	0.342660506574089
1264	0.34269334441642
1265	0.342735874582007
1266	0.34278679874791
1267	0.342826644617852
1268	0.342878934886588
1269	0.342890639298104
1270	0.342944294820348
1271	0.342929608220103
1272	0.342946542673682
1273	0.34292495406183
1274	0.342945346099436
1275	0.343004962277059
1276	0.343029069938617
1277	0.343088765609669
1278	0.343103059899511
1279	0.343121764594358
1280	0.343126031913865
1281	0.343125712078219
1282	0.34314740364382
1283	0.343144950298146
1284	0.343169272187201
1285	0.343223788232046
1286	0.343249828628354
1287	0.343249077579819
1288	0.343267396667373
1289	0.34325371782162
1290	0.343273860782502
1291	0.343317503428143
1292	0.343382921158009
1293	0.343411678056653
1294	0.343447636992068
1295	0.343459720604842
1296	0.343480968633632
1297	0.343518804587595
1298	0.343542569776027
1299	0.343562109542489
1300	0.343589161416456
1301	0.343617211879907
1302	0.343686088691906
1303	0.343750007984296
1304	0.343765020256742
1305	0.343806026400889
1306	0.343819895687382
1307	0.34383769621022
1308	0.343885004907618
1309	0.343888726357981
1310	0.343951400011554
1311	0.344047434500333
1312	0.344131342915827
1313	0.344243827017666
1314	0.344275154185343
1315	0.344257359501388
1316	0.344279988963832
1317	0.34426386062461
1318	0.344294014778772
1319	0.344380542797279
1320	0.344404384871436
1321	0.344441373404085
1322	0.344473622771424
1323	0.344523673103164
1324	0.344520948369363
1325	0.344561508151931
1326	0.344581438666581
1327	0.344525574922951
1328	0.344474022812672
1329	0.344412499438035
1330	0.344372038635802
1331	0.344398815182837
1332	0.344407049498716
1333	0.344445151297378
1334	0.34451646509357
1335	0.34451707744015
1336	0.344495508908768
1337	0.344508366567403
1338	0.344435543489008
1339	0.344446112366198
1340	0.344437558808187
1341	0.344444237298121
1342	0.344467255513109
1343	0.344459743162801
1344	0.344459121627564
1345	0.344476717566131
1346	0.344479790294298
1347	0.344473592158994
1348	0.344468389286991
1349	0.344449049461065
1350	0.34442701920126
1351	0.344420195698814
1352	0.344432497150732
1353	0.344428008433881
1354	0.344449023933728
1355	0.344457264457749
1356	0.344434895391364
1357	0.344440894541598
1358	0.344426611010803
1359	0.344411257353575
1360	0.344422643340324
1361	0.344435479448686
1362	0.344461440267838
1363	0.344465341549988
1364	0.344437888478656
1365	0.344453149852906
1366	0.344425067356047
1367	0.344407663208408
1368	0.344351152915348
1369	0.344302132516852
1370	0.344232781863066
1371	0.344124365264353
1372	0.344012062573633
1373	0.343906267374567
1374	0.343751674923919
1375	0.343552932529766
1376	0.343347371038617
1377	0.343131069339277
1378	0.342884037819994
1379	0.342630735226957
1380	0.342339685629051
1381	0.341984968162528
1382	0.341578961874478
1383	0.341093236720309
1384	0.340593554409603
1385	0.33999714779371
1386	0.339425675745078
1387	0.338818283941688
1388	0.338191261948632
1389	0.337566584070524
1390	0.336955556334984
1391	0.33636054012246
1392	0.335841035418202
1393	0.335465736919448
1394	0.33516632862459
1395	0.334991838984731
1396	0.334975025877883
1397	0.334983230962448
1398	0.335158406349706
1399	0.335310155503451
1400	0.335538356002424
1401	0.335747160173001
1402	0.335980422617186
1403	0.336169999056491
1404	0.336345278421359
1405	0.33651582404821
1406	0.336626410940082
1407	0.33676846929967
1408	0.336871237223386
1409	0.337003849152332
1410	0.337154505407256
1411	0.337315908434213
1412	0.33747349145312
1413	0.337654484676981
1414	0.337835295144072
1415	0.338054940108468
1416	0.338349760699012
1417	0.338579685141303
1418	0.338836669724215
1419	0.339057642534073
1420	0.339260112781669
1421	0.339500226717925
1422	0.339738180210022
1423	0.339961551924877
1424	0.340156055374481
1425	0.340353162375389
1426	0.340516927265519
1427	0.340726439307471
1428	0.340887882046045
1429	0.341039503564008
1430	0.341188707482932
1431	0.341337796287618
1432	0.341478278832007
1433	0.341653648790661
1434	0.341785451897647
1435	0.341932451487655
1436	0.342064694456052
1437	0.342159053458222
1438	0.342253595928453
1439	0.342356752620868
1440	0.342462363183409
1441	0.342590091357501
1442	0.342687003943692
1443	0.342801176738105
1444	0.342898516597005
1445	0.342993587798156
1446	0.343072145913545
1447	0.343159071946543
1448	0.343218763529864
1449	0.343303913284873
1450	0.343384042410353
1451	0.343455101439714
1452	0.343535595829148
1453	0.343627510833889
1454	0.34367984965522
1455	0.343732839479192
1456	0.343776215051023
1457	0.343811649961603
1458	0.343875627399117
1459	0.343912576667917
1460	0.343968044478346
1461	0.344004131415024
1462	0.344037729328173
1463	0.344084391126747
1464	0.344162670476437
1465	0.34421943229145
1466	0.344272274426589
1467	0.344355487834883
1468	0.344403706543523
1469	0.344447757473873
1470	0.344520224531462
1471	0.344574920348864
1472	0.344613016679531
1473	0.344688812000452
1474	0.344738679563205
1475	0.344804408967975
1476	0.344888780367279
1477	0.344944402393096
1478	0.344999351028928
1479	0.345044745855016
1480	0.345143015503625
1481	0.345168731335363
1482	0.345204917129293
1483	0.345241336402291
1484	0.345310627697546
1485	0.34537800104435
1486	0.345384710148588
1487	0.345410932518817
1488	0.345445285225007
1489	0.345451448303904
1490	0.345544642240767
1491	0.34558192363066
1492	0.345653530117816
1493	0.345700644503546
1494	0.345701180409781
1495	0.345726952289278
1496	0.345786460761181
1497	0.345823192586666
1498	0.34586030139218
1499	0.345876760872545
1500	0.345927852521156
1501	0.345955297709437
1502	0.345946420643353
1503	0.345953392057435
1504	0.345935069013897
1505	0.345974783785188
1506	0.345965173162603
1507	0.345973411368478
1508	0.3460077999987
1509	0.346057631848961
1510	0.346117774131461
1511	0.346156886641743
1512	0.346198520513691
1513	0.346254532246485
1514	0.346277829616809
1515	0.346262097714142
1516	0.346278257687029
1517	0.346342067278018
1518	0.346330321451866
1519	0.346342862039523
1520	0.34639289029617
1521	0.346369543878988
1522	0.346368641864876
1523	0.346357014692384
1524	0.346344852147425
1525	0.346334036980946
1526	0.346331803264017
1527	0.346369189659177
1528	0.346399642990907
1529	0.346441085745323
1530	0.346471739031044
1531	0.346531422560715
1532	0.346518087716502
1533	0.346505258821655
1534	0.346546298639757
1535	0.346530946168476
1536	0.346550560064844
1537	0.346618643744245
1538	0.346628286254579
1539	0.346593410496188
1540	0.346592848043233
1541	0.346584721083848
1542	0.346584142562074
1543	0.346563647177221
1544	0.34656303223022
1545	0.346615190134739
1546	0.346626293397838
1547	0.34663570889961
1548	0.346668891578695
1549	0.346661666286356
1550	0.346683284930314
1551	0.346666527853932
1552	0.346654324011192
1553	0.346645422500208
1554	0.346644933613438
1555	0.346656991978554
1556	0.346692017855475
1557	0.346692938105538
1558	0.346693898314768
1559	0.346741420051603
1560	0.346742470328554
1561	0.346779603014628
1562	0.346780725569542
1563	0.346791990409995
1564	0.346815754344987
1565	0.34684560678744
1566	0.346880189830536
1567	0.346875871853469
1568	0.346898529646133
1569	0.346856688386467
1570	0.346856547723088
1571	0.346880493820166
1572	0.346846720237363
1573	0.346866090065768
1574	0.346914850548154
1575	0.34691746891595
1576	0.346918873131923
1577	0.346939339663082
1578	0.346988598537969
1579	0.347056204329619
1580	0.347105875576831
1581	0.347147074088152
1582	0.347172271728543
1583	0.347181521458853
1584	0.347206870766121
1585	0.347269288083244
1586	0.347319918223284
1587	0.347297546830439
1588	0.347288651589707
1589	0.347244782105209
1590	0.34719943884031
1591	0.347169803142537
1592	0.347173242177585
1593	0.347180912677447
1594	0.347197096929798
1595	0.347210353320496
1596	0.347263426588484
1597	0.34728870644173
1598	0.34731652007563
1599	0.347377307526452
1600	0.347416712355391
1601	0.347420269590496
1602	0.34748417315038
1603	0.347543390512979
1604	0.347546088025648
1605	0.34755670237829
1606	0.347559436248003
1607	0.347558024020874
1608	0.347560770865811
1609	0.347551329029898
1610	0.347555685036816
1611	0.347514210033069
1612	0.347468999319852
1613	0.347490891866664
1614	0.347483536555096
1615	0.347463849103256
1616	0.347481375042276
1617	0.347486716912429
1618	0.347542801808345
1619	0.347611355026923
1620	0.347667956945274
1621	0.347731954829128
1622	0.347748616146024
1623	0.3477991349915
1624	0.347827846781172
1625	0.34782795292727
1626	0.347831354476298
1627	0.347844577858494
1628	0.34784973661367
1629	0.347848719594375
1630	0.347853909822218
1631	0.347812203913162
1632	0.347843148895703
1633	0.347842141293789
1634	0.347835264048708
1635	0.347865999093579
1636	0.347873037963871
1637	0.34793832188567
1638	0.347945562265416
1639	0.348037018082097
1640	0.348084836427867
1641	0.348134485409072
1642	0.348156355537349
1643	0.348153026735325
1644	0.348189224902434
1645	0.34817663662566
1646	0.348198826049977
1647	0.348235573246217
1648	0.348270479562074
1649	0.348297144878064
1650	0.348305453723186
1651	0.348298243595721
1652	0.348308460094575
1653	0.348378471035225
1654	0.34837629539805
1655	0.348400993127224
1656	0.348457309614937
1657	0.348577679518468
1658	0.348623987399574
1659	0.348761150652868
1660	0.348852759992724
1661	0.348895899762372
1662	0.349001435458179
1663	0.349078083983184
1664	0.349124787392351
1665	0.349232971993412
1666	0.349336693046922
1667	0.34940467019375
1668	0.349520474072494
1669	0.349587436551217
1670	0.34968692138379
1671	0.349712843794057
1672	0.349795596654929
1673	0.349876917429584
1674	0.349960451665334
1675	0.35012120537255
1676	0.35026559956327
1677	0.350384867367055
1678	0.350530616173348
1679	0.350640688297338
1680	0.350819186842988
1681	0.35096742192878
1682	0.351134284178308
1683	0.35134152320635
1684	0.351496867603154
1685	0.351662272577399
1686	0.351771341070171
1687	0.351796648508873
1688	0.351890534724332
1689	0.351936438419378
1690	0.352093342638655
1691	0.352289475174924
1692	0.352431891972378
1693	0.352516253408958
1694	0.352627247031483
1695	0.352710839289788
1696	0.352806417222156
1697	0.352983286920561
1698	0.353080044226906
1699	0.353190499448832
1700	0.353318802747295
1701	0.353454772041444
1702	0.35358149061979
1703	0.353729510764027
1704	0.353823759296781
1705	0.353941229275671
1706	0.354112885974544
1707	0.354235251586058
1708	0.354350961576832
1709	0.354420901653655
1710	0.354428004092945
1711	0.35445452405944
1712	0.354504448869401
1713	0.354494894321816
1714	0.354510897765215
1715	0.354542349730038
1716	0.354522024616415
1717	0.354471845125655
1718	0.354398121213924
1719	0.354429320262809
1720	0.354379151985335
1721	0.354383251032123
1722	0.354425176755344
1723	0.354370650482758
1724	0.354254801447549
1725	0.354170528997572
1726	0.354125406904085
1727	0.354046921683817
1728	0.353970764290109
1729	0.353847223579875
1730	0.353682115923764
1731	0.353581969622851
1732	0.353431332602806
1733	0.353278049442991
1734	0.353169211645332
1735	0.353046427381675
1736	0.352834749608532
1737	0.352749144988321
1738	0.352564558020106
1739	0.352374823590463
1740	0.352285852494163
1741	0.352220353580172
1742	0.352167191869969
1743	0.35211711638721
1744	0.35208466502061
1745	0.352062174213338
1746	0.352019976119571
1747	0.352024773839047
1748	0.352040516839668
1749	0.352054663615481
1750	0.352087884358256
1751	0.352045105422696
1752	0.351923623230634
1753	0.351826765619669
1754	0.351673994387229
1755	0.351535125585916
1756	0.351422329261818
1757	0.351286670828045
1758	0.351141027879548
1759	0.350983687960634
1760	0.350887050368966
1761	0.350719701504216
1762	0.350596187754914
1763	0.350517337419456
1764	0.350346140802802
1765	0.350233325023585
1766	0.350186082396293
1767	0.35011776530193
1768	0.350050244462921
1769	0.349940480595083
1770	0.349982496271099
1771	0.349949576228784
1772	0.349890808633873
1773	0.349887156447183
1774	0.349790805199646
1775	0.349666772287876
1776	0.349528947631325
1777	0.349387671177918
1778	0.349280491554481
1779	0.34916542287651
1780	0.349084427091878
1781	0.349008424305305
1782	0.348936141569951
1783	0.348869156907799
1784	0.348823756793792
1785	0.348774378214357
1786	0.348742785158853
1787	0.34872534299767
1788	0.348662725995658
1789	0.348673992061079
1790	0.348678424266007
1791	0.348679841810497
1792	0.348701123031011
1793	0.348759422075462
1794	0.348749900099906
1795	0.348787666252055
1796	0.348786543188629
1797	0.34879130264123
1798	0.348793189440234
1799	0.348671098323676
1800	0.348646671517021
1801	0.348698908967346
1802	0.348653647416117
1803	0.348638860486944
1804	0.348653555887973
1805	0.348514665841882
1806	0.348437151952878
1807	0.34836597779887
1808	0.348302604662332
1809	0.348205322112289
1810	0.348285538400988
1811	0.348276012907398
1812	0.348374270606513
1813	0.348395675038968
1814	0.348420713577927
1815	0.348432074023272
1816	0.348446302017082
1817	0.348507223286447
1818	0.348590870593348
1819	0.348647406871986
1820	0.348668366685626
1821	0.348670601693714
1822	0.348703310530489
1823	0.348772292022482
1824	0.348815911463616
1825	0.348767933263812
1826	0.348750781231932
1827	0.348638919818893
1828	0.348633729548763
1829	0.348595264794011
1830	0.348558265468165
1831	0.346300047977624
1832	0.346304779687325
1833	0.346246487487959
1834	0.346326037024362
1835	0.34633479261776
1836	0.346404228598427
1837	0.346515846904869
1838	0.346627995021857
1839	0.34667594711306
1840	0.34670607831062
1841	0.3467198914662
1842	0.346865121817413
1843	0.346913909783064
1844	0.346906617694123
1845	0.346980787774611
1846	0.347075302066426
1847	0.347170956281469
1848	0.34726685267268
1849	0.347366034730097
1850	0.347413070640269
1851	0.347290516662688
1852	0.347175287008645
1853	0.347068518565923
1854	0.34696691521852
1855	0.346821470375284
1856	0.34677594084908
1857	0.346736255605435
1858	0.34677472046389
1859	0.346858640108282
1860	0.346923791466003
1861	0.346924516768616
1862	0.346910458533286
1863	0.346965898287561
1864	0.346977899138495
1865	0.347066836875246
1866	0.347318209155161
1867	0.347436381463471
1868	0.347518730034852
1869	0.34757927622397
1870	0.347608879055478
1871	0.34758820870531
1872	0.34754849702141
1873	0.347550719936266
1874	0.347536715457236
1875	0.347480345146627
1876	0.347433510147024
1877	0.347439121180975
1878	0.347326231957212
1879	0.347172214231983
1880	0.346996370499488
1881	0.346793057641215
1882	0.346486689429116
1883	0.346281401569711
1884	0.346014996217763
1885	0.345826687292284
1886	0.345756079969056
1887	0.345690624299583
1888	0.345547108713173
1889	0.345350941357891
1890	0.345261872771585
1891	0.345133719652552
1892	0.345105789633863
1893	0.345193248517923
1894	0.345225464393539
1895	0.34522646539543
1896	0.345106129470174
1897	0.344961925068893
1898	0.344804292847721
1899	0.344549317928675
1900	0.344133391528004
1901	0.343865731863412
1902	0.343598065788502
1903	0.343388422157032
1904	0.343248852867212
1905	0.343017754098276
1906	0.342714903683977
1907	0.342441252886601
1908	0.342251175240894
1909	0.34197007145506
1910	0.341781067100481
1911	0.341724449253802
1912	0.341646104744722
1913	0.341631321998523
1914	0.341603750390796
1915	0.34153500493515
1916	0.341578168709445
1917	0.341749152944893
1918	0.341916234063977
1919	0.342046672640215
1920	0.342310439969331
1921	0.342517717733868
1922	0.342727155140159
1923	0.342834629934425
1924	0.34296639106908
1925	0.343024014834125
1926	0.342870628933534
1927	0.342820524438818
1928	0.342799721244155
1929	0.342814040447809
1930	0.342765009090146
1931	0.342662617205351
1932	0.342614654738919
1933	0.342540642266415
1934	0.342454762116226
1935	0.342312800784133
1936	0.342218153053516
1937	0.342086397229149
1938	0.342021757176104
1939	0.342053742960386
1940	0.342206626335028
1941	0.342258162450307
1942	0.342309558234596
1943	0.342380681323365
1944	0.342440940799778
1945	0.342511898318434
1946	0.342635142555988
1947	0.34277318651364
1948	0.342894949779102
1949	0.342965684774267
1950	0.34307628719172
1951	0.343135484910333
1952	0.343275463836614
1953	0.343543953645
1954	0.343607586875923
1955	0.343669222386811
1956	0.343705034402038
1957	0.343492560744286
1958	0.343414775168118
1959	0.343504091725855
1960	0.343457098937954
1961	0.343438308575405
1962	0.343444934333455
1963	0.34343683940503
1964	0.343444138087772
1965	0.343427940152793
1966	0.343298721084745
1967	0.343244831229509
1968	0.343129938011581
1969	0.34315383977526
1970	0.343124911152039
1971	0.34333569106366
1972	0.343427936309376
1973	0.343525172785243
1974	0.343637424183261
1975	0.343769340068223
1976	0.343900815907093
1977	0.344030102643484
1978	0.344219613409103
1979	0.344540679896052
1980	0.344710828627126
1981	0.34490870466223
1982	0.345004846126996
1983	0.345029875414751
1984	0.344903622211915
1985	0.344909653731085
1986	0.344876672851661
1987	0.344931684771493
1988	0.344985550197481
1989	0.345070750378611
1990	0.345225929432176
1991	0.345350516498869
1992	0.345399445194172
1993	0.345514310208118
1994	0.345542962235899
1995	0.345480505046156
1996	0.345539424290338
1997	0.345613938108629
1998	0.345761857591956
1999	0.346022013150226
2000	0.346220190325092
2001	0.346371155364831
2002	0.346589258224162
2003	0.346801271740039
2004	0.347080564605637
2005	0.347320572902712
2006	0.347650245626024
2007	0.347832206039217
2008	0.347883148158574
2009	0.348124868920813
2010	0.348344768217034
2011	0.348665988661445
2012	0.34921088114652
2013	0.349542578396663
2014	0.34979120521528
2015	0.349896009143993
2016	0.349967314007811
2017	0.349896871363271
2018	0.349960984024702
2019	0.350136316558857
2020	0.350270830013409
2021	0.350465099850659
2022	0.350591209918353
2023	0.350603150540731
2024	0.350701219804973
2025	0.350863533226272
2026	0.351013222234142
2027	0.351056517434262
2028	0.351144810744983
2029	0.351265182913315
2030	0.351365228053835
2031	0.351569444814999
2032	0.351963121464502
2033	0.352229253259136
2034	0.352409164777044
2035	0.352655144258556
2036	0.35292060760319
2037	0.353146265300073
2038	0.353447656830163
2039	0.35365470972714
2040	0.353791180105042
2041	0.35384011670549
2042	0.3539188565677
2043	0.354044230269238
2044	0.354229480016777
2045	0.354543843451978
2046	0.354706226067967
2047	0.354860096627915
2048	0.354981319484249
2049	0.354991483371613
2050	0.354967728084497
2051	0.354892228386212
2052	0.35491280468238
2053	0.354797558423494
2054	0.354757541326654
2055	0.354886857318364
2056	0.354950533335425
2057	0.354968245847936
2058	0.355028265546172
2059	0.355134836220723
2060	0.355266925413254
2061	0.355394104771251
2062	0.355526028808886
2063	0.355693998892093
2064	0.355883381972627
2065	0.35599222099333
2066	0.355997384894769
2067	0.356086522421379
2068	0.356221147388306
2069	0.356106167224199
2070	0.356365155601315
2071	0.356686468459921
2072	0.3568302018593
2073	0.356852261194379
2074	0.356962667701284
2075	0.357062372428746
2076	0.357150586804708
2077	0.357332043980061
2078	0.357345849455516
2079	0.357178537555688
2080	0.357032378953988
2081	0.356956034518748
2082	0.356861998657484
2083	0.356799864619462
2084	0.356754271481029
2085	0.356756170224858
2086	0.356819132406096
2087	0.35683253119835
2088	0.356938558024641
2089	0.356986494984625
2090	0.356942045887991
2091	0.356960192474318
2092	0.356991834994186
2093	0.357012964052542
2094	0.357026347830033
2095	0.357083086504826
2096	0.357164250304805
2097	0.357159254058234
2098	0.357131541401699
2099	0.357147370087731
2100	0.357335956039476
2101	0.357587788194712
2102	0.3577917325734
2103	0.358086807592995
2104	0.358280545109138
2105	0.358365381041575
2106	0.358470771307373
2107	0.358646516231219
2108	0.358677328740831
2109	0.358549457162718
2110	0.358344502493539
2111	0.358156867614229
2112	0.357976950379106
2113	0.357856309198629
2114	0.357909263579351
2115	0.357800766559654
2116	0.357669111492775
2117	0.357526494728631
2118	0.357300606182048
2119	0.357092313562001
2120	0.35695748070371
2121	0.356774358265749
2122	0.356619451118845
2123	0.356306995892543
2124	0.356236340911281
2125	0.356106389962496
2126	0.355768584381786
2127	0.355710549635752
2128	0.355555098766129
2129	0.355252522804243
2130	0.355198926161851
2131	0.355162765411541
2132	0.355029133017489
2133	0.354832054277583
2134	0.35468073788268
2135	0.354546024827313
2136	0.354310228660107
2137	0.354045296695404
2138	0.353683997573421
2139	0.353224336296899
2140	0.352770962803604
2141	0.352413091282997
2142	0.352128473178434
2143	0.351933188779937
2144	0.35168053311559
2145	0.351305631130342
2146	0.350889467864452
2147	0.350440092232288
2148	0.349902850838963
2149	0.34937971761161
2150	0.348884697769739
2151	0.348361320367543
2152	0.347800101181132
2153	0.347205461875457
2154	0.346639509952243
2155	0.346062572387239
2156	0.345454997095521
2157	0.344789448251793
2158	0.34429410427935
2159	0.343847743961612
2160	0.343229726638156
2161	0.342607285563572
2162	0.341876438314566
2163	0.341141548268079
2164	0.340485477554723
2165	0.339914485839995
2166	0.339326403265262
2167	0.338756718624897
2168	0.338321299685887
2169	0.338032542698534
2170	0.337775523879353
2171	0.337617945636827
2172	0.337597375101504
2173	0.337497091022962
2174	0.337297151521207
2175	0.337267601737806
2176	0.337198444111415
2177	0.337010703452748
2178	0.336842540901238
2179	0.336602653273233
2180	0.336373265938911
2181	0.336213316206915
2182	0.336100702904353
2183	0.335860983080559
2184	0.335623310671713
2185	0.335319532002869
2186	0.33490133819504
2187	0.334507160274971
2188	0.334041863328274
2189	0.33361769432635
2190	0.333144777234508
2191	0.332708110653944
2192	0.332417908217781
2193	0.332041824281592
2194	0.331686537813981
2195	0.331269603791407
2196	0.33083317322691
2197	0.330384575021906
2198	0.329878567235149
2199	0.329582275095332
2200	0.329332579472149
2201	0.328997081370595
2202	0.328679394818512
2203	0.328314092771543
2204	0.327966483013968
2205	0.327573734375862
2206	0.327302051597221
2207	0.327158142102494
2208	0.326979309438655
2209	0.326858505858259
2210	0.326715364616553
2211	0.326639735787524
2212	0.326735637760047
2213	0.326780841181579
2214	0.326833435920727
2215	0.326819545109032
2216	0.326724090143692
2217	0.326769712559722
2218	0.327049722266492
2219	0.327345844288363
2220	0.327501707938592
2221	0.327826031633563
2222	0.327987337423972
2223	0.328142666147234
2224	0.32827749998315
2225	0.328530433969516
2226	0.328602392934458
2227	0.328981623862545
2228	0.329563156664798
2229	0.33004421585701
2230	0.330466209334206
2231	0.331001833117923
2232	0.331462834261018
2233	0.331981088160721
2234	0.332459761596093
2235	0.332896042500537
2236	0.333281694329819
2237	0.333689512132818
2238	0.33420087535391
2239	0.334831920478203
2240	0.335369244103767
2241	0.335876475597737
2242	0.336541507251306
2243	0.337176510584059
2244	0.337897370259424
2245	0.338736630306973
2246	0.339454564182892
2247	0.340132934663145
2248	0.340876091170198
2249	0.341701440550045
2250	0.342409746993772
2251	0.343232547564746
2252	0.343844965318898
2253	0.344275713281091
2254	0.344866333487692
2255	0.345458055631211
2256	0.346050703860455
2257	0.346871076909619
2258	0.347582633383479
2259	0.348039271586477
2260	0.348482807007266
2261	0.349122385508948
2262	0.349597070333002
2263	0.350054856423195
2264	0.350630771853116
2265	0.350988237346785
2266	0.351220382171316
2267	0.351632254640776
2268	0.352004480146493
2269	0.352416207516315
2270	0.352924374959161
2271	0.353244289816008
2272	0.353541937129775
2273	0.353816927929969
2274	0.353965591923852
2275	0.354208842991442
2276	0.354488598896666
2277	0.354749273766659
2278	0.354953390462427
2279	0.355202579723316
2280	0.355446144718562
2281	0.355600576376938
2282	0.355954995031253
2283	0.356170642547727
2284	0.356377862915365
2285	0.356515559539996
2286	0.356618424013723
2287	0.356896086084546
2288	0.357120903838137
2289	0.357478453749538
2290	0.357896683642993
2291	0.358057697033663
2292	0.358256877800306
2293	0.358639842322413
2294	0.358823342934029
2295	0.359006018694877
2296	0.359246954196369
2297	0.359654740291466
2298	0.359827870672261
2299	0.35985732019952
2300	0.360028270393069
2301	0.360191209626261
2302	0.360310702309363
2303	0.360504527976679
2304	0.360571737157878
2305	0.360499191533273
2306	0.3602488245716
2307	0.359990995943018
2308	0.359708467352721
2309	0.359265098393271
2310	0.358843322649393
2311	0.358372682437323
2312	0.357990566571494
2313	0.357626611164045
2314	0.357326729252236
2315	0.357213046130557
2316	0.357095934857809
2317	0.357162591770365
2318	0.357316806614534
2319	0.357097230353745
2320	0.356793841272733
2321	0.356252183292597
2322	0.355683481620884
2323	0.355554159732933
2324	0.355513947799191
2325	0.355348850348912
2326	0.355326276545077
2327	0.355348835774167
2328	0.355095795783983
2329	0.355062569400832
2330	0.355357338385958
2331	0.355447670420633
2332	0.355371257739819
2333	0.355462392821528
2334	0.355593187667089
2335	0.35564706653061
2336	0.355896129922481
2337	0.355955905617578
2338	0.355794309972855
2339	0.355774899373434
2340	0.355693488855151
2341	0.355629249445941
2342	0.355562122010086
2343	0.355537088985737
2344	0.355557767131614
2345	0.355410207165204
2346	0.355222949058175
2347	0.354997373367896
2348	0.354815697940326
2349	0.354781371014632
2350	0.354596332228292
2351	0.354464355193971
2352	0.354001830980117
2353	0.353184466101423
2354	0.352802405715566
2355	0.352544371290023
2356	0.352487706028551
2357	0.352529680626885
2358	0.352324575541431
2359	0.351946443616179
2360	0.35128281418408
2361	0.350737681259202
2362	0.35002756147139
2363	0.349606478543997
2364	0.349291701217472
2365	0.349032882572101
2366	0.348737126605023
2367	0.348493034909492
2368	0.348097419931684
2369	0.34763772540062
2370	0.347212747295585
2371	0.346882941322748
2372	0.346447335510342
2373	0.346074963960846
2374	0.345581418645935
2375	0.344873551000734
2376	0.344345077168707
2377	0.343861379079235
2378	0.34334842623414
2379	0.343070872830306
2380	0.342525877155417
2381	0.341531342372705
2382	0.340898615340315
2383	0.340271687155386
2384	0.339602055459384
2385	0.338867908463274
2386	0.338286281186155
2387	0.337603404843257
2388	0.337060822793673
2389	0.336988894958874
2390	0.336462237222302
2391	0.335652178043755
2392	0.335007301577569
2393	0.334110664164592
2394	0.333610089566588
2395	0.333587011391165
2396	0.333239109379762
2397	0.332822472131354
2398	0.332385257466684
2399	0.331655875909788
2400	0.331299288994152
2401	0.331251987510793
2402	0.331078049333433
2403	0.331093872167393
2404	0.330699890360297
2405	0.32993079513191
2406	0.329694383454624
2407	0.329524970845279
2408	0.329317574032337
2409	0.329388225690255
2410	0.329256861696191
2411	0.328832093553544
2412	0.328626767383304
2413	0.328502270289893
2414	0.328479528079253
2415	0.328624585523046
2416	0.328467192502653
2417	0.32850407984024
2418	0.328385589472095
2419	0.327988707306519
2420	0.327593021637774
2421	0.32718196987051
2422	0.326479669047954
2423	0.326372632157549
2424	0.326381068907771
2425	0.326118292763757
2426	0.325653824307895
2427	0.325573713553042
2428	0.325394789488171
2429	0.325312002345431
2430	0.325957490108575
2431	0.325682013393963
2432	0.324733782173057
2433	0.324514911185647
2434	0.324505822893221
2435	0.324449586084786
2436	0.324820787550286
2437	0.325001546959379
2438	0.325134257170818
2439	0.325044212232521
2440	0.324861839043482
2441	0.324839837074669
2442	0.324561596088689
2443	0.324467962011538
2444	0.324741199198701
2445	0.324790824486546
2446	0.324543008722275
2447	0.32448517609114
2448	0.324237129993579
2449	0.324140493223198
2450	0.323999231500615
2451	0.323972664621291
2452	0.32397394359007
2453	0.323946814098011
2454	0.324338218387708
2455	0.324278885272579
2456	0.324325200227064
2457	0.3241890081779
2458	0.323911097491149
2459	0.323452583324577
2460	0.323072792322352
2461	0.322563446865271
2462	0.32197289414994
2463	0.321249144714233
2464	0.320415457795925
2465	0.320077418694808
2466	0.319984918455827
2467	0.3195482126173
2468	0.319570913523324
2469	0.319164499511767
2470	0.318459567647693
2471	0.317825983912796
2472	0.317331311047252
2473	0.316977346529423
2474	0.31665188402251
2475	0.316497724181228
2476	0.317241779240573
2477	0.317033535214444
2478	0.316576055819697
2479	0.316165886458213
2480	0.315240774928329
2481	0.31464868321512
2482	0.314473063251704
2483	0.313840171818566
2484	0.312924197618193
2485	0.312281537295809
2486	0.310675511282158
2487	0.310434884658579
2488	0.311640114717453
2489	0.311655939737999
2490	0.312403600421941
2491	0.312184321672514
2492	0.310101365961502
2493	0.309341736576828
2494	0.309051686620941
2495	0.309067198446274
2496	0.309911946948413
2497	0.310239177158247
2498	0.310990054782055
2499	0.311197784430698
2500	0.311219821088985
