350	0.527056139055736
351	0.536997244729935
352	0.508094720309291
353	0.487862994129595
354	0.502847415249165
355	0.5238170206823
356	0.499921087159821
357	0.488163167812309
358	0.492183311258278
359	0.498438802469659
360	0.483190236395633
361	0.472365337913035
362	0.476371846074648
363	0.482816849763831
364	0.47216960580432
365	0.451453321381685
366	0.449826597361593
367	0.459664649212768
368	0.461149368075903
369	0.449565871835821
370	0.441896131462627
371	0.44477339679884
372	0.445941691879886
373	0.435294424696075
374	0.426206987834862
375	0.432238311150115
376	0.43387493022779
377	0.426948945543567
378	0.420591501569697
379	0.424045475358747
380	0.423087669597794
381	0.414739958148318
382	0.405992732889817
383	0.409695264463841
384	0.411663749557899
385	0.407797383362423
386	0.403391436998153
387	0.400877305350039
388	0.403379612087618
389	0.403401922341991
390	0.397793790452109
391	0.394230733519609
392	0.394831169595454
393	0.393941426440105
394	0.388829967662423
395	0.387328312691422
396	0.388521739679918
397	0.388092333787592
398	0.387644008007919
399	0.383664390377362
400	0.381644627737999
401	0.384708762156317
402	0.383151404952707
403	0.379802781983448
404	0.380323079443913
405	0.380430800721006
406	0.37872237078395
407	0.374620541742003
408	0.373879312515696
409	0.374574456941589
410	0.373589050471779
411	0.370937383904305
412	0.369186794052019
413	0.368951277188481
414	0.368628125074954
415	0.365471544881552
416	0.363911701165699
417	0.363120501591835
418	0.361718374318446
419	0.359086134986046
420	0.356571384737776
421	0.356437600220609
422	0.357065934430739
423	0.354684109705944
424	0.353230007317915
425	0.352740494935577
426	0.352632945926144
427	0.350637931990903
428	0.348447382766877
429	0.346904128099222
430	0.34624359077961
431	0.345736777470008
432	0.343761482596088
433	0.342425194736248
434	0.342563572446681
435	0.342883147807651
436	0.342176729077414
437	0.340529902250783
438	0.34029218837453
439	0.340514828510767
440	0.340465038617476
441	0.33941127698852
442	0.338713693411171
443	0.338990098074409
444	0.338833439466709
445	0.337691466385442
446	0.337227714994472
447	0.337852021604884
448	0.337946198711271
449	0.337195314163539
450	0.336317494381563
451	0.336544692123465
452	0.336672929733238
453	0.336026828264256
454	0.33531046638714
455	0.334980693051383
456	0.335167144210944
457	0.334598077445065
458	0.333985618357851
459	0.333587524767722
460	0.3334790258817
461	0.332992222811466
462	0.332492827292643
463	0.331951451175659
464	0.331804347536423
465	0.331614855903284
466	0.331190946254486
467	0.330398350234597
468	0.330434048048441
469	0.330496862902474
470	0.3301168230731
471	0.329190214320131
472	0.328755758009789
473	0.328693272011844
474	0.328318309305178
475	0.327955502600929
476	0.327722981963839
477	0.328155272280921
478	0.327927392796444
479	0.327243135422212
480	0.32702409483807
481	0.327421297243482
482	0.327215678181102
483	0.326908445533729
484	0.326516567920146
485	0.326545791964522
486	0.326832181488434
487	0.326345224623165
488	0.325892618279679
489	0.325854198545168
490	0.326077523539608
491	0.32597830616559
492	0.325750488725267
493	0.325826892688978
494	0.325884789200519
495	0.326296586379465
496	0.32648634805397
497	0.326253016201612
498	0.326634808719601
499	0.327024045317354
500	0.327006617984452
501	0.326362917125404
502	0.326556444066917
503	0.327022519475003
504	0.327156326024025
505	0.32707111227625
506	0.327211317015209
507	0.327689611085831
508	0.327549066820141
509	0.327529736451346
510	0.327596005981308
511	0.328121582401877
512	0.328359205440589
513	0.328364374418152
514	0.328283477723896
515	0.328418167096757
516	0.328510911804403
517	0.328549348124008
518	0.32849096474101
519	0.328723140518544
520	0.328891352039813
521	0.329098224106956
522	0.329225724118856
523	0.329447960378058
524	0.329799850875696
525	0.330092278952752
526	0.330157271854225
527	0.330285411954012
528	0.330626492438821
529	0.330979109984246
530	0.331272289444234
531	0.331416410496194
532	0.33157320641822
533	0.33197002720695
534	0.332262524200075
535	0.332362126077817
536	0.332527577774449
537	0.332867759747144
538	0.333230058029734
539	0.333486892241025
540	0.333509415337543
541	0.333895418995134
542	0.334311262155241
543	0.334625035028329
544	0.334694928706537
545	0.334958676105628
546	0.335339006645622
547	0.335707168670824
548	0.335817755282371
549	0.336190139089366
550	0.336656393348979
551	0.336996558559266
552	0.337241566968853
553	0.337503652274913
554	0.338019795412417
555	0.338337498875587
556	0.338645438044259
557	0.33887777178379
558	0.33916437739173
559	0.339556781075427
560	0.339788036507017
561	0.339988877122163
562	0.340377612402433
563	0.340783268726647
564	0.341104305617962
565	0.34132414222242
566	0.341616617935127
567	0.342036619538192
568	0.342446589905949
569	0.342692007366944
570	0.342796045687762
571	0.343018419513264
572	0.343404540702451
573	0.343614907412213
574	0.343709590540207
575	0.343985769167707
576	0.34439142905095
577	0.344636792395517
578	0.344800502133456
579	0.344941584504336
580	0.345201271618466
581	0.345510385928815
582	0.34570897878092
583	0.345891598314049
584	0.346169575698408
585	0.346402648987298
586	0.346592305912252
587	0.34667368232456
588	0.346790318374169
589	0.346903211505079
590	0.347033903649151
591	0.347137007830795
592	0.347270878504452
593	0.347441519493433
594	0.347635152741443
595	0.347748832578636
596	0.347903278226254
597	0.348053342713677
598	0.348216429367255
599	0.348452060743286
600	0.348558817524338
601	0.348717430470216
602	0.348910670852143
603	0.349020369758125
604	0.349054136287946
605	0.349038334302086
606	0.349146539264274
607	0.349207805485142
608	0.349319859304603
609	0.349405060344733
610	0.349485845713948
611	0.349553985323356
612	0.349623889282549
613	0.349585296639116
614	0.349600963750304
615	0.349599709541657
616	0.349672504712902
617	0.349618284659036
618	0.349611714361033
619	0.349807445361836
620	0.349938141573738
621	0.349957495707475
622	0.349987997661868
623	0.350110082860139
624	0.350234061965025
625	0.350223234238292
626	0.350173554893207
627	0.350211251253878
628	0.350302858824923
629	0.350393097769879
630	0.350354794458172
631	0.35040754501501
632	0.350479109703043
633	0.350556733554695
634	0.35060865503625
635	0.350671130899854
636	0.350815498206477
637	0.350902717233739
638	0.350888999531845
639	0.350965630402496
640	0.351031727534853
641	0.351121164033898
642	0.35124988095216
643	0.351241689676682
644	0.351206280776667
645	0.351314663700049
646	0.351438280943492
647	0.351448284801848
648	0.351459947583888
649	0.351617359167294
650	0.351709910209443
651	0.351691615549986
652	0.351667724607715
653	0.351763698783574
654	0.351867489681215
655	0.351971098590147
656	0.352012366730577
657	0.352018627279379
658	0.352067526072728
659	0.352061636332651
660	0.352184633056651
661	0.352355700493617
662	0.35251431102138
663	0.352630431556795
664	0.352705318871768
665	0.352770798480707
666	0.352784019422394
667	0.352946342556825
668	0.353028949623813
669	0.353041418260134
670	0.353183224150473
671	0.35335442646177
672	0.353415773917889
673	0.353405254979436
674	0.353452407438544
675	0.353599403218079
676	0.353743707101378
677	0.35377731020262
678	0.353831223121965
679	0.353961160774393
680	0.354118663094585
681	0.354179260109848
682	0.354208669780493
683	0.354312529402254
684	0.354355904540664
685	0.354440566400733
686	0.354545806948659
687	0.354592367934239
688	0.354651110987635
689	0.354597930684583
690	0.354502588344536
691	0.354490610299124
692	0.354687774460503
693	0.354942276683787
694	0.355215950355132
695	0.355618591372926
696	0.356296039187908
697	0.356556298469399
698	0.356313170947726
699	0.3558857922185
700	0.355728254349325
701	0.355768624226725
702	0.355834805996221
703	0.355866408461508
704	0.355911576018697
705	0.355975670075292
706	0.356076824974528
707	0.356150058063354
708	0.356245323519811
709	0.356323103079696
710	0.356419023099706
711	0.356494132804887
712	0.356515232145956
713	0.356560099263058
714	0.356657461254917
715	0.356773581285778
716	0.356850676726053
717	0.356849462167757
718	0.356925982754151
719	0.356928712000845
720	0.356832290773097
721	0.356814323827878
722	0.35684669955116
723	0.357005874984168
724	0.357178232493287
725	0.357225191441913
726	0.357249657924556
727	0.357286779564853
728	0.357365410607603
729	0.357396301040783
730	0.357435236164065
731	0.357498139787065
732	0.35757625156827
733	0.357593830238241
734	0.357675340202084
735	0.357775513816459
736	0.357873745798096
737	0.357948902977475
738	0.357989693146117
739	0.358010120094965
740	0.358108004002569
741	0.358163408458325
742	0.358239518199537
743	0.35825625512547
744	0.358358471877653
745	0.358464167427721
746	0.358493556137035
747	0.358509603300568
748	0.35859058076977
749	0.358619234924229
750	0.358626377594494
751	0.358689517771988
752	0.358740044087367
753	0.358813927826335
754	0.358835928011614
755	0.358866950731335
756	0.358975258927993
757	0.359017874620417
758	0.359022371449058
759	0.359024234027208
760	0.359007486025743
761	0.358938587921065
762	0.358686179525
763	0.358492720469619
764	0.358443230752301
765	0.358477975218475
766	0.358582382163282
767	0.358761923494384
768	0.358909180903916
769	0.359112852791599
770	0.359320076826483
771	0.359464702767174
772	0.359568754908269
773	0.359616825424584
774	0.35968766126773
775	0.359717708589336
776	0.359715389188993
777	0.35977231139049
778	0.359876691342193
779	0.35989731108798
780	0.359863499358863
781	0.359929311073867
782	0.359956169038331
783	0.35998543041641
784	0.359987767403803
785	0.360032004198924
786	0.360121588460311
787	0.360114725552874
788	0.360139401413915
789	0.360110971490577
790	0.360128826868736
791	0.360251819902276
792	0.360288329697238
793	0.360242445629201
794	0.360250984641445
795	0.360405435760839
796	0.360433256134677
797	0.360374524782895
798	0.360382603585037
799	0.360537991129223
800	0.360613100887172
801	0.360581694103574
802	0.360474987702755
803	0.360537842892549
804	0.360633302741937
805	0.360682824407451
806	0.36069142212554
807	0.360659870023189
808	0.360687519661831
809	0.360782886219191
810	0.36080493128146
811	0.360778742682573
812	0.360773619711552
813	0.36079844206536
814	0.360851491015703
815	0.36084309487916
816	0.360813085592877
817	0.360756423197173
818	0.36073841449248
819	0.360752007248389
820	0.360805088477917
821	0.360870433930117
822	0.360914970285843
823	0.360941823881348
824	0.360998375199214
825	0.361089393921057
826	0.361071157668541
827	0.361059451328315
828	0.361108092567205
829	0.361259053205663
830	0.361358721400019
831	0.361298190417559
832	0.361264982781274
833	0.361326779010089
834	0.361424574095491
835	0.361430248614496
836	0.361306909377569
837	0.361366802230989
838	0.361427712743446
839	0.361443143417104
840	0.361487736006836
841	0.361498400797328
842	0.361492325832928
843	0.361472530727384
844	0.361553235634324
845	0.361626153179894
846	0.361635182558997
847	0.361606736113602
848	0.361609450579778
849	0.361618951498256
850	0.361640999833441
851	0.361692039256411
852	0.361646786692457
853	0.361636639231941
854	0.361642532179989
855	0.361755350962708
856	0.361815213979264
857	0.361737553066484
858	0.361698330766019
859	0.361760238054948
860	0.361782382046485
861	0.361866261736066
862	0.361891083113164
863	0.361858935303118
864	0.361805946825332
865	0.361785717686378
866	0.361878158477572
867	0.361946000270476
868	0.361876655058088
869	0.361876989991688
870	0.361851430665252
871	0.361900958189088
872	0.362026941128112
873	0.361962774189708
874	0.361912527712935
875	0.36195367477249
876	0.362057816528002
877	0.362163608324505
878	0.36212390879694
879	0.362004296575386
880	0.362009771169994
881	0.362112747016857
882	0.362141262569895
883	0.362124196221245
884	0.362247138412194
885	0.362273030504456
886	0.362233038425825
887	0.362163211360353
888	0.362347675232771
889	0.362459984512222
890	0.362418579241658
891	0.362337065707201
892	0.362400565909972
893	0.36239388307622
894	0.362375621945932
895	0.362391602269072
896	0.362406863292866
897	0.362362782823777
898	0.362335876313305
899	0.362312582215162
900	0.362358702102893
901	0.362458693275756
902	0.36238259537095
903	0.362343218810321
904	0.362414170492718
905	0.362452344818749
906	0.362440943898053
907	0.362481527968921
908	0.362441612479419
909	0.362424613703088
910	0.362513055856243
911	0.362495696311252
912	0.362523377882581
913	0.362615223074064
914	0.362677966846758
915	0.362541657028673
916	0.362496894686638
917	0.362529063538045
918	0.362674311114978
919	0.362676380931605
920	0.362671506690021
921	0.362755086478112
922	0.362833968096527
923	0.362734992311737
924	0.362720832385065
925	0.362761474633614
926	0.362803491422354
927	0.362747068561286
928	0.362660474942507
929	0.362747686552834
930	0.36296468507708
931	0.362918411964472
932	0.36271060202919
933	0.362723319744055
934	0.362758914111808
935	0.362843123836874
936	0.362967313933934
937	0.362944904546506
938	0.362913126361512
939	0.362875455513642
940	0.362852144115469
941	0.362850018581263
942	0.362868541693576
943	0.362940827723064
944	0.362865312182382
945	0.362937044424445
946	0.363015878730158
947	0.363183855074289
948	0.363083617895547
949	0.363008861086318
950	0.363037289050259
951	0.363040133338475
952	0.363029455078859
953	0.363004199226738
954	0.363097338495633
955	0.363256393564318
956	0.363349167356699
957	0.363223283712149
958	0.363377174594965
959	0.363515653902573
960	0.363464143876342
961	0.363439529438253
962	0.363480484827844
963	0.363612317246836
964	0.363635608233051
965	0.363626969907039
966	0.363772707665843
967	0.363823639574798
968	0.363836482794854
969	0.363852027598515
970	0.363942688725594
971	0.364151925912894
972	0.364144988185584
973	0.364120604019468
974	0.364121612056681
975	0.364408389883313
976	0.364673603730555
977	0.364508140038163
978	0.36433094012193
979	0.364314063151968
980	0.364584988929044
981	0.364868213092454
982	0.364801004988431
983	0.364846547527719
984	0.364833530588972
985	0.364916207881621
986	0.364819899121229
987	0.36506467821398
988	0.36515792572667
989	0.365015665771205
990	0.365146891288653
991	0.3652408598613
992	0.365294860306151
993	0.365325092305631
994	0.365400600869359
995	0.365295744009242
996	0.36565772152963
997	0.365530834842538
998	0.365498966021878
999	0.36565774522312
1000	0.36565560890672
1001	0.36910930378457
1002	0.369140648514277
1003	0.369044181207477
1004	0.368899639691759
1005	0.368877535957183
1006	0.368879649447867
1007	0.368857944397417
1008	0.369044133414472
1009	0.369021685161381
1010	0.36907904664359
1011	0.369173188159238
1012	0.368992501279798
1013	0.369013385782326
1014	0.368963638465214
1015	0.36899867215583
1016	0.368822581225918
1017	0.36878491222962
1018	0.368765149082361
1019	0.368724388081041
1020	0.36877493875751
1021	0.36877209264209
1022	0.368712585099669
1023	0.368677648639496
1024	0.368755650619347
1025	0.368890548345718
1026	0.368966377729073
1027	0.368904549446194
1028	0.368901645232099
1029	0.368898775699097
1030	0.368734461541903
1031	0.368694449144328
1032	0.368724883914233
1033	0.368610018772493
1034	0.368667427003496
1035	0.368554291930419
1036	0.368596792658851
1037	0.368622020117163
1038	0.368626981344833
1039	0.368615380703414
1040	0.368703274918464
1041	0.368763254301501
1042	0.368672373455989
1043	0.36869277183619
1044	0.368655949455949
1045	0.36863710283236
1046	0.368670887541026
1047	0.368711501502868
1048	0.368685310991957
1049	0.368632079470445
1050	0.368675037574753
1051	0.368546606811827
1052	0.368589558209271
1053	0.368731478520223
1054	0.368773126531873
1055	0.368800986555263
1056	0.368785599264306
1057	0.368706808074497
1058	0.368662755966327
1059	0.368651793180756
1060	0.368625040131076
1061	0.368688993488967
1062	0.36879097551884
1063	0.368812033047936
1064	0.368879063224353
1065	0.368858395575588
1066	0.36880278951507
1067	0.36879608096228
1068	0.368688156733216
1069	0.368664301757609
1070	0.368654174433948
1071	0.368567787457162
1072	0.368579911294362
1073	0.368553173711932
1074	0.368605555966845
1075	0.368615881189873
1076	0.368567945587182
1077	0.368562405843914
1078	0.368548767274595
1079	0.368587876892355
1080	0.368578231956972
1081	0.368522516226617
1082	0.368429727371037
1083	0.368416578164569
1084	0.368443294744391
1085	0.368457524647967
1086	0.368536276419641
1087	0.368543582434297
1088	0.368445065750557
1089	0.368434338552451
1090	0.368399200163376
1091	0.368303620548943
1092	0.368333407673022
1093	0.368344995999047
1094	0.36839919868099
1095	0.36843502958298
1096	0.368399542388053
1097	0.368368121812865
1098	0.368362447581946
1099	0.368287199542025
1100	0.368273520123826
1101	0.368234977394839
1102	0.36829674939337
1103	0.368309275917661
1104	0.368331173914835
1105	0.36829428772476
1106	0.368274584936456
1107	0.368297842437871
1108	0.368287053079832
1109	0.368253456676792
1110	0.36826735835695
1111	0.368301397553673
1112	0.368314808897075
1113	0.368341539076247
1114	0.368299761632769
1115	0.368324844109435
1116	0.368265155160514
1117	0.368244390943632
1118	0.368255240620495
1119	0.368281677847783
1120	0.36822166455286
1121	0.368270356837613
1122	0.368255507507438
1123	0.368229278059322
1124	0.368291833364593
1125	0.368296051743233
1126	0.368374917899482
1127	0.36842395932639
1128	0.368487366748871
1129	0.368480763851622
1130	0.36846753035844
1131	0.368419683170554
1132	0.368438629793708
1133	0.368421553451283
1134	0.368511834164085
1135	0.368596678774491
1136	0.368642293970092
1137	0.368734772617878
1138	0.368795570309751
1139	0.368799700285608
1140	0.368790415633084
1141	0.368838488064491
1142	0.368901134388883
1143	0.368892779966482
1144	0.36889018203995
1145	0.368923922356219
1146	0.369002305596114
1147	0.369011013770218
1148	0.369104885632752
1149	0.369117270129734
1150	0.369111801600063
1151	0.369137320908649
1152	0.36920529786406
1153	0.369327575457956
1154	0.369427068891698
1155	0.369453998761099
1156	0.369535584941036
1157	0.369595150254607
1158	0.369639376915782
1159	0.369687084649817
1160	0.369751235150956
1161	0.369725628762979
1162	0.369766226854569
1163	0.369791968181138
1164	0.369842712371154
1165	0.369927009635555
1166	0.370024122126797
1167	0.370058335365026
1168	0.37011766960279
1169	0.370167695804151
1170	0.37018410478996
1171	0.370180507258091
1172	0.370218762793402
1173	0.370303011256899
1174	0.370353380491721
1175	0.370421507170235
1176	0.370471807371294
1177	0.370537567064877
1178	0.37057169408005
1179	0.370620355787693
1180	0.370682689021718
1181	0.37072486466754
1182	0.370785026463755
1183	0.370865864521626
1184	0.370887890533144
1185	0.370934812775104
1186	0.371009282354663
1187	0.370976570618093
1188	0.371015649554837
1189	0.371037334108784
1190	0.371017096669389
1191	0.371058591112567
1192	0.371109563744909
1193	0.37110391594892
1194	0.371134526430229
1195	0.371232786568474
1196	0.371228631020246
1197	0.371227200950682
1198	0.371266259627868
1199	0.371228667028821
1200	0.371194651441658
1201	0.371178667895079
1202	0.371185463373295
1203	0.371216818776577
1204	0.371220183591862
1205	0.371250672568505
1206	0.371284273007822
1207	0.371292374988394
1208	0.371326653015049
1209	0.371324534771371
1210	0.371342516098946
1211	0.371316301337355
1212	0.371308678965305
1213	0.37131093925503
1214	0.371353376027727
1215	0.371359966872526
1216	0.371353451448172
1217	0.371388402501684
1218	0.371425635477589
1219	0.371426726902306
1220	0.371436388044002
1221	0.371405851784582
1222	0.371412622366988
1223	0.371440264090309
1224	0.371441282828053
1225	0.371448313045247
1226	0.371429798578265
1227	0.371478354219753
1228	0.371473994016351
1229	0.371531832653286
1230	0.37155577687568
1231	0.371564408757401
1232	0.371564408757401
1233	0.371551206855736
1234	0.371527260178253
1235	0.371522737122532
1236	0.371565214705135
1237	0.371589607832028
1238	0.371608149740783
1239	0.371647709606007
1240	0.371656477483244
1241	0.371656297820996
1242	0.371716121853478
1243	0.371766427356933
1244	0.371813887633487
1245	0.371827118478394
1246	0.371818802229379
1247	0.371822243442757
1248	0.371851250534816
1249	0.371883169889146
1250	0.371886211621948
1251	0.371932432301987
1252	0.371890784812246
1253	0.371903141447352
1254	0.371990600919082
1255	0.372007495811047
1256	0.372019330270712
1257	0.372040742320418
1258	0.372125259334441
1259	0.372151295511439
1260	0.372209833670087
1261	0.372264772738335
1262	0.37226012312057
1263	0.372290927488959
1264	0.372340966029074
1265	0.372375188077485
1266	0.372386396009477
1267	0.372436610608955
1268	0.372491471385193
1269	0.372489831803133
1270	0.372549521063357
1271	0.372600523504768
1272	0.372630602595029
1273	0.372709700157096
1274	0.372754044490452
1275	0.372757156759778
1276	0.372815859890474
1277	0.372834451015623
1278	0.372853198811376
1279	0.372937388114022
1280	0.372995905137523
1281	0.373013407170493
1282	0.373021395305925
1283	0.373056749947109
1284	0.373074638522057
1285	0.373107918834785
1286	0.373131037346502
1287	0.373169684439026
1288	0.373158675382257
1289	0.373187236852066
1290	0.37322065934141
1291	0.373270340377397
1292	0.37332534331626
1293	0.373312934817993
1294	0.37330994880808
1295	0.373313825358877
1296	0.373340700907484
1297	0.373361299681863
1298	0.373358840567827
1299	0.373391147953828
1300	0.373351632438292
1301	0.373374257713534
1302	0.373401284964461
1303	0.373392697320061
1304	0.373396534948584
1305	0.373383781769411
1306	0.373343876762872
1307	0.373326957926675
1308	0.373337424083609
1309	0.373309701102102
1310	0.373300402894959
1311	0.373307427967177
1312	0.373342901022994
1313	0.373346651850326
1314	0.373350667246384
1315	0.373340998121277
1316	0.373357067100457
1317	0.373387258514996
1318	0.373436115827184
1319	0.373461964386455
1320	0.373489703779125
1321	0.37345804324034
1322	0.373481006800645
1323	0.37349771945193
1324	0.373469114159941
1325	0.373515292384355
1326	0.373538978488248
1327	0.373496969702298
1328	0.373520970124568
1329	0.373507769502609
1330	0.373531907441503
1331	0.373596491097988
1332	0.373615444595101
1333	0.373602154467202
1334	0.373604334372855
1335	0.373609310705311
1336	0.373587208736292
1337	0.373630459112114
1338	0.373730866799888
1339	0.373801210994917
1340	0.373877431615619
1341	0.373932159692434
1342	0.373983231021981
1343	0.374018175135681
1344	0.374005542306288
1345	0.374030701468745
1346	0.374049902736478
1347	0.374087767015753
1348	0.374100893826633
1349	0.374155613537804
1350	0.37417437858848
1351	0.374206091088116
1352	0.374253016338092
1353	0.374292183874133
1354	0.374378834726564
1355	0.374433530987808
1356	0.374481749582028
1357	0.374493456658611
1358	0.374499730608598
1359	0.374528756861679
1360	0.37457599797332
1361	0.374614215892193
1362	0.374658823159426
1363	0.374684181822142
1364	0.374690160448253
1365	0.374695447565108
1366	0.3747288991852
1367	0.37477287110923
1368	0.374750892706046
1369	0.374730661536071
1370	0.37468208977308
1371	0.374615515441867
1372	0.374510629977797
1373	0.374434974634466
1374	0.374274868621034
1375	0.374074320152874
1376	0.373852544446874
1377	0.373549673104724
1378	0.373304114623947
1379	0.373049735223471
1380	0.372739504026709
1381	0.372393210873277
1382	0.371938625711727
1383	0.371425026002529
1384	0.370846962480138
1385	0.370223755755038
1386	0.36957810142904
1387	0.368878515590842
1388	0.368154523932709
1389	0.367427521657679
1390	0.3667087181135
1391	0.366036435699567
1392	0.365439429848389
1393	0.365042367871359
1394	0.364763410289647
1395	0.364615801918912
1396	0.364613257559598
1397	0.364654213897941
1398	0.364869826049856
1399	0.365059334632089
1400	0.365364759555076
1401	0.36561376696746
1402	0.365914622989484
1403	0.366176347619071
1404	0.366402031855406
1405	0.366619456321811
1406	0.366754412335555
1407	0.366945883050656
1408	0.367048429414335
1409	0.367203574984483
1410	0.367385819226728
1411	0.367572328559587
1412	0.367759694514446
1413	0.367970111896316
1414	0.368180353598981
1415	0.368404332668145
1416	0.368670343217953
1417	0.36893664578966
1418	0.369200456599894
1419	0.369488174243499
1420	0.369763420871135
1421	0.370017683550966
1422	0.370253036428191
1423	0.370511444336963
1424	0.37077442173056
1425	0.371022507388665
1426	0.371251060602799
1427	0.371492363609276
1428	0.371676836749791
1429	0.371907497088405
1430	0.372049243091876
1431	0.372209284981675
1432	0.372344080501887
1433	0.37243929197175
1434	0.372595976046241
1435	0.372759445299795
1436	0.37288773193897
1437	0.373008466588215
1438	0.373129809521784
1439	0.373301165326031
1440	0.373437300607434
1441	0.373595499244171
1442	0.373724864701075
1443	0.373838155875163
1444	0.373938914335116
1445	0.374009507001178
1446	0.374121569530865
1447	0.374190593970105
1448	0.374284788809537
1449	0.374332707941319
1450	0.37441990960511
1451	0.374460984672443
1452	0.374519144425015
1453	0.37463674338113
1454	0.374728377865012
1455	0.374831305308459
1456	0.37494557888142
1457	0.375042881904391
1458	0.375179984434529
1459	0.375307795983712
1460	0.375457067885143
1461	0.375532609706211
1462	0.375566411204643
1463	0.375614599180426
1464	0.3756360669227
1465	0.375673309126531
1466	0.375749875508263
1467	0.375787692177911
1468	0.37580059585119
1469	0.375884298910768
1470	0.375984941856089
1471	0.37605027866122
1472	0.376154501379211
1473	0.376273199066665
1474	0.376344292631591
1475	0.376421862926671
1476	0.376547499979845
1477	0.37661410300913
1478	0.376654371081659
1479	0.376679338192643
1480	0.376705570322123
1481	0.376742199387505
1482	0.376745599598717
1483	0.376793896783129
1484	0.376892052282659
1485	0.376971390746194
1486	0.377019074998929
1487	0.37708718571136
1488	0.37713279366813
1489	0.377212887131426
1490	0.377326192847358
1491	0.377406776068122
1492	0.377517363114089
1493	0.377574980593215
1494	0.377578922923506
1495	0.377613257230254
1496	0.377566750906594
1497	0.377581735022465
1498	0.377578106965379
1499	0.377604957324669
1500	0.377610838672697
1501	0.37764965121234
1502	0.37762184866062
1503	0.377672657293344
1504	0.377742306898437
1505	0.377829181040785
1506	0.377966209107765
1507	0.378022037240597
1508	0.378063145764294
1509	0.378127019139858
1510	0.378126865140414
1511	0.378147152969121
1512	0.378169097574341
1513	0.378208096963478
1514	0.378207707792901
1515	0.378206764336675
1516	0.378170458816144
1517	0.378166076630159
1518	0.378136453982477
1519	0.378116263640328
1520	0.378179660886964
1521	0.378228898290094
1522	0.37831082027236
1523	0.378406922218431
1524	0.378509563911976
1525	0.378616153488819
1526	0.378629703456662
1527	0.378647419794497
1528	0.378693697355105
1529	0.37867907025684
1530	0.378660056609221
1531	0.378681938331634
1532	0.37868327439795
1533	0.37863008532431
1534	0.378618879640227
1535	0.378598654371316
1536	0.378632900333659
1537	0.378654909842839
1538	0.378714431967076
1539	0.378773558951502
1540	0.378825404295718
1541	0.378911632525203
1542	0.378963875888321
1543	0.379022966816996
1544	0.379075562356922
1545	0.379100000909819
1546	0.379098490306724
1547	0.379130691556881
1548	0.379116457303234
1549	0.379107481534054
1550	0.379080352092119
1551	0.379045093977874
1552	0.379051675948156
1553	0.379031369730133
1554	0.379050842391079
1555	0.379105828031321
1556	0.379164314756247
1557	0.379197850059666
1558	0.37929095981491
1559	0.37937942667447
1560	0.379438816755509
1561	0.379521981008351
1562	0.379581840621688
1563	0.379523403649821
1564	0.379535718311532
1565	0.379559128526356
1566	0.379545176186636
1567	0.379583141476013
1568	0.379555953554243
1569	0.379539043649183
1570	0.379524964723193
1571	0.379488419640391
1572	0.379514161797305
1573	0.379554225873901
1574	0.379593560236407
1575	0.379650542673475
1576	0.379712139313372
1577	0.379737701673798
1578	0.379777672079663
1579	0.379897478145771
1580	0.379902273109571
1581	0.379955009089598
1582	0.379968518352803
1583	0.379911209572768
1584	0.379924686167244
1585	0.37993817542276
1586	0.379943101386113
1587	0.379949987460555
1588	0.380004867333376
1589	0.380028392363294
1590	0.380047329232904
1591	0.380104736074656
1592	0.380174208563131
1593	0.380192418624844
1594	0.380239667585679
1595	0.380331843625453
1596	0.380379579476261
1597	0.38043268609916
1598	0.380489648880028
1599	0.380501886709877
1600	0.380531009951037
1601	0.380528404099975
1602	0.380506350241284
1603	0.380428339747744
1604	0.380420211467059
1605	0.380412182623785
1606	0.380441468170097
1607	0.380454673751164
1608	0.380484153715561
1609	0.380480807662285
1610	0.380553573703704
1611	0.380590434961025
1612	0.380654689372255
1613	0.380696394094895
1614	0.38076116373805
1615	0.380814977919356
1616	0.380865707841822
1617	0.380950255077678
1618	0.381001495694015
1619	0.381003737746393
1620	0.381016716621326
1621	0.381026526232117
1622	0.380995296687132
1623	0.380951636795656
1624	0.380929396611648
1625	0.380891850239473
1626	0.380884284542386
1627	0.380912281345832
1628	0.380949570476203
1629	0.381020045790637
1630	0.381097146719518
1631	0.38113649675086
1632	0.381159506666657
1633	0.381208135006357
1634	0.381276863101709
1635	0.381346651172047
1636	0.381391310385232
1637	0.381446284969447
1638	0.381491386567844
1639	0.381508083860206
1640	0.381553536652956
1641	0.381558569659682
1642	0.381579306493457
1643	0.381581403066572
1644	0.38157712385088
1645	0.381550784855149
1646	0.381530801107235
1647	0.381545439557056
1648	0.381535087589049
1649	0.38155460786452
1650	0.381601271777631
1651	0.381637408622763
1652	0.381690521098344
1653	0.381805566040181
1654	0.38189123573228
1655	0.382018114435394
1656	0.382085013734946
1657	0.382223711209862
1658	0.382330035533049
1659	0.38242116272307
1660	0.382492578082652
1661	0.382552377890186
1662	0.382634703898041
1663	0.382661889396867
1664	0.382722232666426
1665	0.38269856523155
1666	0.382726274978791
1667	0.382804404921338
1668	0.382836317236121
1669	0.382995926181291
1670	0.383092687610057
1671	0.383188247169359
1672	0.383306466933315
1673	0.383453679302743
1674	0.383617209001768
1675	0.383860062628895
1676	0.384086732128199
1677	0.384287650518607
1678	0.384471924452517
1679	0.384649370607935
1680	0.3848698907678
1681	0.385027518186536
1682	0.38519481010427
1683	0.385306878662808
1684	0.385420211339647
1685	0.385505418972873
1686	0.385612799037395
1687	0.385663419211035
1688	0.38575412188756
1689	0.385865682097333
1690	0.38602111012392
1691	0.386284267783926
1692	0.386470036206114
1693	0.386624488514765
1694	0.386776189487708
1695	0.386879897622353
1696	0.387014947933595
1697	0.387218883695467
1698	0.38740242844554
1699	0.387586987859966
1700	0.387754125895394
1701	0.387892281192998
1702	0.388053224978274
1703	0.388122379755881
1704	0.388200000762727
1705	0.38825137419483
1706	0.388283926355073
1707	0.388382918077321
1708	0.388462223535921
1709	0.388565509248344
1710	0.388627370001488
1711	0.388672143704689
1712	0.388728026867723
1713	0.388764894985996
1714	0.388808082143642
1715	0.388883131995402
1716	0.38895529370895
1717	0.389041929119061
1718	0.389073463850143
1719	0.38913121734584
1720	0.389216917730534
1721	0.389261013393476
1722	0.389201183590166
1723	0.389100754656257
1724	0.388942726530303
1725	0.388752970750684
1726	0.388704486892734
1727	0.388600430134949
1728	0.38845854073134
1729	0.388301784336375
1730	0.388155390145064
1731	0.387974320896654
1732	0.387851720335326
1733	0.38767374394462
1734	0.387608336251944
1735	0.387511478604462
1736	0.387341775962439
1737	0.387293165407038
1738	0.387214282467673
1739	0.387117743145695
1740	0.387097832104035
1741	0.387101899180376
1742	0.387042043411451
1743	0.386964815126777
1744	0.386968597396555
1745	0.386871818292129
1746	0.386810287329955
1747	0.386735719130752
1748	0.386605348291336
1749	0.386490282025064
1750	0.386472198397611
1751	0.386353949925427
1752	0.386204528590348
1753	0.386085049915626
1754	0.385992928909331
1755	0.385898856325009
1756	0.385810120714214
1757	0.385750911650956
1758	0.385684481887584
1759	0.385659906645048
1760	0.385595648670033
1761	0.385578019514752
1762	0.385518749355281
1763	0.385532323285698
1764	0.385500728505331
1765	0.385375208861921
1766	0.385307007044837
1767	0.385161192645567
1768	0.385045048314993
1769	0.384956449973458
1770	0.384806173116524
1771	0.384638949686163
1772	0.384528605148037
1773	0.384325575832796
1774	0.384195786835622
1775	0.384038717875996
1776	0.38394471367526
1777	0.383834608252202
1778	0.383652299596001
1779	0.383522223162577
1780	0.383467392332186
1781	0.383476858534825
1782	0.38349199784244
1783	0.383535940545449
1784	0.383617590447731
1785	0.383553390850188
1786	0.383571746085288
1787	0.383681997296287
1788	0.38376048184079
1789	0.383823521232257
1790	0.383867318068852
1791	0.383806924858586
1792	0.383873653826754
1793	0.383824520265217
1794	0.383762271184516
1795	0.383689059378599
1796	0.383646672947375
1797	0.383563750133704
1798	0.383531264837074
1799	0.383463551299118
1800	0.383380629116037
1801	0.383317521705264
1802	0.383288309216575
1803	0.383217798582822
1804	0.383222344508739
1805	0.383277738830054
1806	0.38324591927034
1807	0.383306538065963
1808	0.383415900745687
1809	0.38338978127224
1810	0.383443732836147
1811	0.383487406411858
1812	0.383479900137825
1813	0.383573673702484
1814	0.383627791917365
1815	0.383735175040196
1816	0.383745067043913
1817	0.383773899510602
1818	0.383820687851224
1819	0.383830258431832
1820	0.383777745058294
1821	0.383780675645085
1822	0.383700557716919
1823	0.383693413893776
1824	0.383643396402146
1825	0.383519984566344
1826	0.383500102956825
1827	0.383445746822015
1828	0.383468553611162
1829	0.383534819072316
1830	0.383569038436609
1831	0.381989039138425
1832	0.382140905799256
1833	0.382369625162471
1834	0.382558876466654
1835	0.382719416495916
1836	0.382837217361685
1837	0.382843467202691
1838	0.382867436501693
1839	0.382840351179254
1840	0.382917239380041
1841	0.382932173171219
1842	0.382923888829939
1843	0.383029755178617
1844	0.382976861933857
1845	0.382962260270224
1846	0.38297179970911
1847	0.382982187054983
1848	0.382925893345665
1849	0.38296978784664
1850	0.383042159892082
1851	0.38295588951844
1852	0.382926432853878
1853	0.383034224310559
1854	0.38315112594915
1855	0.383332374272908
1856	0.383476828521875
1857	0.383687349946425
1858	0.383809724595889
1859	0.383869752084243
1860	0.383850658880385
1861	0.383762253452892
1862	0.383692090033991
1863	0.383700472263444
1864	0.383875347309734
1865	0.383892923337223
1866	0.384048987093769
1867	0.383999446102474
1868	0.383786749256325
1869	0.383517278197556
1870	0.383376740971865
1871	0.383294081338948
1872	0.38324227829101
1873	0.383369958450558
1874	0.383391855213814
1875	0.383440158372723
1876	0.383422107630319
1877	0.383309644437176
1878	0.383290299659469
1879	0.383203278389925
1880	0.383238306189017
1881	0.383217338569943
1882	0.383273360801142
1883	0.383237808283606
1884	0.383100418395298
1885	0.383038960865168
1886	0.382996829281116
1887	0.383046565771424
1888	0.383022423790656
1889	0.38284486427596
1890	0.38266902384403
1891	0.382458638674371
1892	0.38228714912911
1893	0.382174521547821
1894	0.381972805219638
1895	0.381754529519437
1896	0.38148377368761
1897	0.38121800650598
1898	0.380893180379245
1899	0.380624103070748
1900	0.380310283298826
1901	0.380017642200735
1902	0.379728599870396
1903	0.379544245532201
1904	0.379391486453053
1905	0.379266648744323
1906	0.379267845886897
1907	0.379288464150243
1908	0.379260764462065
1909	0.379327542403206
1910	0.379240454994825
1911	0.379093760523527
1912	0.379033709667823
1913	0.378851408532632
1914	0.378847763331592
1915	0.379110489647728
1916	0.379184974765681
1917	0.379235102609241
1918	0.379343739991382
1919	0.379354890213036
1920	0.37921348670007
1921	0.37915068525578
1922	0.379175305024311
1923	0.379126868258939
1924	0.379107990497267
1925	0.379066804136639
1926	0.378902653235145
1927	0.378868873631898
1928	0.378835172895429
1929	0.37887274371252
1930	0.37887221117434
1931	0.378886203463559
1932	0.378947746293578
1933	0.378981423820725
1934	0.379006729776685
1935	0.379014690036717
1936	0.379090815024901
1937	0.379238973025965
1938	0.379289860757144
1939	0.379351625536532
1940	0.379464091457059
1941	0.379547518117187
1942	0.379554065468027
1943	0.379572782755632
1944	0.379656659991201
1945	0.37964651980648
1946	0.379565692905228
1947	0.379480335814472
1948	0.379343517719652
1949	0.379308965729392
1950	0.379346555935581
1951	0.379430967275305
1952	0.379472448218267
1953	0.379598427353015
1954	0.37962204731988
1955	0.379572689782639
1956	0.379600277086516
1957	0.379758415138717
1958	0.379818560826385
1959	0.379864640324351
1960	0.379905394074902
1961	0.379944887187381
1962	0.379989643308524
1963	0.380015405868655
1964	0.380075762879936
1965	0.380127337648665
1966	0.380075787943715
1967	0.380149179729227
1968	0.380272308427383
1969	0.380371696161737
1970	0.380459945433338
1971	0.380581510532941
1972	0.380696232299616
1973	0.380842573070775
1974	0.380921972686304
1975	0.380967679997192
1976	0.381007480367693
1977	0.380989798497289
1978	0.381029663744628
1979	0.381022955180048
1980	0.381098643840689
1981	0.381278212626793
1982	0.381384518149254
1983	0.381485306752495
1984	0.381640827375914
1985	0.381752892060294
1986	0.381764182384378
1987	0.381840582625029
1988	0.381930011956503
1989	0.3820979461682
1990	0.382391584309092
1991	0.382542103158046
1992	0.382713933131896
1993	0.382756129843178
1994	0.382900403904838
1995	0.382956041958396
1996	0.383134227376931
1997	0.38344108851156
1998	0.383624396225743
1999	0.383671892094705
2000	0.383848979266746
2001	0.384034725116217
2002	0.384201251095878
2003	0.384329148292702
2004	0.384496555072093
2005	0.384618044926719
2006	0.384738670073688
2007	0.384899922972461
2008	0.385213290542243
2009	0.385404944607206
2010	0.385600097887783
2011	0.385810727309293
2012	0.386027102666248
2013	0.386215673233743
2014	0.386389449999849
2015	0.386636405453407
2016	0.386892486976757
2017	0.387108757516051
2018	0.387282637757077
2019	0.387545773947738
2020	0.387743668850448
2021	0.387916307131122
2022	0.388108194880423
2023	0.388257343996736
2024	0.388484865625643
2025	0.388713667100212
2026	0.388935480811822
2027	0.389211085157581
2028	0.389369557371294
2029	0.389393370026772
2030	0.389507784544099
2031	0.389669751303242
2032	0.38988647984064
2033	0.390109969131513
2034	0.390352109837929
2035	0.390522673948724
2036	0.390683384886478
2037	0.39086138931589
2038	0.391068402134558
2039	0.391259191044424
2040	0.391342795782205
2041	0.391362676410846
2042	0.391398332085891
2043	0.39149783217646
2044	0.391599421885957
2045	0.391886088753765
2046	0.392020276848236
2047	0.392001906138257
2048	0.392062764319328
2049	0.392094237084468
2050	0.392192760804587
2051	0.392322083095147
2052	0.392505187794134
2053	0.392626192747501
2054	0.39271189724626
2055	0.392757678791407
2056	0.392834308854472
2057	0.392899731224986
2058	0.393002273830569
2059	0.393087974825088
2060	0.393150815259791
2061	0.393255797171832
2062	0.393429541344452
2063	0.393510443939662
2064	0.393552711845972
2065	0.393618709471987
2066	0.393698872860028
2067	0.393656303681279
2068	0.393686581300855
2069	0.393767435473817
2070	0.393781573701829
2071	0.393874168464754
2072	0.393904695247707
2073	0.394010380774686
2074	0.394003748572412
2075	0.393891453155047
2076	0.393954796849054
2077	0.394159305286243
2078	0.394242307928295
2079	0.394295091438865
2080	0.39429017799172
2081	0.394172178499965
2082	0.394134410650851
2083	0.394188329162944
2084	0.394318773166999
2085	0.394421856308647
2086	0.394592060886362
2087	0.394644185403156
2088	0.394654870835802
2089	0.394713085608739
2090	0.394677941146462
2091	0.394742241787438
2092	0.394858768530189
2093	0.395103775133865
2094	0.395221521378102
2095	0.395325288741163
2096	0.395461174860554
2097	0.395458229184023
2098	0.395423828138264
2099	0.395477844904831
2100	0.395529586387766
2101	0.395525246763081
2102	0.395563563319864
2103	0.395634424085888
2104	0.395758512675935
2105	0.395958403595001
2106	0.396090275752064
2107	0.396194982081069
2108	0.396226036109854
2109	0.396070915111917
2110	0.39589538616947
2111	0.395829766970882
2112	0.395806832405424
2113	0.395819247799181
2114	0.395854427264352
2115	0.395801633091752
2116	0.395736060833828
2117	0.395582568400565
2118	0.395311926475224
2119	0.395163586996097
2120	0.395076372701277
2121	0.394926323572267
2122	0.394843782792007
2123	0.394651843127527
2124	0.394513034661427
2125	0.394228951988916
2126	0.393973484694395
2127	0.394027881646131
2128	0.394048699335047
2129	0.393960727377425
2130	0.393813353242421
2131	0.393477149695645
2132	0.393204408978182
2133	0.392697870824662
2134	0.392362593759214
2135	0.392244525455129
2136	0.39185337789118
2137	0.391384358498608
2138	0.390893466542796
2139	0.390323122286865
2140	0.389656212322407
2141	0.389347796431559
2142	0.389044604633189
2143	0.388756698402603
2144	0.388536534537196
2145	0.388087052866063
2146	0.387574620286298
2147	0.387127482715685
2148	0.386648420731045
2149	0.386123721347407
2150	0.385545737165916
2151	0.385059748983864
2152	0.384668981807957
2153	0.384151175149576
2154	0.383625030560437
2155	0.383140435264389
2156	0.382568823567659
2157	0.381746509136655
2158	0.381039581093405
2159	0.380410231543419
2160	0.379658578024059
2161	0.378765149289919
2162	0.377877351400877
2163	0.376934369556408
2164	0.37604351724435
2165	0.375061994269922
2166	0.374345058851662
2167	0.373792116453524
2168	0.373264531715062
2169	0.372853926373314
2170	0.37247183963357
2171	0.372053877042672
2172	0.371727755907001
2173	0.3716232591007
2174	0.371492072848203
2175	0.37139526651758
2176	0.371561054337329
2177	0.371408085255231
2178	0.371233882015925
2179	0.371243965043894
2180	0.371092891922817
2181	0.370879360042465
2182	0.370857007464868
2183	0.370703417429077
2184	0.370493371311361
2185	0.370244460192193
2186	0.369930019523763
2187	0.369714081914273
2188	0.369620762161971
2189	0.369311729786233
2190	0.368973361267315
2191	0.368691916058333
2192	0.368344603217143
2193	0.367977468433608
2194	0.367603637519584
2195	0.367175366995438
2196	0.36648202105988
2197	0.365864706095541
2198	0.36554170643779
2199	0.365108031224672
2200	0.364710623479484
2201	0.364286613725326
2202	0.363775727132519
2203	0.362953213622245
2204	0.362481458402148
2205	0.362136933506654
2206	0.361775879699737
2207	0.361546821795751
2208	0.361346904958051
2209	0.361223215948072
2210	0.361063216631761
2211	0.361091796291908
2212	0.361081455381795
2213	0.361145473428535
2214	0.361217383682828
2215	0.361419661495539
2216	0.361819699017086
2217	0.362016309233204
2218	0.362238479488827
2219	0.362562819224221
2220	0.362763134767053
2221	0.363030466658954
2222	0.363348824140262
2223	0.363699065272259
2224	0.363996005409166
2225	0.364326329307979
2226	0.364698772293418
2227	0.365165646387906
2228	0.365723311707382
2229	0.366172473810756
2230	0.366625977904305
2231	0.367031885309842
2232	0.367516321495429
2233	0.367934550496711
2234	0.368592835574918
2235	0.369221029541577
2236	0.369823147948891
2237	0.370294132623753
2238	0.370674883930098
2239	0.37117325547567
2240	0.371719636911035
2241	0.372284244451894
2242	0.372825654978448
2243	0.373323348093487
2244	0.373957487043819
2245	0.374480299010402
2246	0.375246029817819
2247	0.376200515455596
2248	0.376989849219003
2249	0.377932305902562
2250	0.378682841064263
2251	0.37932574528913
2252	0.380115057095284
2253	0.380794153282357
2254	0.381566180492962
2255	0.382505482904937
2256	0.383469831375326
2257	0.384418824114515
2258	0.385347427506454
2259	0.38595802128029
2260	0.386549177135446
2261	0.387197334290699
2262	0.387753022790426
2263	0.388261187774484
2264	0.388759438566239
2265	0.389157110870634
2266	0.389536423173041
2267	0.390141999683073
2268	0.390690911722972
2269	0.391029060344204
2270	0.39113921106032
2271	0.391432207948561
2272	0.391652387610178
2273	0.391948836855455
2274	0.392499637757808
2275	0.392811209044237
2276	0.393069938359526
2277	0.393296720125879
2278	0.393392026430305
2279	0.393560752046695
2280	0.393770330468576
2281	0.393839885882766
2282	0.39402972142141
2283	0.394195773115146
2284	0.394284373472394
2285	0.394421174178248
2286	0.394499363868633
2287	0.394682393456806
2288	0.395080969033163
2289	0.395480637623797
2290	0.39601765562162
2291	0.396393153830596
2292	0.3965443171728
2293	0.396772836174148
2294	0.397156247619213
2295	0.397517330706307
2296	0.397908629755486
2297	0.398553661340647
2298	0.398771453181814
2299	0.398677946466138
2300	0.398726576315146
2301	0.398393427782299
2302	0.398387356468125
2303	0.398714369449064
2304	0.398872692468844
2305	0.399246494288354
2306	0.399243809603135
2307	0.398987414193174
2308	0.398774505921208
2309	0.3983485501654
2310	0.397988406539226
2311	0.397646966878926
2312	0.397364071102066
2313	0.397186335953217
2314	0.396962842994389
2315	0.39650853791828
2316	0.39615307086496
2317	0.395767664522776
2318	0.395221893556777
2319	0.394788296706336
2320	0.394275825595745
2321	0.393553481980232
2322	0.393110192062374
2323	0.39296060362631
2324	0.392665987628083
2325	0.392270109207862
2326	0.392042798900435
2327	0.392025169324745
2328	0.392149508466243
2329	0.39208359932788
2330	0.392341132610921
2331	0.392404827420226
2332	0.392105283098271
2333	0.392168528237033
2334	0.392339445955802
2335	0.392488342432954
2336	0.392795482251984
2337	0.39289754969948
2338	0.392917991811707
2339	0.39306991883169
2340	0.392984504450199
2341	0.392965119685285
2342	0.393023318710485
2343	0.393041970266742
2344	0.393163521174413
2345	0.393067848976131
2346	0.392784740077167
2347	0.392655744566638
2348	0.392434282224863
2349	0.392059935833568
2350	0.392085131805963
2351	0.391998038446798
2352	0.391726190089282
2353	0.391419892337365
2354	0.391131127897006
2355	0.39068838582855
2356	0.390193540106286
2357	0.389882384189081
2358	0.389514122683189
2359	0.389006859280487
2360	0.388332838545567
2361	0.38794626306814
2362	0.387498927795594
2363	0.386782901986976
2364	0.386409163578175
2365	0.385870830240704
2366	0.385540753343362
2367	0.385534210295309
2368	0.385172322463485
2369	0.384469999288422
2370	0.384012610801426
2371	0.383195542159301
2372	0.382645545923056
2373	0.382531055715768
2374	0.381845399354446
2375	0.380775759743652
2376	0.38004832357637
2377	0.379288214868844
2378	0.378501456041807
2379	0.378047001877426
2380	0.377376702284528
2381	0.376488702917678
2382	0.375878953345183
2383	0.375555718053728
2384	0.375142959570465
2385	0.374814079839275
2386	0.374269121391871
2387	0.373413387148303
2388	0.372835496285675
2389	0.372293922347347
2390	0.37172324852343
2391	0.371567952761613
2392	0.371194594783628
2393	0.370713571278164
2394	0.370172268106972
2395	0.369273337233102
2396	0.368476191645697
2397	0.367354631694794
2398	0.366611461913414
2399	0.366118697419351
2400	0.365753475530216
2401	0.365866483571824
2402	0.365996204520066
2403	0.365900970492252
2404	0.365734400041078
2405	0.365330123688289
2406	0.364936173540744
2407	0.364514651470802
2408	0.363966038053808
2409	0.363649657458418
2410	0.363251591216593
2411	0.362742378289313
2412	0.362500269008113
2413	0.362526135699183
2414	0.362514833305262
2415	0.362943776526394
2416	0.363343066143473
2417	0.362962796938539
2418	0.362632222191922
2419	0.362530304326361
2420	0.362061061662125
2421	0.361416181534345
2422	0.361309490881347
2423	0.360992394006928
2424	0.360744237228916
2425	0.360588925841492
2426	0.360736510405547
2427	0.360587150838724
2428	0.360239933636585
2429	0.360085497828287
2430	0.36012115953349
2431	0.359857345712515
2432	0.359293380897081
2433	0.359085310979479
2434	0.358817923532786
2435	0.358676913080274
2436	0.358875876571285
2437	0.358982987852414
2438	0.358710699617439
2439	0.358639621428381
2440	0.35856884073152
2441	0.358563405176449
2442	0.358307135106632
2443	0.358223345353881
2444	0.358399102579036
2445	0.358353571012755
2446	0.358631691040599
2447	0.358469175885542
2448	0.357798474594062
2449	0.357366402898378
2450	0.356796252692204
2451	0.356544657069066
2452	0.357017975352631
2453	0.35699263698191
2454	0.356887509026438
2455	0.356811432058584
2456	0.356542335151539
2457	0.356262222901781
2458	0.356309453725604
2459	0.35618515536734
2460	0.356146642757521
2461	0.355856283741985
2462	0.35545400228347
2463	0.354946629929965
2464	0.354129743647124
2465	0.353658495390371
2466	0.353884835072056
2467	0.353582104144517
2468	0.353398007623898
2469	0.353131538829437
2470	0.352809416567088
2471	0.352183731339999
2472	0.351554842620163
2473	0.351094365780673
2474	0.35027026060307
2475	0.349891048446165
2476	0.349753628858936
2477	0.34946420780011
2478	0.349067627191073
2479	0.348722934858929
2480	0.348672166405616
2481	0.348471169774204
2482	0.348229928855267
2483	0.348177884902475
2484	0.348693302605574
2485	0.348110522553534
2486	0.346433456672895
2487	0.345651471005018
2488	0.344443577018274
2489	0.343720193212808
2490	0.344489702387706
2491	0.343866328626864
2492	0.341575647099068
2493	0.341111382243801
2494	0.341629887065495
2495	0.341449146290588
2496	0.342269881418156
2497	0.342229186390446
2498	0.340648834493615
2499	0.340048917372966
2500	0.340115969382239
