350	0.113655440261702
351	0.140051778287072
352	0.123340561696726
353	9.68229894863227E-02
354	9.32927498703374E-02
355	9.15830287872418E-02
356	0.103255465549472
357	0.106564893140928
358	0.10876593867985
359	9.66154945472487E-02
360	0.109095714891368
361	8.77226690088656E-02
362	8.69517705358882E-02
363	0.101452496907073
364	0.092108757860827
365	7.45107496266154E-02
366	9.20882892706038E-02
367	9.30065453405275E-02
368	9.56763921516025E-02
369	0.094907855626327
370	9.11891588876161E-02
371	0.100786025931769
372	9.29112603449384E-02
373	8.78171709148675E-02
374	9.57718497776769E-02
375	8.78853879548652E-02
376	8.92257780838062E-02
377	9.07173233482184E-02
378	8.92934743357004E-02
379	8.78295870833522E-02
380	0.090322588032947
381	8.48845717957184E-02
382	8.25592981261608E-02
383	8.94446982440111E-02
384	8.90455667687315E-02
385	8.64137618433442E-02
386	8.33578957982672E-02
387	0.081621573050712
388	8.11362879315518E-02
389	8.54810016066989E-02
390	8.78710606369277E-02
391	0.081011038744885
392	7.85691807405853E-02
393	8.49607973853826E-02
394	8.46831114021684E-02
395	8.07485017673372E-02
396	8.20521537213868E-02
397	8.15051352448917E-02
398	8.19174785659263E-02
399	7.82570166895895E-02
400	8.20617277373704E-02
401	8.36854875016241E-02
402	8.61487725721313E-02
403	0.086075249603538
404	8.30579777108521E-02
405	8.48060213740142E-02
406	0.085864810061909
407	0.083311105012982
408	8.28339704633906E-02
409	8.31085262601517E-02
410	8.51004505856336E-02
411	8.75896259971007E-02
412	8.35703449779714E-02
413	8.23059834439106E-02
414	8.39505224311692E-02
415	8.17847458530571E-02
416	8.30715012958011E-02
417	8.33574455691913E-02
418	8.33672192538894E-02
419	8.41999521838911E-02
420	8.33785175947514E-02
421	8.19651986887139E-02
422	8.34164506125769E-02
423	8.29218113004778E-02
424	8.10358157519134E-02
425	8.07407997465271E-02
426	8.13142002940759E-02
427	8.10295160300216E-02
428	8.01606627575856E-02
429	0.079822932189241
430	7.90268026654101E-02
431	8.05300057888982E-02
432	0.080173166193873
433	7.97964460930665E-02
434	7.98921441333484E-02
435	8.03689142246155E-02
436	8.05510885519306E-02
437	7.98571684990538E-02
438	8.08056462460948E-02
439	8.09231140432714E-02
440	8.12196667862318E-02
441	8.11092951560402E-02
442	8.14433370283186E-02
443	8.15403528006656E-02
444	8.15074580825054E-02
445	8.18494550699118E-02
446	8.22136601515672E-02
447	0.082928006192942
448	8.31792393007679E-02
449	0.083236064353697
450	8.37018694273553E-02
451	8.35216436798402E-02
452	8.36685571921137E-02
453	8.42652874184721E-02
454	8.42469950838235E-02
455	8.44755019593368E-02
456	8.47267718354475E-02
457	8.51224754847673E-02
458	8.56322235230526E-02
459	8.51223247713105E-02
460	8.49127127938809E-02
461	8.50622132862435E-02
462	8.53376851364024E-02
463	8.56257423870647E-02
464	8.59664363716592E-02
465	8.59036791867848E-02
466	8.61303003382246E-02
467	8.65286399421742E-02
468	0.086037568652731
469	8.59690938581604E-02
470	8.66224835876017E-02
471	8.68634284760267E-02
472	8.60933830207477E-02
473	8.60637250694431E-02
474	8.67423259620742E-02
475	8.68372496074079E-02
476	8.65013490558529E-02
477	8.63517151627741E-02
478	8.67994325072917E-02
479	8.69709554837525E-02
480	0.086729209641414
481	8.64730575584903E-02
482	8.70293040166564E-02
483	8.71054133196308E-02
484	8.72531410329011E-02
485	8.72386719890696E-02
486	8.70955357996116E-02
487	8.70180005804569E-02
488	8.73381319508871E-02
489	8.72275987608763E-02
490	8.75602113409985E-02
491	8.77452385027201E-02
492	8.77248851884831E-02
493	8.75837092001554E-02
494	8.75070347902461E-02
495	8.77597942605489E-02
496	8.80708019815087E-02
497	8.76195533946402E-02
498	8.77226117699666E-02
499	8.80649671992275E-02
500	8.84472978124383E-02
501	8.84719291042754E-02
502	8.81606052567786E-02
503	0.088044407144887
504	8.83000559637091E-02
505	0.088290145584336
506	8.84592994934104E-02
507	8.85886501137614E-02
508	8.88079898326904E-02
509	8.89228111047454E-02
510	8.90424044518307E-02
511	8.89251527193642E-02
512	8.91076548291591E-02
513	8.95887560169768E-02
514	8.93894081361281E-02
515	8.94346836184788E-02
516	8.94734445713982E-02
517	8.95608606277163E-02
518	8.96369745520928E-02
519	8.96163769652904E-02
520	8.95989401129343E-02
521	8.96882694954537E-02
522	8.98299033086463E-02
523	9.01080427751935E-02
524	9.02035568379694E-02
525	9.04390411891049E-02
526	0.090723774834446
527	9.06217795025388E-02
528	9.05728428493942E-02
529	9.04514329150725E-02
530	9.05745917809859E-02
531	0.090838415713545
532	9.08272317748011E-02
533	9.08697973473892E-02
534	9.09234243824378E-02
535	9.08389939322507E-02
536	9.06152302422979E-02
537	9.05247221934193E-02
538	9.06126344695317E-02
539	9.05955163818535E-02
540	9.05560637780297E-02
541	9.03379060677182E-02
542	9.02307043460421E-02
543	9.02544992606062E-02
544	9.01939360790931E-02
545	9.01878497438413E-02
546	9.02254191154332E-02
547	0.090161527172615
548	9.02120876994987E-02
549	9.01222008505204E-02
550	9.00397721798244E-02
551	9.00745750013762E-02
552	8.99721664661259E-02
553	8.98826662326664E-02
554	8.99008526738211E-02
555	8.98650944816351E-02
556	8.97695247733616E-02
557	8.97448514923168E-02
558	8.96783616268052E-02
559	8.95478603849529E-02
560	8.94168983287747E-02
561	8.94265253508005E-02
562	8.92550787899987E-02
563	8.91743208106368E-02
564	8.90950113955845E-02
565	8.90395868746321E-02
566	8.90095616728006E-02
567	8.88895316967277E-02
568	8.87188144016837E-02
569	8.86103767587288E-02
570	8.85529998031321E-02
571	8.83767208236842E-02
572	8.81903675283943E-02
573	8.81483306610462E-02
574	8.81609854389061E-02
575	8.80540831012215E-02
576	8.78532290066241E-02
577	8.77889801041425E-02
578	8.76794744491158E-02
579	8.76265829874853E-02
580	0.087495872689981
581	8.73215459822424E-02
582	8.72565326391883E-02
583	8.72014880641302E-02
584	8.70427412133578E-02
585	8.69419054720536E-02
586	8.67206319775641E-02
587	8.65876919735555E-02
588	0.086438785924326
589	8.62221298042879E-02
590	8.60873741105443E-02
591	8.59103148362221E-02
592	8.56530374401582E-02
593	8.54910271663889E-02
594	8.53630632517483E-02
595	8.52723914075777E-02
596	8.51203923127782E-02
597	8.49552979463828E-02
598	8.47829622385827E-02
599	8.46369697346458E-02
600	8.44033013002218E-02
601	8.41832686517018E-02
602	8.39333190308276E-02
603	8.38270789356879E-02
604	8.38195897552031E-02
605	8.36651216721823E-02
606	8.34253819153081E-02
607	0.083252846371168
608	8.31831329151194E-02
609	8.31258295097171E-02
610	8.30086145010245E-02
611	8.28542399692125E-02
612	0.082789972538253
613	8.26394948413151E-02
614	8.25049181686061E-02
615	8.24682030724901E-02
616	8.24553604863888E-02
617	8.23532602709794E-02
618	8.23125395015671E-02
619	8.22909075563023E-02
620	8.22566483065951E-02
621	8.22318678917873E-02
622	8.22627476397915E-02
623	0.082239288191139
624	8.22147626675691E-02
625	8.22282750482303E-02
626	8.22172150423924E-02
627	8.21972891124249E-02
628	8.22362333971343E-02
629	8.22401840061164E-02
630	8.23331793461328E-02
631	8.24590643093016E-02
632	8.24947993906947E-02
633	8.24588076567894E-02
634	8.26351057445593E-02
635	8.27992255068308E-02
636	8.28636038310103E-02
637	8.28879284488972E-02
638	8.30189204159567E-02
639	8.32246552288865E-02
640	8.33489710471568E-02
641	8.34265549901728E-02
642	8.36559372996872E-02
643	8.38424324747491E-02
644	8.40321691395526E-02
645	8.41152788727594E-02
646	8.41689585043117E-02
647	8.43444703131854E-02
648	8.44367334854251E-02
649	8.45239038230956E-02
650	8.46105422432867E-02
651	8.47088434730762E-02
652	8.47315938678439E-02
653	8.48161477224668E-02
654	8.48274410860162E-02
655	8.48316628212185E-02
656	8.48656601742552E-02
657	8.49147462089628E-02
658	8.49038543590352E-02
659	8.48776946721552E-02
660	8.49701037456348E-02
661	8.51011937010496E-02
662	8.51052059743554E-02
663	8.51799113844917E-02
664	0.085346555753427
665	8.54740872254269E-02
666	8.56750393386425E-02
667	8.58976923868457E-02
668	0.086131836985057
669	8.64093713399142E-02
670	8.66990599141662E-02
671	8.70905504004084E-02
672	8.75522035744638E-02
673	8.79461018599207E-02
674	8.83433656716796E-02
675	8.87895857583029E-02
676	8.91927896817757E-02
677	8.97496052780338E-02
678	9.02874001344312E-02
679	9.08021154044968E-02
680	0.091290240159152
681	9.17658345698724E-02
682	9.22656609422661E-02
683	9.28208276430647E-02
684	9.32974009274157E-02
685	0.093849664237725
686	9.43691577224219E-02
687	9.49008088246674E-02
688	9.53169691235192E-02
689	9.56205690390202E-02
690	9.60733624789113E-02
691	9.66177940063961E-02
692	9.71840390987402E-02
693	9.78062989789713E-02
694	9.86743844743167E-02
695	9.98903038662451E-02
696	0.101272935231454
697	0.102082644969782
698	0.102280424453592
699	0.102078200804235
700	0.102280709432821
701	0.102676073898638
702	0.103236943080139
703	0.103915693657791
704	0.104554276832293
705	0.105079215650577
706	0.105627320794698
707	0.106310142217897
708	0.1069820815489
709	0.107617760735786
710	0.10828820833697
711	0.108896694044435
712	0.109534880984079
713	0.110170343619792
714	0.110763165133998
715	0.111367921003764
716	0.111996634823182
717	0.112662420307878
718	0.113242093462757
719	0.113755392428694
720	0.114232225105967
721	0.114724628908893
722	0.115209310856026
723	0.115736369736965
724	0.116306454423777
725	0.116838885009473
726	0.117357502809418
727	0.11786429821096
728	0.118314126248424
729	0.118749004531466
730	0.119255174399875
731	0.119729484461379
732	0.120107713565363
733	0.120593732932251
734	0.121043838443212
735	0.121464723932216
736	0.121853270865022
737	0.122235039008676
738	0.122668084803354
739	0.123040939040046
740	0.123426574224566
741	0.123763246146513
742	0.124080263754812
743	0.124408361911355
744	0.124651375490818
745	0.124933122909153
746	0.12522431642858
747	0.125559242576385
748	0.125871673706551
749	0.126090695636722
750	0.126243351146803
751	0.12652754261102
752	0.126749964755387
753	0.126969929363251
754	0.127144066609973
755	0.127345534297683
756	0.127581737289997
757	0.127754448426262
758	0.1279212743809
759	0.128035968015287
760	0.128152458019501
761	0.128267912362577
762	0.128221180653037
763	0.128190817590368
764	0.128226606853351
765	0.128370457454128
766	0.128531487050434
767	0.128749154515611
768	0.128980409924397
769	0.129238585047481
770	0.129475021458922
771	0.12962497018121
772	0.129717515957274
773	0.129884100276237
774	0.130016664807525
775	0.130092819174431
776	0.130169937262394
777	0.130242914356426
778	0.130378429240729
779	0.130478844909739
780	0.130507091537589
781	0.13062040383976
782	0.130702022399957
783	0.130786226418762
784	0.130778795545689
785	0.130849399218077
786	0.130961948208849
787	0.131038282543998
788	0.131023497269814
789	0.131081815854274
790	0.131220152405721
791	0.13131117828151
792	0.131317893690547
793	0.131368540159631
794	0.131427599564962
795	0.131485195338481
796	0.131493134049692
797	0.131519292903294
798	0.131545530279758
799	0.131639460296026
800	0.131645604042523
801	0.131624869369547
802	0.131666610029659
803	0.131766996007281
804	0.131786777192286
805	0.131806578470471
806	0.131879580040542
807	0.131960222961071
808	0.131983055930972
809	0.131975843989127
810	0.131960350857431
811	0.131995455096989
812	0.132066632771441
813	0.132102911799548
814	0.132073644617851
815	0.1320613880092
816	0.132054773177183
817	0.132045490951429
818	0.132034361198226
819	0.132029564494069
820	0.132072091815163
821	0.132156712192714
822	0.132094771661264
823	0.132083191590789
824	0.132147360835659
825	0.13219393648701
826	0.132183815651829
827	0.132141025024079
828	0.132211073205729
829	0.132282919108687
830	0.132236934207946
831	0.132183364144796
832	0.132160124869552
833	0.132190522965564
834	0.132245384214766
835	0.132207129417296
836	0.13213587874865
837	0.132149239709193
838	0.132175287178479
839	0.132122420274402
840	0.132094402069101
841	0.132105119173788
842	0.132114584225959
843	0.132123993791133
844	0.13208269234397
845	0.132089071571832
846	0.132077482572436
847	0.132088478998285
848	0.132054659949424
849	0.132083979528059
850	0.132126295286738
851	0.132058287971415
852	0.131984038896162
853	0.132009101180555
854	0.132056204074037
855	0.132032461112875
856	0.131962939502612
857	0.131919206063286
858	0.131937497147258
859	0.131883341164785
860	0.131869422665947
861	0.131903170933048
862	0.131896324788688
863	0.131845717748647
864	0.131799735102108
865	0.131767841776958
866	0.131728455342616
867	0.131732923919954
868	0.131700494424074
869	0.131571455216497
870	0.131540919851475
871	0.131528160283738
872	0.131553452360033
873	0.131475695511813
874	0.131374466176839
875	0.131378821732768
876	0.131377426349982
877	0.131378871591826
878	0.131330101942365
879	0.131287326907
880	0.131266428741454
881	0.131277919021595
882	0.131203296569457
883	0.131131373346455
884	0.131185595028994
885	0.13115172012153
886	0.131073735868164
887	0.130960443084843
888	0.130966129690919
889	0.130987911410878
890	0.130894217327748
891	0.130829375250248
892	0.130782420113408
893	0.130738109959693
894	0.130715280566449
895	0.130754485452693
896	0.130719892398507
897	0.130655446975151
898	0.130555353319048
899	0.130388388382864
900	0.130418393536052
901	0.130457886738072
902	0.130400496659823
903	0.130292733017587
904	0.130366313796843
905	0.130306680230762
906	0.130246829264646
907	0.130166261308902
908	0.130132971892379
909	0.130194910743361
910	0.130243529219644
911	0.130095184456819
912	0.130087175033911
913	0.130169882503772
914	0.13006730013712
915	0.129961615491939
916	0.129982505826805
917	0.129973439249265
918	0.129942680270495
919	0.129873106185264
920	0.12980862097722
921	0.129840417959191
922	0.129881863631828
923	0.129986937609157
924	0.129888037451713
925	0.129834238822064
926	0.129757847936417
927	0.129700275765941
928	0.129731019438961
929	0.129727467081209
930	0.129697326389241
931	0.129674713139878
932	0.129500605825356
933	0.129488438852948
934	0.129458776781482
935	0.129366877675002
936	0.129270587709621
937	0.129197859319725
938	0.12929716262402
939	0.129335857559704
940	0.129295215052406
941	0.129217429134537
942	0.129193934906101
943	0.129115359983529
944	0.129072691554222
945	0.129073321939653
946	0.129148282963814
947	0.129144269277936
948	0.129036411115379
949	0.129022078246257
950	0.128955963776046
951	0.128799576344604
952	0.128791816482084
953	0.12896997519644
954	0.129054912531475
955	0.128875994277162
956	0.128985524520922
957	0.128814520690633
958	0.12880912666408
959	0.128847405692608
960	0.128721125064202
961	0.128672744230795
962	0.128682627770711
963	0.128835360309374
964	0.128809887076314
965	0.128559800946871
966	0.128440013823765
967	0.128701103982092
968	0.128797136009146
969	0.128538498785016
970	0.128378590915361
971	0.128467849041855
972	0.128437976660647
973	0.128462648343488
974	0.128467551579556
975	0.128453208678013
976	0.128285573987668
977	0.128208900519058
978	0.128261800116229
979	0.128290588158187
980	0.128211693684372
981	0.12815448335003
982	0.127970318542759
983	0.128072767412647
984	0.128256170416232
985	0.128252041733717
986	0.128197383287917
987	0.128266561030498
988	0.128290350156483
989	0.128025587359714
990	0.127802604061628
991	0.128221034540577
992	0.128217170311344
993	0.12827066229304
994	0.128057830167969
995	0.127824559627405
996	0.127642390176827
997	0.12770750156376
998	0.127533409191231
999	0.127685375677744
1000	0.128043698669489
1001	0.12361038794954
1002	0.123597694329467
1003	0.123601160646626
1004	0.12352303191246
1005	0.123470214918556
1006	0.123494421279754
1007	0.123442460984742
1008	0.123454506474563
1009	0.1234184672053
1010	0.123305579753195
1011	0.123391076370539
1012	0.123293638099494
1013	0.123378153611933
1014	0.123433286303645
1015	0.123476091323741
1016	0.123441442632967
1017	0.123458666441844
1018	0.123410304783003
1019	0.123266789980269
1020	0.123220139157733
1021	0.123183553844225
1022	0.123124098912441
1023	0.123175033580637
1024	0.123116330154008
1025	0.123086231504801
1026	0.123111516567973
1027	0.123109089066217
1028	0.123120575640167
1029	0.123010839947767
1030	0.12307250623129
1031	0.122951314857071
1032	0.122841096228762
1033	0.122840891895976
1034	0.122767848254979
1035	0.122755322617653
1036	0.122829630324573
1037	0.122804275134181
1038	0.122946156044054
1039	0.123021849494381
1040	0.12298077700397
1041	0.122955130603927
1042	0.122907196130138
1043	0.122767688047293
1044	0.122755815594425
1045	0.122792440189987
1046	0.122695119583692
1047	0.122645822393909
1048	0.122670341810383
1049	0.122655220308786
1050	0.122607469189581
1051	0.122537564862987
1052	0.12250244337092
1053	0.122499346439774
1054	0.122464752650588
1055	0.122483819694508
1056	0.122464349040345
1057	0.122422219347933
1058	0.122472660256562
1059	0.12246404810808
1060	0.12249166858089
1061	0.122425038683404
1062	0.122353217269612
1063	0.122333639374488
1064	0.122228260241388
1065	0.122254775184209
1066	0.122364047275858
1067	0.122423463872221
1068	0.122354861856223
1069	0.12233960575117
1070	0.122345450740685
1071	0.122367167728279
1072	0.122261747267229
1073	0.122299557963973
1074	0.122331297034633
1075	0.122273548069099
1076	0.122254914915538
1077	0.122392830044094
1078	0.122375237740622
1079	0.122393463938886
1080	0.122397192909605
1081	0.122353112246753
1082	0.122396777458895
1083	0.122445370799037
1084	0.122517618450202
1085	0.122542749550666
1086	0.122465778190513
1087	0.122432660588069
1088	0.122477707132978
1089	0.122580885122832
1090	0.122607959905698
1091	0.122580213701013
1092	0.122588014316515
1093	0.122563886808334
1094	0.122536773651483
1095	0.12253042084608
1096	0.122622791771042
1097	0.122615864579544
1098	0.122601302063259
1099	0.122600737569407
1100	0.122676539048992
1101	0.122611482557248
1102	0.122619002036886
1103	0.122731458055203
1104	0.122726236521674
1105	0.122693807150029
1106	0.122699734494547
1107	0.122736612948487
1108	0.122674374894458
1109	0.12267419621654
1110	0.122673980955192
1111	0.12261606809752
1112	0.122616233481061
1113	0.122698588428691
1114	0.122768869926456
1115	0.122678662864713
1116	0.122596789487896
1117	0.122575356020958
1118	0.122518652013855
1119	0.122467103365352
1120	0.12248072224129
1121	0.122494154741496
1122	0.122414778116122
1123	0.122382600242146
1124	0.122353532485058
1125	0.122352772647666
1126	0.122323401748681
1127	0.122319664710551
1128	0.122309374230305
1129	0.12232114787208
1130	0.122285335752666
1131	0.122210415014874
1132	0.122223027819371
1133	0.122127854661059
1134	0.122055720916441
1135	0.122055929485892
1136	0.122019354206287
1137	0.121933787637451
1138	0.121963129611701
1139	0.121871798213516
1140	0.121878500011449
1141	0.121860117131715
1142	0.121789389152459
1143	0.121767338283278
1144	0.121735709010833
1145	0.121719819878956
1146	0.121681258996925
1147	0.121632416849934
1148	0.121586964012674
1149	0.121493600276753
1150	0.121479474278081
1151	0.121540237279937
1152	0.121492730527928
1153	0.12148937349998
1154	0.121438770314615
1155	0.121419667244613
1156	0.121389008493273
1157	0.121406082687224
1158	0.121366502013613
1159	0.121311824118521
1160	0.121294983581912
1161	0.121259518422998
1162	0.121220448427029
1163	0.121243459085885
1164	0.121224804818826
1165	0.121198840895845
1166	0.121218819007771
1167	0.121179490183054
1168	0.121113241037749
1169	0.121066495533262
1170	0.12105773149511
1171	0.121032560911783
1172	0.120977761706862
1173	0.120938702766832
1174	0.12088986562089
1175	0.12084833002805
1176	0.120858484509567
1177	0.120857196707599
1178	0.120862234673264
1179	0.120854637639386
1180	0.120815422888508
1181	0.120832606476623
1182	0.12082250981351
1183	0.120814102846911
1184	0.120804392557196
1185	0.120730043510078
1186	0.12070726869871
1187	0.120707577180147
1188	0.120725621718157
1189	0.120701076412914
1190	0.120725045115063
1191	0.120762504150428
1192	0.120775373888338
1193	0.120771405173868
1194	0.120803325349749
1195	0.120761692883333
1196	0.120768379062773
1197	0.120742841892092
1198	0.120759033037491
1199	0.12075958235501
1200	0.120750698073209
1201	0.120785776470212
1202	0.120779436281801
1203	0.120761485294394
1204	0.120804206067417
1205	0.12080694820184
1206	0.120817716557904
1207	0.120905974793178
1208	0.120895726026157
1209	0.120913649513909
1210	0.120937514837384
1211	0.120960069093666
1212	0.12095650223176
1213	0.120988385566672
1214	0.121036459782238
1215	0.121082301915552
1216	0.121104440380058
1217	0.121159556029613
1218	0.121182173587738
1219	0.121207935583769
1220	0.12124355480987
1221	0.121254242240708
1222	0.121270726600813
1223	0.121256713397716
1224	0.121338150803153
1225	0.121383787495586
1226	0.121394259178992
1227	0.121444931254859
1228	0.121464744562758
1229	0.121430163417622
1230	0.121459330672742
1231	0.121532916183599
1232	0.121566753448725
1233	0.121637331427389
1234	0.121642017094269
1235	0.121632246882235
1236	0.121680145389007
1237	0.121715860258946
1238	0.121725239231947
1239	0.121752813494477
1240	0.121771583536666
1241	0.121781178728924
1242	0.121796459044047
1243	0.121888572183167
1244	0.121871305459086
1245	0.121904226554653
1246	0.121877098250561
1247	0.121919453779947
1248	0.12194286554078
1249	0.121956057302753
1250	0.121928800407271
1251	0.121951431415054
1252	0.121985303199556
1253	0.122056160550687
1254	0.12211025026965
1255	0.122156702724858
1256	0.122173369262137
1257	0.122195336743154
1258	0.122175456615059
1259	0.122206972100383
1260	0.12224328252746
1261	0.122245468658044
1262	0.122208751866548
1263	0.122220455700544
1264	0.122170790457265
1265	0.122182179996431
1266	0.122213050039445
1267	0.122286866236709
1268	0.122327552902523
1269	0.122351235969492
1270	0.122372000304129
1271	0.122352417142985
1272	0.122357902875282
1273	0.122403435308485
1274	0.122417916230772
1275	0.122470541137703
1276	0.122484423070844
1277	0.1224853519551
1278	0.122543525537628
1279	0.122536749179296
1280	0.122589673758133
1281	0.122591829818296
1282	0.122613865159906
1283	0.122638309751645
1284	0.122654888888356
1285	0.122618448221354
1286	0.122614077780521
1287	0.122651064251551
1288	0.122700999276526
1289	0.12271227002895
1290	0.122690325192326
1291	0.122717138858424
1292	0.122700516694772
1293	0.122754439376684
1294	0.122872273536219
1295	0.122885297524402
1296	0.12287136721086
1297	0.122928341290059
1298	0.122970663351764
1299	0.12302375001929
1300	0.123115653121446
1301	0.123143303935983
1302	0.123162031895905
1303	0.123175012720815
1304	0.123192610620646
1305	0.12319070334156
1306	0.123211980408034
1307	0.123244517423778
1308	0.123268349773021
1309	0.123222485427279
1310	0.123273707809016
1311	0.123293862540469
1312	0.123346044303013
1313	0.123364806195807
1314	0.123407015153185
1315	0.123434340758567
1316	0.123461160318589
1317	0.123442690697309
1318	0.123480964047334
1319	0.123458005243857
1320	0.123485895503038
1321	0.123523109744632
1322	0.12349306719312
1323	0.123440518012843
1324	0.123427693378459
1325	0.123417128759662
1326	0.123426031242635
1327	0.123436895520777
1328	0.123410268826397
1329	0.12338999742371
1330	0.123329068686686
1331	0.123255219934134
1332	0.123216640611186
1333	0.123217930012239
1334	0.123149877602117
1335	0.123055294390989
1336	0.123000251036225
1337	0.122927295846399
1338	0.12281816223991
1339	0.122752766177271
1340	0.122749851425614
1341	0.122681937386654
1342	0.122599674558717
1343	0.122520275114661
1344	0.122414854445031
1345	0.122351271854009
1346	0.122268508883629
1347	0.122211194999273
1348	0.122113688410336
1349	0.122005567989821
1350	0.12188914225021
1351	0.121784079354303
1352	0.121700473970336
1353	0.121627400990142
1354	0.121515505608369
1355	0.121456928424726
1356	0.121364088836233
1357	0.121316329209711
1358	0.121271157760355
1359	0.121234974530867
1360	0.121184996487764
1361	0.12111425474407
1362	0.121054673568735
1363	0.120974090206707
1364	0.120911453311939
1365	0.120831328051922
1366	0.12075508128598
1367	0.12066863023161
1368	0.12055449466206
1369	0.1204523405545
1370	0.120346024219595
1371	0.120238052207979
1372	0.120142670979021
1373	0.120040227983155
1374	0.119932103075203
1375	0.119763591026328
1376	0.119609119854791
1377	0.11942103941052
1378	0.119246829650492
1379	0.119093627751735
1380	0.118926966815338
1381	0.118758056650393
1382	0.118533914133186
1383	0.118257440400843
1384	0.117969990430701
1385	0.117682548214813
1386	0.117382655331491
1387	0.117112739068048
1388	0.116890220117818
1389	0.116566803794857
1390	0.116241583290169
1391	0.115944331749822
1392	0.115590147136585
1393	0.115280098942752
1394	0.115007883563337
1395	0.114702374793935
1396	0.114412721465375
1397	0.114106020776053
1398	0.113764845889736
1399	0.11344685081001
1400	0.113115029065116
1401	0.112782253533026
1402	0.112457008559431
1403	0.112112493136445
1404	0.111804009481745
1405	0.111472924910357
1406	0.111144429523509
1407	0.110794763405255
1408	0.110464718137325
1409	0.110121788881626
1410	0.109733807682641
1411	0.109400628837087
1412	0.10905149503404
1413	0.108699289126449
1414	0.108372404524688
1415	0.108061218533683
1416	0.10769856843681
1417	0.107402673705275
1418	0.107094940944352
1419	0.106807971752237
1420	0.106512377621213
1421	0.106212552179671
1422	0.105935650304582
1423	0.105639839619116
1424	0.105343572356651
1425	0.105109071686236
1426	0.104815940662772
1427	0.104588144174478
1428	0.104400854653789
1429	0.104213928408106
1430	0.104018123980902
1431	0.103865740670515
1432	0.103678433565779
1433	0.103475845301097
1434	0.103262155302905
1435	0.103042151069268
1436	0.10291741015119
1437	0.102788938275707
1438	0.102695703124912
1439	0.102606826714351
1440	0.102522208615331
1441	0.102452442862698
1442	0.102373473712941
1443	0.10229561940231
1444	0.102219322142194
1445	0.10212863783433
1446	0.102084141877844
1447	0.102020588568601
1448	0.10198482597
1449	0.101961199263128
1450	0.101931257027191
1451	0.101924323708397
1452	0.101894271154926
1453	0.101875023434353
1454	0.101850832455579
1455	0.101821080724069
1456	0.101802763687522
1457	0.10182329921949
1458	0.101807943573096
1459	0.101815397354915
1460	0.101825151934966
1461	0.101819723983929
1462	0.101772860415881
1463	0.101751349063444
1464	0.101739499373467
1465	0.101740839478314
1466	0.101773483324585
1467	0.101800064528236
1468	0.101819294490367
1469	0.101860600866127
1470	0.101930596110699
1471	0.101939041363657
1472	0.101976808381473
1473	0.10199147788715
1474	0.102024571099247
1475	0.10203318001601
1476	0.102079463977513
1477	0.102115353180227
1478	0.102172190079303
1479	0.102235530248412
1480	0.102270033349395
1481	0.102336763796088
1482	0.102426317742559
1483	0.102499668110772
1484	0.10254628079972
1485	0.102619985066279
1486	0.102659397232806
1487	0.102702773611083
1488	0.102767314744941
1489	0.102838534131677
1490	0.102893974595681
1491	0.103024030707436
1492	0.103138182738428
1493	0.103200678686031
1494	0.103261945965659
1495	0.103321533882619
1496	0.103397521470707
1497	0.10349809533616
1498	0.103570295184869
1499	0.103643453415711
1500	0.103674084115346
1501	0.103782027246594
1502	0.103921750099113
1503	0.103999016519032
1504	0.104074521416061
1505	0.104158745669634
1506	0.10418301468937
1507	0.104232874231375
1508	0.104316681398044
1509	0.104426693211325
1510	0.104532267598991
1511	0.104639544339163
1512	0.10474062672772
1513	0.104797614690338
1514	0.104891190263947
1515	0.105001257593897
1516	0.105057438174131
1517	0.105159638429143
1518	0.105206310094638
1519	0.105303804226101
1520	0.105368890491917
1521	0.105449406121015
1522	0.105541070926366
1523	0.105594481686339
1524	0.105647568373244
1525	0.105685902167357
1526	0.105735850305564
1527	0.105791356099967
1528	0.10584501928034
1529	0.105969811657768
1530	0.106030782357824
1531	0.106121820268461
1532	0.106183206622465
1533	0.106249144066076
1534	0.106310907523782
1535	0.106325754748899
1536	0.106417143423411
1537	0.10649191642892
1538	0.106525000806824
1539	0.106575820770236
1540	0.106642160375057
1541	0.106638744229242
1542	0.106675798024475
1543	0.106779058150639
1544	0.106816449195479
1545	0.106918066885502
1546	0.106962933543418
1547	0.106993423230718
1548	0.107042149907396
1549	0.107071954451752
1550	0.107113790174923
1551	0.107182431943582
1552	0.107220974476323
1553	0.107267729553579
1554	0.10731015861233
1555	0.107408156851094
1556	0.107450961546354
1557	0.107505539577895
1558	0.107548650785122
1559	0.107570580907348
1560	0.107613943269756
1561	0.107674630935704
1562	0.107725691182318
1563	0.107683776005324
1564	0.107700674703161
1565	0.10771977600558
1566	0.107729369322151
1567	0.107769722224358
1568	0.107810290820487
1569	0.107852501146533
1570	0.107897085138971
1571	0.10797126435767
1572	0.108019972249881
1573	0.108079022629195
1574	0.108096918475562
1575	0.108136823854646
1576	0.108154886839148
1577	0.108240718245618
1578	0.108301858563067
1579	0.108290285360015
1580	0.108347919127825
1581	0.108382702089467
1582	0.108472340226867
1583	0.108587857844757
1584	0.108678186271818
1585	0.108663042928718
1586	0.108722000366424
1587	0.108719921716455
1588	0.108783112451748
1589	0.108929721053761
1590	0.109029554554818
1591	0.109111725011204
1592	0.109216231831196
1593	0.109233411259995
1594	0.109306255467676
1595	0.109373994692331
1596	0.109451414724912
1597	0.109539104284843
1598	0.109641734910698
1599	0.109737540341658
1600	0.109828843176637
1601	0.109937840193457
1602	0.109992992358087
1603	0.109988575578038
1604	0.110011113700247
1605	0.11007559201733
1606	0.110176721891291
1607	0.110258807700299
1608	0.110327523358649
1609	0.110342442742769
1610	0.110423993788973
1611	0.110517673315534
1612	0.110612427527432
1613	0.110701038310904
1614	0.110750499889307
1615	0.110754972176384
1616	0.110830064285111
1617	0.110886157658677
1618	0.110995669077493
1619	0.111084746045563
1620	0.111156889309461
1621	0.111221972970054
1622	0.111290419780166
1623	0.111373060010589
1624	0.111446375658545
1625	0.111516980770118
1626	0.111638216239369
1627	0.111761114851892
1628	0.111848893872383
1629	0.111860714347123
1630	0.111910067707092
1631	0.111928750846311
1632	0.112008879825454
1633	0.112117606170319
1634	0.112154696047644
1635	0.112197490279452
1636	0.112208681937365
1637	0.112237583863116
1638	0.112284166306537
1639	0.112352564894764
1640	0.112448454214598
1641	0.112505303336812
1642	0.112575440701108
1643	0.112651544315653
1644	0.112726928047713
1645	0.112815354356168
1646	0.112851045003901
1647	0.112917628259636
1648	0.112949152445429
1649	0.113020970105246
1650	0.113052898395828
1651	0.113042574381497
1652	0.113079359191428
1653	0.11312971431779
1654	0.113166902809805
1655	0.113197003220118
1656	0.113202454806931
1657	0.11322513548429
1658	0.113217314468629
1659	0.113202819821674
1660	0.1131766643767
1661	0.113210469627607
1662	0.113174611163412
1663	0.113202886560197
1664	0.113157170912617
1665	0.113153562736811
1666	0.113097753749526
1667	0.113026046968758
1668	0.112954959470141
1669	0.112899990805099
1670	0.112842121435699
1671	0.112785261243631
1672	0.112702337820598
1673	0.112628783563033
1674	0.112578913299691
1675	0.112541826325262
1676	0.112501388736962
1677	0.11242137784738
1678	0.112341379436676
1679	0.112281739241377
1680	0.112161733104566
1681	0.112049207781881
1682	0.111947932543654
1683	0.111808162443907
1684	0.111665946563764
1685	0.111598974298773
1686	0.111500362194136
1687	0.11136997114402
1688	0.111300317116054
1689	0.111212491639427
1690	0.111142054258439
1691	0.111089876981101
1692	0.111049211814633
1693	0.111039552294485
1694	0.111034276435876
1695	0.1110032003472
1696	0.1109978100944
1697	0.110926757176449
1698	0.110921152458888
1699	0.110929422637994
1700	0.110918627631927
1701	0.110922058098542
1702	0.110895615844245
1703	0.110864165765477
1704	0.110785240206194
1705	0.110700519078247
1706	0.110643493015836
1707	0.110564537770956
1708	0.110546110243852
1709	0.110563721951454
1710	0.110491174950949
1711	0.110409576353951
1712	0.110373063682177
1713	0.110257198723762
1714	0.110186704457624
1715	0.110060703664661
1716	0.109985043533696
1717	0.10987113098685
1718	0.109772718722318
1719	0.109711282939519
1720	0.109616523444057
1721	0.10942293198935
1722	0.109299417940781
1723	0.109194822953545
1724	0.109084295052449
1725	0.109043500580715
1726	0.109027645537213
1727	0.108933826627231
1728	0.108804453594671
1729	0.108682875100598
1730	0.108551267951547
1731	0.108539200558221
1732	0.108524162411932
1733	0.108479038541424
1734	0.108422045482646
1735	0.108397042359709
1736	0.108351216961503
1737	0.108322756137668
1738	0.108286433677279
1739	0.108294875746738
1740	0.108306635593181
1741	0.108232895250451
1742	0.108176884000131
1743	0.108193963115752
1744	0.108131027719573
1745	0.108085236191442
1746	0.108123264443616
1747	0.108152968285815
1748	0.108149731528253
1749	0.108146286474826
1750	0.108119015658675
1751	0.108117624719553
1752	0.108144352632013
1753	0.108148715058454
1754	0.108148663198948
1755	0.108117047098289
1756	0.108068020233378
1757	0.108060916666199
1758	0.108023024936243
1759	0.107908383570352
1760	0.107888698219083
1761	0.107877769664727
1762	0.107790909077492
1763	0.107704205232371
1764	0.107673900411622
1765	0.10766439531435
1766	0.107647828400588
1767	0.10767536169448
1768	0.107654011290187
1769	0.107604389881496
1770	0.107593713749638
1771	0.10761145417662
1772	0.107577773855684
1773	0.107492927789742
1774	0.107485242909836
1775	0.107522748150877
1776	0.107536461592971
1777	0.107528155956973
1778	0.107536993728719
1779	0.107613350920533
1780	0.107608829624322
1781	0.107615330373239
1782	0.107677825121907
1783	0.107725382026292
1784	0.107650020075433
1785	0.107640261089193
1786	0.107584242546733
1787	0.107507795384153
1788	0.1074848280052
1789	0.107579465732294
1790	0.107615670188143
1791	0.10760841172126
1792	0.107654588728745
1793	0.10768820130389
1794	0.107675739422723
1795	0.10771610453585
1796	0.107660828312967
1797	0.107634326200456
1798	0.107682734387207
1799	0.107726744321055
1800	0.107752547971438
1801	0.107820425656526
1802	0.107940598400957
1803	0.107963628750578
1804	0.107958465533347
1805	0.107950063702813
1806	0.108030886546175
1807	0.108066381979319
1808	0.108169010405967
1809	0.108236520908581
1810	0.108240977467385
1811	0.108274659276695
1812	0.108282279470773
1813	0.108335288945391
1814	0.108383090581943
1815	0.108446433166901
1816	0.10852951994907
1817	0.108508694238125
1818	0.108527969742264
1819	0.108544839692511
1820	0.10854485973554
1821	0.108802323998724
1822	0.108869866007909
1823	0.108780210746119
1824	0.108847138287658
1825	0.108872625875661
1826	0.108861848897987
1827	0.108922376387556
1828	0.109005544084882
1829	0.109008164385565
1830	0.109009935746708
1831	0.108642885132671
1832	0.108624841699958
1833	0.108588489530208
1834	0.108630252569627
1835	0.108693236973268
1836	0.108794058862134
1837	0.108880867032428
1838	0.109003657873531
1839	0.109186005666666
1840	0.109274854763938
1841	0.109220208941703
1842	0.109134029902678
1843	0.109059876668031
1844	0.109054713358647
1845	0.109021428814645
1846	0.109188550793149
1847	0.109229933973678
1848	0.109133249411791
1849	0.109058096623119
1850	0.109109991800826
1851	0.109064758127864
1852	0.109079788863254
1853	0.109078358323506
1854	0.109012599679668
1855	0.108873091488317
1856	0.108757427136822
1857	0.10862955846316
1858	0.108529755747478
1859	0.108432723071117
1860	0.108522595642032
1861	0.108494768348508
1862	0.108356043577561
1863	0.108240281550542
1864	0.108041392331635
1865	0.107836735723435
1866	0.107692685592106
1867	0.107457343199175
1868	0.107216310037707
1869	0.106865179424197
1870	0.10656501398985
1871	0.106251260855721
1872	0.105929855220868
1873	0.105646435249735
1874	0.105341339618556
1875	0.105000376353099
1876	0.104613840559337
1877	0.104125491866468
1878	0.103491937808894
1879	0.102926213411771
1880	0.102366745842773
1881	0.101807977637795
1882	0.101411899317618
1883	0.100873106766997
1884	0.100230793232934
1885	9.95488940663386E-02
1886	9.88131181701044E-02
1887	9.79940182194074E-02
1888	9.70954168104503E-02
1889	0.096211714221719
1890	9.53121620917533E-02
1891	9.44158279116916E-02
1892	9.34350861009341E-02
1893	9.24216837090565E-02
1894	9.14425211515368E-02
1895	9.04440979128317E-02
1896	8.93726465969531E-02
1897	8.82675434694257E-02
1898	8.72971466851631E-02
1899	8.62630053290244E-02
1900	8.51452324891773E-02
1901	8.41242019271775E-02
1902	8.31007248076934E-02
1903	0.082124341571657
1904	8.10533944469436E-02
1905	8.01326590910107E-02
1906	7.91723366626947E-02
1907	7.84309020944348E-02
1908	0.077688153839557
1909	7.70319890465522E-02
1910	7.63324469825129E-02
1911	7.56421142676737E-02
1912	7.50171131467424E-02
1913	7.43561791271938E-02
1914	7.38022871533313E-02
1915	7.33521573548764E-02
1916	7.28938961210976E-02
1917	7.23758671153672E-02
1918	7.19717024084117E-02
1919	7.15711757836957E-02
1920	7.11221604983161E-02
1921	7.08057474746157E-02
1922	7.05271835240241E-02
1923	7.02923725865248E-02
1924	7.01610097457688E-02
1925	7.00093137171544E-02
1926	0.069720237577519
1927	6.95695266112843E-02
1928	0.069421246888501
1929	6.92207718886978E-02
1930	6.91106357826448E-02
1931	6.91078181874989E-02
1932	6.90684589575013E-02
1933	6.89998460003981E-02
1934	6.89727115213914E-02
1935	6.90250762421053E-02
1936	6.90330537549996E-02
1937	6.89676913654625E-02
1938	6.89777022339959E-02
1939	0.069072742043924
1940	6.92294155954968E-02
1941	6.93301449105777E-02
1942	6.94116006244781E-02
1943	0.069567967173644
1944	6.98425067339284E-02
1945	6.99963604886338E-02
1946	7.03256533774603E-02
1947	7.04996398350544E-02
1948	7.05809848767699E-02
1949	7.06855388429328E-02
1950	7.08114568616894E-02
1951	7.09713804225701E-02
1952	7.10949047574449E-02
1953	7.10807634405778E-02
1954	7.12655645639051E-02
1955	7.15885931753259E-02
1956	7.18281099636035E-02
1957	7.21987154314351E-02
1958	7.24437685467244E-02
1959	7.26412613246449E-02
1960	7.28099092830687E-02
1961	7.30074551821101E-02
1962	0.073236605986325
1963	7.34770790426499E-02
1964	7.37526966044413E-02
1965	0.073948514137967
1966	7.41200386953686E-02
1967	7.42629248938791E-02
1968	7.44051685644117E-02
1969	7.45565802565509E-02
1970	7.46881528801821E-02
1971	7.49167321937576E-02
1972	7.51162160301918E-02
1973	7.52904895711759E-02
1974	7.54903075941769E-02
1975	7.56646791117859E-02
1976	7.58912820779165E-02
1977	7.61111981819607E-02
1978	7.63358740158327E-02
1979	7.66673417907562E-02
1980	7.68989607953227E-02
1981	7.71674313984051E-02
1982	7.74711238439946E-02
1983	7.76835923566479E-02
1984	7.78594536006113E-02
1985	7.81055966223319E-02
1986	7.82899651072483E-02
1987	7.84835660765625E-02
1988	7.87476169757445E-02
1989	7.89485898265637E-02
1990	7.90856226798535E-02
1991	7.93518060042312E-02
1992	7.96328089791188E-02
1993	8.00695021484445E-02
1994	8.03035460386379E-02
1995	0.080547797149832
1996	8.07002124622946E-02
1997	0.080684089114249
1998	8.08078188921685E-02
1999	8.10287903047286E-02
2000	8.12403116460082E-02
2001	8.15917533588751E-02
2002	8.17969228681494E-02
2003	8.19700649830023E-02
2004	8.21130735088167E-02
2005	8.21574982064982E-02
2006	8.23151259400836E-02
2007	8.24386416317531E-02
2008	8.26564073790657E-02
2009	0.082758374782813
2010	0.082795450462918
2011	8.28438704593532E-02
2012	8.28636650822644E-02
2013	8.29195534750557E-02
2014	8.29577945902179E-02
2015	8.30063806018832E-02
2016	8.32430192601871E-02
2017	0.083512360555014
2018	8.36359372565627E-02
2019	8.38763274985204E-02
2020	0.083970843294698
2021	8.39434236360914E-02
2022	8.39737955628079E-02
2023	8.40375461925444E-02
2024	8.39514636088742E-02
2025	8.36552968847144E-02
2026	0.083566097314077
2027	8.34482795651105E-02
2028	8.33849462948632E-02
2029	8.36243363096853E-02
2030	8.36812427666017E-02
2031	8.36065642922543E-02
2032	0.083304444135876
2033	8.32693521393433E-02
2034	8.31554762851131E-02
2035	8.30875368724102E-02
2036	8.32520820219181E-02
2037	8.32117659970532E-02
2038	8.29312155681503E-02
2039	8.28023484715382E-02
2040	8.27056981738808E-02
2041	8.26356168222662E-02
2042	8.26581902832022E-02
2043	8.24357993296176E-02
2044	8.22319188364633E-02
2045	8.19536100845118E-02
2046	0.081799663696622
2047	8.15992147027481E-02
2048	8.14726224371198E-02
2049	8.15003314665516E-02
2050	8.14271030837036E-02
2051	8.12409997721219E-02
2052	8.11386852884407E-02
2053	8.10178701271792E-02
2054	0.080997465155793
2055	8.10907351027618E-02
2056	8.10321357148612E-02
2057	8.09260291673647E-02
2058	8.09326903699681E-02
2059	8.08408281777459E-02
2060	8.05426077834925E-02
2061	8.04527992739102E-02
2062	8.03547976859896E-02
2063	8.02721507154879E-02
2064	8.02478864646582E-02
2065	8.03428801017391E-02
2066	8.02782976943841E-02
2067	8.03130820455118E-02
2068	8.03035935533689E-02
2069	8.03170061436903E-02
2070	8.04039922031547E-02
2071	8.03824212276829E-02
2072	8.04128789285163E-02
2073	0.080529637982161
2074	8.05340461195606E-02
2075	8.04031707308703E-02
2076	8.03420799327733E-02
2077	8.03102642014679E-02
2078	8.03144248163889E-02
2079	8.03011605296502E-02
2080	8.03815278300585E-02
2081	8.03708872045926E-02
2082	0.080352423625939
2083	8.04379147693122E-02
2084	8.04345220910661E-02
2085	8.04793476585289E-02
2086	8.06719830001694E-02
2087	8.07171205030518E-02
2088	8.05464503147962E-02
2089	8.05278661391397E-02
2090	8.05418817037825E-02
2091	8.05628727812292E-02
2092	8.05841594683457E-02
2093	8.06363192155558E-02
2094	8.06123827138725E-02
2095	8.05959904290473E-02
2096	8.05708283689722E-02
2097	8.06018677728177E-02
2098	8.06558427229498E-02
2099	8.05621631292349E-02
2100	8.06172655378181E-02
2101	8.07561741888756E-02
2102	8.07819470506618E-02
2103	8.08736055663023E-02
2104	8.08697686593444E-02
2105	8.07866802595533E-02
2106	8.07500945545494E-02
2107	8.06559761148768E-02
2108	8.06864433787356E-02
2109	8.06832073588025E-02
2110	0.080657288882613
2111	8.08652700877729E-02
2112	8.08292074706252E-02
2113	8.08573975829296E-02
2114	8.08400358683165E-02
2115	8.08280650638596E-02
2116	0.080677353677198
2117	8.06704532446875E-02
2118	0.080778699102843
2119	8.08438237183993E-02
2120	8.08626384023401E-02
2121	8.09416261609671E-02
2122	8.10541152756287E-02
2123	8.10558767252676E-02
2124	8.11852628973379E-02
2125	8.12598533366465E-02
2126	8.11192960965171E-02
2127	8.09625253358566E-02
2128	8.09180858663688E-02
2129	8.08807477389296E-02
2130	8.09748954984328E-02
2131	8.10236839553919E-02
2132	8.09968870147885E-02
2133	8.08768262382331E-02
2134	8.07934080507052E-02
2135	8.06713873625401E-02
2136	8.06161601330525E-02
2137	8.05782487537916E-02
2138	8.04652339422423E-02
2139	8.04263696090087E-02
2140	8.04710586295733E-02
2141	8.04824608056641E-02
2142	8.04739321291002E-02
2143	8.03148619299795E-02
2144	8.01342509765807E-02
2145	8.01089498645664E-02
2146	0.080131557971495
2147	8.01455668714326E-02
2148	8.00553275781585E-02
2149	8.00400958760118E-02
2150	8.00123012933349E-02
2151	7.99705089419011E-02
2152	7.98468003728827E-02
2153	7.98102809483415E-02
2154	0.079743451581886
2155	7.95979247517297E-02
2156	7.95853465080694E-02
2157	7.97849831687611E-02
2158	7.96947783288576E-02
2159	7.96376432329734E-02
2160	7.96008141950722E-02
2161	7.94175299993574E-02
2162	7.92483856420385E-02
2163	7.91867376417275E-02
2164	7.90891302722209E-02
2165	7.89281234622829E-02
2166	7.88569926323175E-02
2167	7.88765376376202E-02
2168	7.88379868013358E-02
2169	7.87234576402548E-02
2170	7.86902321436598E-02
2171	7.87936432222415E-02
2172	7.87164038403533E-02
2173	7.86272287147068E-02
2174	7.85249404987987E-02
2175	7.83238967051476E-02
2176	7.81253963252581E-02
2177	7.82099603413703E-02
2178	7.83692846490301E-02
2179	7.83235803169722E-02
2180	0.078328779552042
2181	7.84643125970266E-02
2182	7.83794263558678E-02
2183	7.83915055022752E-02
2184	7.84396234291018E-02
2185	7.85176343858944E-02
2186	7.84616279289577E-02
2187	7.84951549569742E-02
2188	7.84199872784665E-02
2189	7.83936019921242E-02
2190	7.82762747998671E-02
2191	7.82181429736201E-02
2192	7.81630038525064E-02
2193	7.82930197000117E-02
2194	7.83368869492749E-02
2195	7.82493789856064E-02
2196	7.82341617232778E-02
2197	7.82475083780347E-02
2198	7.81630670409855E-02
2199	7.81738000025436E-02
2200	7.82732618641399E-02
2201	7.82477641209323E-02
2202	7.82249125380572E-02
2203	7.82317480450443E-02
2204	7.81902157004363E-02
2205	7.81400889027153E-02
2206	7.81617959055834E-02
2207	7.81750915982822E-02
2208	7.81752192729999E-02
2209	7.82837071319714E-02
2210	7.82960291539648E-02
2211	7.82582030292326E-02
2212	7.84184370436667E-02
2213	7.84817563603123E-02
2214	0.078404196478913
2215	7.84119248321859E-02
2216	0.078567477516893
2217	7.85753991320171E-02
2218	0.078616158745177
2219	7.87826268951123E-02
2220	7.88648671599061E-02
2221	7.90502952370471E-02
2222	7.93944436018307E-02
2223	7.94918020300408E-02
2224	7.93448748159105E-02
2225	0.0793979475411
2226	7.93317536165986E-02
2227	7.93600050072831E-02
2228	7.94426162240408E-02
2229	7.94395052045386E-02
2230	0.079270032717351
2231	7.91248326996434E-02
2232	7.92517709034328E-02
2233	7.93117901644186E-02
2234	7.93692908781963E-02
2235	7.95882468377551E-02
2236	7.96544194515454E-02
2237	7.95223764508196E-02
2238	7.93312707318387E-02
2239	7.92483133459711E-02
2240	7.90995517984814E-02
2241	7.89995941976687E-02
2242	7.89958490188667E-02
2243	7.85894423709391E-02
2244	7.84606533555067E-02
2245	7.83975856464497E-02
2246	7.83284705568649E-02
2247	7.83721312103137E-02
2248	7.82684896918122E-02
2249	7.80305761429464E-02
2250	7.78389716498056E-02
2251	7.75593946129364E-02
2252	7.74510507102301E-02
2253	0.077575140433327
2254	7.75184005720646E-02
2255	7.73041670580266E-02
2256	7.71370172444651E-02
2257	7.67615570545674E-02
2258	7.64410402680456E-02
2259	7.63706403912398E-02
2260	7.63513930203874E-02
2261	7.63303543648906E-02
2262	7.61119609482575E-02
2263	7.60201258940778E-02
2264	7.59460530542571E-02
2265	7.57320819931832E-02
2266	7.57873651109787E-02
2267	7.55902429126628E-02
2268	7.53682677736441E-02
2269	7.52641210358479E-02
2270	7.52801757188918E-02
2271	7.51678888445539E-02
2272	7.51023870121552E-02
2273	7.49368275811972E-02
2274	7.45970358228324E-02
2275	7.44595750412243E-02
2276	0.074329472176807
2277	7.42811967411945E-02
2278	7.43654181144597E-02
2279	7.42824118926134E-02
2280	7.40614657593308E-02
2281	7.39506172361811E-02
2282	7.39568553388315E-02
2283	7.37711861106351E-02
2284	7.36906801983735E-02
2285	0.073618703285188
2286	7.34691578908882E-02
2287	7.34828988352021E-02
2288	7.34109183023822E-02
2289	7.33962228530605E-02
2290	7.32528022483811E-02
2291	7.32038390932013E-02
2292	7.32963933696168E-02
2293	7.31361338830596E-02
2294	7.31691593604951E-02
2295	7.30790038231328E-02
2296	7.29626753038764E-02
2297	7.27295407391494E-02
2298	0.072663438520825
2299	7.26792147848968E-02
2300	7.25969190924542E-02
2301	7.25551192879802E-02
2302	0.072452281241453
2303	0.072436768463189
2304	7.23288231578278E-02
2305	7.22180851423719E-02
2306	7.21353998716935E-02
2307	7.20008317041891E-02
2308	7.18972143339921E-02
2309	7.17721184909872E-02
2310	7.15336568935344E-02
2311	7.12551441259296E-02
2312	7.09011202213158E-02
2313	0.070885651553941
2314	7.10874213196405E-02
2315	7.11534252428824E-02
2316	7.12358410237201E-02
2317	7.13186986740958E-02
2318	7.10273718121088E-02
2319	7.10182803807063E-02
2320	7.09738686833982E-02
2321	7.05697027705088E-02
2322	7.01551016854707E-02
2323	7.00374926649389E-02
2324	7.01391300673703E-02
2325	7.03504948396614E-02
2326	7.06779387349922E-02
2327	7.08238473025642E-02
2328	7.08560404051443E-02
2329	0.07072889826032
2330	7.03563781012991E-02
2331	7.01838997933428E-02
2332	7.01293949112216E-02
2333	6.99461903404704E-02
2334	6.97169357767196E-02
2335	6.96027271109799E-02
2336	6.94820985818178E-02
2337	6.95032141116777E-02
2338	6.97208469346128E-02
2339	6.97432876394942E-02
2340	6.95230697485356E-02
2341	6.94747781672098E-02
2342	6.94042466693817E-02
2343	6.94746865446184E-02
2344	6.97821764487368E-02
2345	6.99802568540973E-02
2346	7.00015956676456E-02
2347	6.99673008125305E-02
2348	6.98866967536098E-02
2349	6.97901243389491E-02
2350	6.95439087579956E-02
2351	6.93377188302273E-02
2352	6.91153156883308E-02
2353	6.90289094724059E-02
2354	6.91084511035034E-02
2355	6.93718417231025E-02
2356	6.94800650591569E-02
2357	6.93742085391619E-02
2358	6.95898074799037E-02
2359	6.95644474427626E-02
2360	6.93169681324926E-02
2361	6.91157810596714E-02
2362	6.88635013623745E-02
2363	6.85050631915245E-02
2364	6.86452712825261E-02
2365	6.90624895022563E-02
2366	6.91054929031989E-02
2367	0.068882147187731
2368	6.87863318915549E-02
2369	6.86369015766278E-02
2370	6.84787824672623E-02
2371	6.83797967922268E-02
2372	6.82140451458002E-02
2373	6.79099968355906E-02
2374	0.067873132071957
2375	6.81597030324285E-02
2376	6.81383606538049E-02
2377	6.78090657305677E-02
2378	6.77131471098127E-02
2379	6.75050154829652E-02
2380	6.73184108297027E-02
2381	6.74367911599348E-02
2382	6.73171271213456E-02
2383	6.69017495001356E-02
2384	6.67086460199268E-02
2385	6.63683502937313E-02
2386	6.62660811774134E-02
2387	6.58615434645378E-02
2388	6.58418499599585E-02
2389	6.64114182766025E-02
2390	6.66107460205159E-02
2391	6.64575018151514E-02
2392	6.63471625151696E-02
2393	6.58685913725216E-02
2394	6.57434898844798E-02
2395	6.61968518396371E-02
2396	6.62368148131774E-02
2397	6.61361364869542E-02
2398	6.59186233562141E-02
2399	6.52070966435192E-02
2400	6.46870093923253E-02
2401	6.46409283212454E-02
2402	6.46374740427821E-02
2403	6.45710971685961E-02
2404	6.45865074034804E-02
2405	6.42518285897181E-02
2406	6.38134859606495E-02
2407	6.36789511311017E-02
2408	6.36239683258024E-02
2409	6.32635728639688E-02
2410	6.29652550688786E-02
2411	6.25992400156044E-02
2412	6.23366898099888E-02
2413	6.20285063272238E-02
2414	0.061598081878742
2415	6.09040655001283E-02
2416	6.05196256455535E-02
2417	6.06600131319764E-02
2418	6.10689187073716E-02
2419	0.061666719820835
2420	6.20466319396417E-02
2421	6.17401724639308E-02
2422	6.14710440889149E-02
2423	6.13400957133517E-02
2424	6.05509801926357E-02
2425	6.02574780542841E-02
2426	6.02712311085611E-02
2427	6.01854673229549E-02
2428	6.02652767583171E-02
2429	0.060178326794885
2430	5.99075581135305E-02
2431	5.95124102449851E-02
2432	5.90492899356497E-02
2433	5.86376887404017E-02
2434	5.82173353358483E-02
2435	5.80069762699579E-02
2436	5.79328794253564E-02
2437	5.79208419756094E-02
2438	5.80125697397581E-02
2439	0.058079987451687
2440	0.058225904743098
2441	5.83998540197122E-02
2442	5.87133479714606E-02
2443	5.84702479898183E-02
2444	5.77590374266201E-02
2445	0.05728569760859
2446	5.63284766293925E-02
2447	5.59418661215662E-02
2448	5.59433997873035E-02
2449	5.58665477024225E-02
2450	5.59230228717074E-02
2451	5.58574535050569E-02
2452	5.56931446472296E-02
2453	5.57317012410445E-02
2454	5.59274854995416E-02
2455	5.58409718693622E-02
2456	5.58090562828609E-02
2457	5.55852659558812E-02
2458	5.46331886301661E-02
2459	5.40533322819209E-02
2460	5.36276080948099E-02
2461	5.30458582054175E-02
2462	5.24775053755988E-02
2463	5.22413275576392E-02
2464	5.23621910835765E-02
2465	5.22315700437497E-02
2466	0.052221480108067
2467	5.21139568473622E-02
2468	0.051827622937569
2469	5.17480573720889E-02
2470	5.14493697085408E-02
2471	5.13718367046251E-02
2472	5.14145201737574E-02
2473	5.16165099007503E-02
2474	5.17000602323807E-02
2475	5.16700260562601E-02
2476	5.12713618642108E-02
2477	5.11284673635636E-02
2478	5.10492127018366E-02
2479	0.050783354489451
2480	5.04173926861076E-02
2481	5.01739904395373E-02
2482	4.96166671817102E-02
2483	4.95676704897874E-02
2484	5.00412938707643E-02
2485	0.050169486158777
2486	4.98803446360014E-02
2487	4.95692180747796E-02
2488	4.85855418716039E-02
2489	4.84575651051008E-02
2490	4.92272345280163E-02
2491	4.95025054358345E-02
2492	4.96507501950553E-02
2493	4.96435153373033E-02
2494	0.049093259253342
2495	4.85508398949392E-02
2496	4.76555676581001E-02
2497	4.74947492538413E-02
2498	4.75644368640695E-02
2499	4.76481815516468E-02
2500	4.78775173617354E-02
