350	0.296443479557229
351	0.281109762377694
352	0.265641862785109
353	0.254557896483079
354	0.24815135076447
355	0.26305729155
356	0.270143167651655
357	0.274204779860993
358	0.2667340191036
359	0.267990955689984
360	0.26675343603878
361	0.250127946774142
362	0.254702879334148
363	0.258360131996553
364	0.248168170345431
365	0.246511030348429
366	0.254217220368071
367	0.237397655405526
368	0.2382816584878
369	0.250105915445836
370	0.236998375721829
371	0.231760303596009
372	0.240048949002834
373	0.240174309436898
374	0.239091959372849
375	0.236451220356187
376	0.231590749903185
377	0.239074581430746
378	0.238118290473044
379	0.233155767190683
380	0.233960458155722
381	0.232824785694523
382	0.234667908058254
383	0.232230612150131
384	0.229741022884383
385	0.233087553629563
386	0.230542145991022
387	0.227356173000129
388	0.228940908285199
389	0.226662693568387
390	0.227989476443712
391	0.228754362367311
392	0.222322888740538
393	0.224237397710067
394	0.22455784548663
395	0.223866815219744
396	0.22007980065362
397	0.223038297572067
398	0.223621912446257
399	0.221070864907823
400	0.220887646465961
401	0.222203657868458
402	0.221623771918486
403	0.221995889814197
404	0.222259294096075
405	0.21981424840685
406	0.2185620437681
407	0.220069496993626
408	0.220383618537493
409	0.216779226263335
410	0.216442770492328
411	0.215480714013831
412	0.213677900030376
413	0.214078318427568
414	0.214464435433777
415	0.213190161815089
416	0.213091193868057
417	0.212962962962963
418	0.213441380089224
419	0.212484053267944
420	0.211137400618778
421	0.211094594501632
422	0.211156936622751
423	0.211862506234312
424	0.210804476616758
425	0.210664650505371
426	0.209964039966307
427	0.209947905611572
428	0.210216242977083
429	0.210754393881447
430	0.210119584105232
431	0.20920829566164
432	0.209446681947392
433	0.209884923821315
434	0.210340037634402
435	0.210127459872292
436	0.209430757300534
437	0.21014412133449
438	0.210663339230423
439	0.211147584947721
440	0.210603448323699
441	0.210939607611162
442	0.21130747877835
443	0.211323731657434
444	0.212331366393553
445	0.212367695919133
446	0.212581559426622
447	0.21280355801828
448	0.213494693173707
449	0.213440888475263
450	0.213586730666181
451	0.214070627900797
452	0.214745744049379
453	0.215016399991287
454	0.215078723181893
455	0.214848573036415
456	0.215118014082823
457	0.215259791510986
458	0.215435662512114
459	0.215888315480682
460	0.216593079254872
461	0.217057156171276
462	0.216520192165202
463	0.216306892138
464	0.21653107808215
465	0.217252112293527
466	0.217817310623814
467	0.217863796772973
468	0.218256376988358
469	0.218441174444094
470	0.218652693489742
471	0.218638043113025
472	0.2184214693818
473	0.219020817699213
474	0.219729685447784
475	0.219907584356927
476	0.220193896148792
477	0.219604428183054
478	0.219966287358008
479	0.22032739440105
480	0.220511879067386
481	0.220197981019815
482	0.221055711710322
483	0.221770082233465
484	0.221859232781928
485	0.222083712350857
486	0.222343944692155
487	0.222653717718517
488	0.222771644030966
489	0.223087844395437
490	0.223479005746535
491	0.22366057641719
492	0.223813956422623
493	0.224279043157989
494	0.224722426935829
495	0.224915558333565
496	0.225040791547312
497	0.225847278295616
498	0.226166449135529
499	0.226732257019778
500	0.227262745146774
501	0.22804919003183
502	0.228785500808569
503	0.228970685906796
504	0.229504799668146
505	0.230125412583232
506	0.230596207634251
507	0.231119876962291
508	0.231610742561072
509	0.23233285434483
510	0.233117759815985
511	0.233612317394394
512	0.234330211682021
513	0.23495981456876
514	0.235530263496324
515	0.236167746946771
516	0.236808365207741
517	0.237358053019962
518	0.237901731092059
519	0.238565184035544
520	0.239140916360499
521	0.239686507461226
522	0.240405765064069
523	0.241124025106288
524	0.241635059974936
525	0.242030093793689
526	0.242636977030278
527	0.24316215342755
528	0.243684402892399
529	0.244193010170008
530	0.2450198135617
531	0.245608580394758
532	0.24605328276282
533	0.246746617542219
534	0.24732298497295
535	0.247854877338064
536	0.248523572600561
537	0.249170703333924
538	0.249706467406972
539	0.250166190810425
540	0.250562307568371
541	0.251205566527704
542	0.25177621491651
543	0.252359987014903
544	0.252958805524885
545	0.253515369198704
546	0.254041060731265
547	0.254574666004154
548	0.255232464099579
549	0.255856452130638
550	0.256525273642498
551	0.257095468775376
552	0.257702842778381
553	0.258402921357356
554	0.2589346863607
555	0.25952605306189
556	0.260251614108186
557	0.260914990305017
558	0.261603809638107
559	0.262243426329267
560	0.262871597934392
561	0.263439172191098
562	0.26410077146882
563	0.26486725250256
564	0.265608940419826
565	0.266388384185136
566	0.267113568133146
567	0.267842990222774
568	0.268587296801504
569	0.269216075470799
570	0.269995882736288
571	0.270786205071696
572	0.271447625344127
573	0.272087184858874
574	0.272802805020038
575	0.273431171476249
576	0.274048678157449
577	0.274685514405395
578	0.275337909171045
579	0.275985400592077
580	0.276572161628725
581	0.277132006414474
582	0.277819481835388
583	0.278319456778754
584	0.278837578143388
585	0.279424807716411
586	0.280009059017843
587	0.280594925776622
588	0.281168405981156
589	0.281646169447015
590	0.282192191402781
591	0.282703461980981
592	0.28313388190749
593	0.283563965516785
594	0.284010864853281
595	0.28442291885093
596	0.284882320072219
597	0.285310935588779
598	0.2856776206259
599	0.286083857502434
600	0.286346979894189
601	0.286780049422265
602	0.28713896304779
603	0.287454785908026
604	0.287811853413116
605	0.28806067792639
606	0.288258006187636
607	0.288610949307299
608	0.288885319395971
609	0.289209604073573
610	0.289536183911267
611	0.289779232304128
612	0.289970695641678
613	0.290325021452201
614	0.290599751960003
615	0.290782884173459
616	0.291044465861349
617	0.291297266518833
618	0.291516448550939
619	0.291660066951701
620	0.291813464295305
621	0.29204473021441
622	0.292274577812953
623	0.292466570565163
624	0.292611038747377
625	0.292814289263179
626	0.292978658640191
627	0.293148559381751
628	0.293283946912883
629	0.293503701057686
630	0.293704510965003
631	0.293834148846517
632	0.293992150487081
633	0.294152627688008
634	0.294382816599699
635	0.294466820381217
636	0.294493404061461
637	0.294682502949024
638	0.294851882372475
639	0.294954346377032
640	0.295033699039388
641	0.295204469656914
642	0.295341864126116
643	0.295465858775389
644	0.295529774711582
645	0.295627288588481
646	0.295760889112977
647	0.295882425299472
648	0.295923111143017
649	0.296014213268876
650	0.2960405874727
651	0.296144466917091
652	0.296344560031738
653	0.296416046036253
654	0.296493839917912
655	0.296600934562742
656	0.296710251631029
657	0.296747028935789
658	0.296835974130785
659	0.296974832862247
660	0.297041695666993
661	0.297116629677961
662	0.297166436535473
663	0.297250620306542
664	0.297460127887095
665	0.297623648807324
666	0.297586096795157
667	0.297647226466472
668	0.29769712409937
669	0.297782980295945
670	0.297873953870453
671	0.29795112708051
672	0.298073114427755
673	0.298206072269574
674	0.29826540894516
675	0.298281112575585
676	0.298350736013806
677	0.29845296649766
678	0.298555371927461
679	0.298568602854112
680	0.298663379325294
681	0.298762541813169
682	0.298755276829751
683	0.298868634282861
684	0.298990679616346
685	0.29903891772961
686	0.299039097980436
687	0.299100052456393
688	0.299233126604933
689	0.299340548492639
690	0.29935315563683
691	0.299365720818518
692	0.299386404463335
693	0.299457784108764
694	0.299703746620301
695	0.300097540440392
696	0.300607138155017
697	0.30083494470386
698	0.300723999618825
699	0.300316038571907
700	0.300039544757149
701	0.299929677152571
702	0.299977967715463
703	0.300057532658839
704	0.300063943336651
705	0.30006818483407
706	0.300098647905438
707	0.30013520075324
708	0.300196405114027
709	0.300218192586186
710	0.300245014950882
711	0.300244255408885
712	0.300266528428284
713	0.300368502676254
714	0.300413826744212
715	0.300484964114114
716	0.300545365219382
717	0.300514406434011
718	0.30058033025438
719	0.300625912763728
720	0.300650065902692
721	0.300706903465275
722	0.300708501276473
723	0.300713025871626
724	0.300757132836241
725	0.300796479575868
726	0.300814986786431
727	0.300832918369109
728	0.300811580089271
729	0.300835573854326
730	0.300876906270436
731	0.300893319838753
732	0.30087918958526
733	0.300922354173586
734	0.300982127665253
735	0.30100812026779
736	0.300971880934761
737	0.301000837405975
738	0.301059915935223
739	0.301043392216391
740	0.301019206322276
741	0.301053304894884
742	0.301116371199079
743	0.301107260985675
744	0.301139023400346
745	0.301182945772936
746	0.301187435273475
747	0.301225293830679
748	0.30122987005419
749	0.30123751815545
750	0.301303871970773
751	0.301314293925561
752	0.301290669923998
753	0.301263277515162
754	0.30127306935687
755	0.301375915592673
756	0.301388618083713
757	0.301373407051585
758	0.30145635755767
759	0.301431551627278
760	0.301413044756162
761	0.301455506028964
762	0.301510548024968
763	0.301522953370209
764	0.301578018610031
765	0.301636798998915
766	0.301635772520424
767	0.301698683981509
768	0.301782030986275
769	0.301837758241287
770	0.301824280317116
771	0.301834696742195
772	0.301933333345719
773	0.301973617268188
774	0.301983453412147
775	0.302006034943699
776	0.302016682078281
777	0.302037101494562
778	0.302048347750265
779	0.302090819685997
780	0.302162205400001
781	0.302203760536689
782	0.302169781236919
783	0.302147875823556
784	0.302222774078991
785	0.302268065053073
786	0.30223383658084
787	0.302261698018086
788	0.302270193934679
789	0.302310191549933
790	0.302353409359745
791	0.302333158747366
792	0.302395020161213
793	0.302432729807856
794	0.302422466222586
795	0.302387401966568
796	0.302423742832457
797	0.302482182996569
798	0.302498618294867
799	0.302485183694506
800	0.302498595682977
801	0.302498321187294
802	0.302499620139308
803	0.302535589013764
804	0.302554283959625
805	0.302511570955281
806	0.302455069444825
807	0.302499831463838
808	0.302530696950954
809	0.302489821770807
810	0.302463842945145
811	0.302455794335584
812	0.302476013721316
813	0.302427480520574
814	0.302413232797432
815	0.302418737901984
816	0.302355037545673
817	0.302285309602758
818	0.302347347281001
819	0.302334085796088
820	0.302277229876431
821	0.302283309348247
822	0.30225454104967
823	0.302232934732439
824	0.302248851030155
825	0.302162746505167
826	0.302116483456436
827	0.302091402116987
828	0.302065356965076
829	0.302040419827517
830	0.302019510047028
831	0.30196492536199
832	0.301943705063643
833	0.301880055539993
834	0.301818485921966
835	0.301766971127514
836	0.301739923254483
837	0.30171298971837
838	0.301665226053115
839	0.30158680733187
840	0.301511444235136
841	0.301465173553864
842	0.301405365137651
843	0.301332409092705
844	0.301327680398525
845	0.301293419209104
846	0.301208956622317
847	0.301108210782703
848	0.301009457270071
849	0.300962911309552
850	0.300896328422087
851	0.300780013533527
852	0.300738426862315
853	0.300685678043032
854	0.300633503103116
855	0.300507074389001
856	0.300396496144961
857	0.300392359611077
858	0.300314336599583
859	0.300193116891901
860	0.300148824239042
861	0.300129488792682
862	0.299998464912932
863	0.299881848085946
864	0.299723254183585
865	0.299620490828971
866	0.299592933774186
867	0.299585408614464
868	0.299479635620468
869	0.299454910214174
870	0.299357992356221
871	0.299226789500992
872	0.299170619672963
873	0.299116333364801
874	0.298988156434692
875	0.298910074156925
876	0.298823415174931
877	0.298784978263723
878	0.298674280466314
879	0.298596782738674
880	0.298491481603319
881	0.298368760945561
882	0.298358936934438
883	0.29823954099509
884	0.298154673198491
885	0.298103572236295
886	0.298059516352292
887	0.297907925233989
888	0.297767059216798
889	0.29763809959942
890	0.297645905425511
891	0.297659069242376
892	0.297524304606927
893	0.297386305187973
894	0.297318494853945
895	0.297357986216809
896	0.297211760092288
897	0.297157808229827
898	0.297111433084086
899	0.296996552558068
900	0.296920622128453
901	0.296802303744146
902	0.296689785406689
903	0.296707278750947
904	0.29655276795772
905	0.296480549885672
906	0.296460065804294
907	0.296450878178868
908	0.296396798445155
909	0.296265767494112
910	0.29614638477247
911	0.296081711539182
912	0.296002908949506
913	0.296004342328663
914	0.295920807412518
915	0.295852422801733
916	0.295760035862012
917	0.295661164085154
918	0.295554114105103
919	0.29553739385396
920	0.295448915577819
921	0.295387870573725
922	0.295365325741554
923	0.295263459559841
924	0.295263950285622
925	0.295327255280371
926	0.295147448710792
927	0.295026597723317
928	0.29507754375967
929	0.295060823101159
930	0.295026439716529
931	0.295032005579158
932	0.294964926079085
933	0.294945514747608
934	0.294908463903773
935	0.294892257560709
936	0.294815419333352
937	0.294732178412634
938	0.294735817648012
939	0.294666826477892
940	0.294661419021255
941	0.294548799767595
942	0.294476887027529
943	0.294494950287433
944	0.294591423186363
945	0.294464346030021
946	0.294321030768616
947	0.294239861316116
948	0.294272790392323
949	0.29426488887008
950	0.294213380408241
951	0.294222769357568
952	0.294096088645273
953	0.294081580378126
954	0.294111823719355
955	0.294094357294176
956	0.294294846591258
957	0.294152796297797
958	0.294126678535537
959	0.29411963533349
960	0.294093044352585
961	0.294272966004187
962	0.294268927119854
963	0.294246402488944
964	0.294159085791784
965	0.294225130019481
966	0.294200764762761
967	0.294129726374623
968	0.294124034490459
969	0.294341931293198
970	0.294326978423315
971	0.294392812439782
972	0.294444414885059
973	0.294340814949424
974	0.294295380449249
975	0.294327945250686
976	0.294345133916545
977	0.294394051117245
978	0.294186016676734
979	0.294376330903438
980	0.294395955891409
981	0.294477991794203
982	0.29437359963414
983	0.294174977205824
984	0.294234498194943
985	0.294574407242668
986	0.294722328656354
987	0.294473437448672
988	0.294308557177433
989	0.294609721010345
990	0.2946802671265
991	0.29469380348019
992	0.29453428562706
993	0.29468750445392
994	0.294833468134
995	0.294618561139044
996	0.294617425196384
997	0.294730849794966
998	0.294867393771691
999	0.294805354719509
1000	0.294800967448281
1001	0.293537442165991
1002	0.293479612423298
1003	0.293497698913615
1004	0.293463580158102
1005	0.293467803962399
1006	0.293703001630239
1007	0.293705644951608
1008	0.293655443987903
1009	0.293658353820705
1010	0.293815538262762
1011	0.29381741646935
1012	0.293849458376737
1013	0.293815733327377
1014	0.293748395912798
1015	0.293657938234621
1016	0.293660710100408
1017	0.293638710136495
1018	0.293641563630796
1019	0.293717240567744
1020	0.293719597257557
1021	0.2936267545598
1022	0.293596126258735
1023	0.29348649892758
1024	0.293503594907381
1025	0.293551916823027
1026	0.293568412185114
1027	0.293543311714734
1028	0.293527379010875
1029	0.293588854949415
1030	0.293404964180686
1031	0.293434756156069
1032	0.293580973527093
1033	0.293715986722258
1034	0.293773450349174
1035	0.293769356764418
1036	0.293580180415623
1037	0.293546753988173
1038	0.293529085109319
1039	0.293393572890111
1040	0.293313781422785
1041	0.293312542281421
1042	0.293320799234226
1043	0.293247017651612
1044	0.29324618642936
1045	0.293379091261049
1046	0.293336721400794
1047	0.293347443857465
1048	0.293362992272694
1049	0.293384741099025
1050	0.293331647141764
1051	0.293349140771003
1052	0.293324828716608
1053	0.293251880261903
1054	0.293228285099171
1055	0.293273340136458
1056	0.293296442635588
1057	0.29325665396154
1058	0.293186216389023
1059	0.293182036129937
1060	0.293131246304168
1061	0.293238434418212
1062	0.293252957564875
1063	0.293252171887993
1064	0.293212782296183
1065	0.293223001154073
1066	0.293154227563725
1067	0.293186001006646
1068	0.293265475497265
1069	0.293229747459024
1070	0.293186397341354
1071	0.293111886509064
1072	0.293087256652505
1073	0.293070372935527
1074	0.293223929573938
1075	0.293233366583305
1076	0.293206533235022
1077	0.293045297967869
1078	0.292992381739046
1079	0.292989247529056
1080	0.292957157046104
1081	0.293053283006706
1082	0.293187911591245
1083	0.293191196615093
1084	0.293200831097778
1085	0.293160746397976
1086	0.293146755647322
1087	0.293078087279358
1088	0.293059889294213
1089	0.293170568137169
1090	0.293289788876181
1091	0.293171101663253
1092	0.293211971193773
1093	0.293282318024891
1094	0.293287570901155
1095	0.293306630916202
1096	0.293290829502407
1097	0.293329797645183
1098	0.293236444836694
1099	0.293261917167916
1100	0.293278853995744
1101	0.293310229698585
1102	0.293335295815655
1103	0.29334055918115
1104	0.293322275081021
1105	0.293475107360685
1106	0.29348418418147
1107	0.293481972220016
1108	0.293513518555948
1109	0.293504541185388
1110	0.293515980905622
1111	0.293581404695063
1112	0.29357398546048
1113	0.293558902519154
1114	0.293557225793286
1115	0.293578840176114
1116	0.293574697281293
1117	0.293652098689526
1118	0.293696626784852
1119	0.2937677417085
1120	0.293724562599446
1121	0.2937209681991
1122	0.29377104826054
1123	0.29376369618722
1124	0.293764126693874
1125	0.293766270891115
1126	0.293808926027408
1127	0.293820842749204
1128	0.293856473481879
1129	0.293889388639772
1130	0.293962342439005
1131	0.294032073566432
1132	0.294108805918673
1133	0.294083658820678
1134	0.294157106140831
1135	0.294228091208997
1136	0.294231004119005
1137	0.294301708364803
1138	0.29435612289516
1139	0.294366686564514
1140	0.294405102078908
1141	0.294473140728163
1142	0.294468714494074
1143	0.294546493632353
1144	0.294591731703656
1145	0.29463524805323
1146	0.294638124276235
1147	0.294694224971847
1148	0.294798780071219
1149	0.294804723290221
1150	0.294831599147574
1151	0.294945286337123
1152	0.294988083471441
1153	0.295047829543217
1154	0.295144178164734
1155	0.295186135879233
1156	0.295219257961465
1157	0.295301490470203
1158	0.295371997834392
1159	0.295486195173787
1160	0.29556290745898
1161	0.295703496604966
1162	0.295728408950438
1163	0.295776852155225
1164	0.295844520960526
1165	0.295888083670881
1166	0.29596025775283
1167	0.296114233975611
1168	0.29621240711279
1169	0.296265727431454
1170	0.296352022594891
1171	0.296426069958144
1172	0.296488854253125
1173	0.296593855859695
1174	0.296722039408151
1175	0.296805772215887
1176	0.296883792355891
1177	0.296994279054494
1178	0.297096466887496
1179	0.29723790825213
1180	0.297348652434349
1181	0.297467368212664
1182	0.297554707691362
1183	0.297650699507592
1184	0.297782654414846
1185	0.29788031316579
1186	0.298007863182869
1187	0.298117346454257
1188	0.29818770984895
1189	0.298269768748476
1190	0.298333977190562
1191	0.298417517671242
1192	0.298536705702823
1193	0.298658666891875
1194	0.298784756844132
1195	0.298863258260967
1196	0.298984483131122
1197	0.299102900883624
1198	0.299167747831554
1199	0.299243391331098
1200	0.299303792797113
1201	0.299393352510609
1202	0.299475969477282
1203	0.299572858390986
1204	0.299711727318001
1205	0.299750129254752
1206	0.299827344070858
1207	0.299966853092769
1208	0.300047953558699
1209	0.300142006025589
1210	0.300339595324307
1211	0.300417619198235
1212	0.300469874874471
1213	0.300559423294975
1214	0.300616090645066
1215	0.300689843288957
1216	0.300809524103377
1217	0.300906509295453
1218	0.301090200584335
1219	0.301194893444552
1220	0.301283608676949
1221	0.301412837875795
1222	0.301542539427904
1223	0.301572071223797
1224	0.301731220931367
1225	0.301855717376145
1226	0.302006765698874
1227	0.302131504455549
1228	0.302239943199264
1229	0.302361200848522
1230	0.302481318525446
1231	0.302629997123096
1232	0.302734742817556
1233	0.302843203749448
1234	0.302959695235218
1235	0.303112180521017
1236	0.303228674268541
1237	0.303418344108377
1238	0.30351958823305
1239	0.303611645588941
1240	0.303712923212437
1241	0.303848876072093
1242	0.304003162314777
1243	0.304167875313638
1244	0.304321443132238
1245	0.304431339316849
1246	0.304574259689833
1247	0.304707975249109
1248	0.304836712130776
1249	0.304916472601284
1250	0.305066330759119
1251	0.305209004537132
1252	0.30529451478657
1253	0.305473183121066
1254	0.30570750875303
1255	0.305922489114208
1256	0.306054295913699
1257	0.306254661936839
1258	0.306367540851925
1259	0.306553327433193
1260	0.306632666860617
1261	0.306803836044947
1262	0.307028191849786
1263	0.307212142871578
1264	0.307358157208096
1265	0.307434581936003
1266	0.307589127855171
1267	0.307772041120245
1268	0.307924320787904
1269	0.308095692325573
1270	0.308258024490165
1271	0.30842475816064
1272	0.308554602495222
1273	0.308726052105441
1274	0.308875681003158
1275	0.309062381778332
1276	0.309232358273311
1277	0.309352540038619
1278	0.309502915046923
1279	0.309688968696911
1280	0.309860526066488
1281	0.3100041429518
1282	0.310169237358873
1283	0.310324879657511
1284	0.310471038515463
1285	0.310634007901897
1286	0.310821180208404
1287	0.311009834192092
1288	0.311178827468454
1289	0.311325632238847
1290	0.311570079164493
1291	0.311746150607778
1292	0.311910938148584
1293	0.312119416357535
1294	0.312302709577352
1295	0.312506546845546
1296	0.31266165103148
1297	0.3128466830693
1298	0.31303222230662
1299	0.313214169446081
1300	0.313471037043055
1301	0.313696143882824
1302	0.313896317195584
1303	0.314094819675624
1304	0.314237823961537
1305	0.314394526957888
1306	0.314549320238981
1307	0.314751838016659
1308	0.314924032302801
1309	0.315169045394426
1310	0.31537910539012
1311	0.315540127080001
1312	0.315733074800245
1313	0.315946288958245
1314	0.316107487019363
1315	0.31630216019936
1316	0.316488621462776
1317	0.31670010321465
1318	0.316908340888953
1319	0.317128633424311
1320	0.317326134312081
1321	0.317484482306004
1322	0.317686790568951
1323	0.317830532602921
1324	0.318010242457756
1325	0.318232279477989
1326	0.318387037937496
1327	0.318566560084893
1328	0.31874929892042
1329	0.318833924447789
1330	0.319016497536951
1331	0.319125777000586
1332	0.319311136908821
1333	0.319482363300121
1334	0.319640469211338
1335	0.319831266552677
1336	0.320032091880914
1337	0.320214720080554
1338	0.320361817647111
1339	0.32050445190884
1340	0.320612519069625
1341	0.320743592551777
1342	0.320925412262693
1343	0.321078828247763
1344	0.321250075594217
1345	0.321434122288405
1346	0.321554217859288
1347	0.321685922101292
1348	0.321829729134774
1349	0.321994411597369
1350	0.322202099969528
1351	0.322350514688151
1352	0.322535841304766
1353	0.322689922902693
1354	0.322837527456566
1355	0.322997537005032
1356	0.323142031598921
1357	0.323277226025135
1358	0.323386108730769
1359	0.323521444554791
1360	0.323667031302803
1361	0.323752764954068
1362	0.323781863612352
1363	0.323800848193371
1364	0.323765097158613
1365	0.323708822037368
1366	0.323600379057454
1367	0.323434245042375
1368	0.323253269744455
1369	0.322982963696829
1370	0.322738953684292
1371	0.32246536519664
1372	0.322179902396419
1373	0.32189926398337
1374	0.321643106350261
1375	0.321356924544176
1376	0.321189027445534
1377	0.321088474228011
1378	0.320945975236297
1379	0.320876424787398
1380	0.320761827431232
1381	0.320635080211666
1382	0.320481440191872
1383	0.320279602035361
1384	0.320048687844269
1385	0.319731368616806
1386	0.319412614284672
1387	0.31901814836019
1388	0.318633184705072
1389	0.318221732807189
1390	0.317800915209005
1391	0.317467212033729
1392	0.317093939038225
1393	0.316819792671221
1394	0.316610076224783
1395	0.316513346765801
1396	0.316517415269039
1397	0.316551676588462
1398	0.316697940349896
1399	0.316863985068267
1400	0.31708914914635
1401	0.317329032646545
1402	0.317618759222319
1403	0.317903708420581
1404	0.31816542823832
1405	0.318429050795602
1406	0.318693461116452
1407	0.318946351825976
1408	0.319160575680549
1409	0.319440666428558
1410	0.319734683828557
1411	0.320042073257599
1412	0.320325455820917
1413	0.320660295375849
1414	0.320973000624663
1415	0.321353875583939
1416	0.321768319376417
1417	0.322186358956937
1418	0.322571739290742
1419	0.322979987476058
1420	0.323441974615331
1421	0.323872786461547
1422	0.32431809744665
1423	0.324799730893651
1424	0.325191946718848
1425	0.325640461101423
1426	0.326087997943442
1427	0.326480364383539
1428	0.326843589840001
1429	0.327232375779126
1430	0.327584368544489
1431	0.327918252106269
1432	0.328290097536455
1433	0.328696245272764
1434	0.329020813751778
1435	0.329333222938657
1436	0.329668283461715
1437	0.329967331952359
1438	0.330254921562683
1439	0.330569612986116
1440	0.330857908165235
1441	0.331180413800628
1442	0.331450278618837
1443	0.331741374590576
1444	0.33203163290475
1445	0.332298150818194
1446	0.332589495244514
1447	0.332901150769664
1448	0.333193634157438
1449	0.333493618456415
1450	0.333787405158149
1451	0.334015936986899
1452	0.3342815688038
1453	0.334498357818373
1454	0.334755398100554
1455	0.335009267418259
1456	0.335257827370563
1457	0.335462424663204
1458	0.335692531790397
1459	0.335929276044907
1460	0.336130319377494
1461	0.336357288782794
1462	0.336570062099277
1463	0.336787936192518
1464	0.336983572929787
1465	0.337254280041867
1466	0.337492923021904
1467	0.337697497621358
1468	0.33793586216946
1469	0.338152185890115
1470	0.338395808820727
1471	0.338613249021748
1472	0.33883769533249
1473	0.339046007566316
1474	0.339291511007997
1475	0.339520928813368
1476	0.339753309665218
1477	0.340014213376235
1478	0.340262358913931
1479	0.340494066633525
1480	0.340736451333111
1481	0.34097002845913
1482	0.34119142156794
1483	0.341436662189316
1484	0.341692407901592
1485	0.341918004787355
1486	0.342143200730506
1487	0.342359424431432
1488	0.342584789573276
1489	0.342802110377024
1490	0.343057958872769
1491	0.343265825290788
1492	0.343492109371008
1493	0.343721369705092
1494	0.343889946431127
1495	0.344120227351464
1496	0.344324520030114
1497	0.344546207853471
1498	0.344705482684261
1499	0.344939001350104
1500	0.345149441178621
1501	0.345352856315223
1502	0.345577537718152
1503	0.345761503604621
1504	0.34593724908608
1505	0.346090719807534
1506	0.346236095846161
1507	0.346401331599513
1508	0.346586904913089
1509	0.346805411004445
1510	0.346973548764388
1511	0.347193169735487
1512	0.347378352066225
1513	0.347545626698273
1514	0.347701439379372
1515	0.347889963301026
1516	0.348066865782125
1517	0.348176118387474
1518	0.348327071516318
1519	0.348494403679509
1520	0.348630110284122
1521	0.348802881501266
1522	0.348954263562817
1523	0.349109666263486
1524	0.349261938434472
1525	0.349396321017676
1526	0.349526793783362
1527	0.349693393532846
1528	0.34982464253004
1529	0.349958573567322
1530	0.350124809617171
1531	0.350332224525567
1532	0.350488071572545
1533	0.350688860705346
1534	0.350834195362438
1535	0.350943519940247
1536	0.351089627425388
1537	0.351199634064366
1538	0.351369724111626
1539	0.351486174491342
1540	0.35164740825115
1541	0.351835302791435
1542	0.351985929372532
1543	0.352151501296584
1544	0.352281518244593
1545	0.352386391960159
1546	0.352517204746089
1547	0.352683396382117
1548	0.352815122113079
1549	0.352955706527104
1550	0.353088296052921
1551	0.353217278787842
1552	0.353372527649878
1553	0.353482884651877
1554	0.35362913678475
1555	0.353729727037674
1556	0.353854942352943
1557	0.354001981029039
1558	0.354128091646094
1559	0.35424028887054
1560	0.354389314366479
1561	0.354566618981862
1562	0.354716686778529
1563	0.354858120833167
1564	0.355009193046032
1565	0.35504623533178
1566	0.355173594397593
1567	0.355344367014903
1568	0.355484936000107
1569	0.355610754311565
1570	0.355776975898693
1571	0.355947389042833
1572	0.356092322927824
1573	0.356215717682945
1574	0.35634917773993
1575	0.356434867449186
1576	0.356569179654871
1577	0.35670812067601
1578	0.356808126875166
1579	0.356949879098479
1580	0.357050679073099
1581	0.357221948218147
1582	0.357346417578669
1583	0.357483228997806
1584	0.35763407965556
1585	0.357788801154639
1586	0.35791778590311
1587	0.358029887722352
1588	0.358149634752022
1589	0.358234700882762
1590	0.358368252342482
1591	0.358448918353169
1592	0.358583419509795
1593	0.358675586466342
1594	0.358811074105663
1595	0.358912096462486
1596	0.359022398154357
1597	0.359143859074761
1598	0.35926535317206
1599	0.359366823830686
1600	0.359512713332421
1601	0.359642427698956
1602	0.359752455351979
1603	0.359927165665761
1604	0.360078157540244
1605	0.360204165443051
1606	0.360319111219774
1607	0.360419212834776
1608	0.360548498913896
1609	0.360611551338531
1610	0.360731316213497
1611	0.360867332040609
1612	0.360974552598721
1613	0.361093505734612
1614	0.361212133115379
1615	0.361360460413354
1616	0.361442141863545
1617	0.361524105239085
1618	0.361620223295263
1619	0.361716212679187
1620	0.361788712992497
1621	0.361950524393841
1622	0.362100706412833
1623	0.362252119291619
1624	0.362350987603945
1625	0.362392764059592
1626	0.362506382110636
1627	0.362585885173072
1628	0.362661486007682
1629	0.362778308265472
1630	0.36291864664273
1631	0.36299813676698
1632	0.363111005330062
1633	0.363200355275175
1634	0.363289005898805
1635	0.363355625292978
1636	0.363488142235196
1637	0.363671193882583
1638	0.36376524363137
1639	0.363886876567072
1640	0.363996360605781
1641	0.364094905956817
1642	0.364168968561646
1643	0.364268334415752
1644	0.364357884420228
1645	0.364439947878512
1646	0.364581874719343
1647	0.36471628776517
1648	0.364829825622859
1649	0.364951674060527
1650	0.365081212529438
1651	0.365167393525748
1652	0.3652869956838
1653	0.365388965538886
1654	0.365513698610795
1655	0.365657057510555
1656	0.36582870497402
1657	0.365958411088424
1658	0.366124775832393
1659	0.366335167737083
1660	0.36654991756738
1661	0.366689986950798
1662	0.366833858694471
1663	0.366963683231854
1664	0.367104942499406
1665	0.367251453216451
1666	0.367448531026047
1667	0.367635257549597
1668	0.36777126792957
1669	0.367908155712037
1670	0.368111720013357
1671	0.368279394406005
1672	0.368480323277865
1673	0.368685317251662
1674	0.368899634747856
1675	0.369160583707628
1676	0.369393269614297
1677	0.369639234086538
1678	0.369874211762433
1679	0.370018345339605
1680	0.370211071410373
1681	0.370451212962177
1682	0.370650932685652
1683	0.370906266753119
1684	0.371124833922234
1685	0.371360072410457
1686	0.371609304166655
1687	0.371745592665883
1688	0.372013931357843
1689	0.372267587564164
1690	0.37253875965378
1691	0.372841146403638
1692	0.373098307627397
1693	0.373324044015395
1694	0.373549509758735
1695	0.37373959786089
1696	0.373932745548245
1697	0.374145437396883
1698	0.374288443150187
1699	0.374450766199154
1700	0.374606881617373
1701	0.37473758131317
1702	0.374889219944682
1703	0.375077345735414
1704	0.375248005233704
1705	0.375413665966786
1706	0.375580256019904
1707	0.375755463575286
1708	0.375991607946863
1709	0.376168523302158
1710	0.376350450018805
1711	0.376543612819998
1712	0.376721190922784
1713	0.376791744676753
1714	0.376919159707347
1715	0.377036381695202
1716	0.377152545163062
1717	0.377232337859056
1718	0.377294268961654
1719	0.377389731444992
1720	0.377411110260796
1721	0.377467254177106
1722	0.377468557604933
1723	0.377425733315593
1724	0.377407160191893
1725	0.377343549852109
1726	0.377341012872853
1727	0.377333558934197
1728	0.377266204046739
1729	0.377233602562188
1730	0.377156073107276
1731	0.37701746046072
1732	0.376962099141973
1733	0.376915149020599
1734	0.376894442219679
1735	0.376846713223959
1736	0.376743221448167
1737	0.37665616363482
1738	0.376641847950961
1739	0.376590791616383
1740	0.376524726431849
1741	0.376528975310772
1742	0.376486968918887
1743	0.376496920415451
1744	0.376453771763312
1745	0.376480605099371
1746	0.376500905637117
1747	0.376493028904567
1748	0.376515061914362
1749	0.376507498456142
1750	0.376561446293605
1751	0.376545626187402
1752	0.376493461933569
1753	0.376464371721094
1754	0.376458639326994
1755	0.376436594525604
1756	0.376387585096761
1757	0.376295145606824
1758	0.376232498071031
1759	0.376118246688333
1760	0.376107919038704
1761	0.376093188114187
1762	0.376033881472817
1763	0.375929588262738
1764	0.375893597485216
1765	0.375865174550994
1766	0.375833261164147
1767	0.375794961272891
1768	0.375761668421284
1769	0.375667020578238
1770	0.375556318247152
1771	0.375527720064653
1772	0.375483658115248
1773	0.375405787069145
1774	0.375328327273904
1775	0.375300777534574
1776	0.375234868940639
1777	0.375266503434286
1778	0.375306477524467
1779	0.375356429638631
1780	0.375328871694722
1781	0.375321992439404
1782	0.375338339961853
1783	0.375360212009058
1784	0.375367534467526
1785	0.375391018354557
1786	0.375433436128558
1787	0.375352323627379
1788	0.375325336874712
1789	0.375333988004791
1790	0.375398213771379
1791	0.375433848536073
1792	0.375582418933733
1793	0.375621646012
1794	0.375608008901155
1795	0.375647625480171
1796	0.375695571412545
1797	0.375760983839026
1798	0.375840212262412
1799	0.375894750606924
1800	0.375817982492389
1801	0.375921989651698
1802	0.375951773112563
1803	0.375973499974901
1804	0.376136723897638
1805	0.376228777319462
1806	0.376318784958848
1807	0.376347151708407
1808	0.37637168100237
1809	0.376459547988543
1810	0.376515699230245
1811	0.37659532861002
1812	0.376716015610597
1813	0.376704676452929
1814	0.376852463163669
1815	0.376941419524005
1816	0.376939847097855
1817	0.376956389924862
1818	0.376970709655879
1819	0.377045021200957
1820	0.377115652450337
1821	0.37716181312822
1822	0.377295432082507
1823	0.377274942489882
1824	0.377369466915393
1825	0.377400706328177
1826	0.377481812750994
1827	0.377538331102717
1828	0.377588499614933
1829	0.377577703280356
1830	0.377659791011591
1831	0.378284107220373
1832	0.378431950063342
1833	0.378506806519756
1834	0.378364114342447
1835	0.378272356650968
1836	0.378222924921134
1837	0.378143310593225
1838	0.378147189828529
1839	0.378205631722396
1840	0.378340401181267
1841	0.378419106231296
1842	0.37837469143296
1843	0.37842633764843
1844	0.378372479413917
1845	0.378328230847013
1846	0.378233549813748
1847	0.378270742190676
1848	0.378284975944692
1849	0.37832523999192
1850	0.378326316656741
1851	0.378318248258349
1852	0.378474007487996
1853	0.378552590822088
1854	0.378540415159151
1855	0.37858993018961
1856	0.378594546106696
1857	0.378492739328867
1858	0.37837286766381
1859	0.378328729894269
1860	0.378180844678902
1861	0.378161411318016
1862	0.378090716051128
1863	0.378015789277503
1864	0.378075587551798
1865	0.377921365402692
1866	0.377502424402495
1867	0.37727420549491
1868	0.377077817679012
1869	0.376884029121573
1870	0.376801654247438
1871	0.376656949574613
1872	0.376424317013139
1873	0.376179412561201
1874	0.375909763334448
1875	0.375579078432977
1876	0.375144888346446
1877	0.374585298189872
1878	0.373894450027663
1879	0.373422518734375
1880	0.372991415065457
1881	0.372436140901564
1882	0.371947516699385
1883	0.371337129410499
1884	0.370581902793616
1885	0.369820730147402
1886	0.369010655209529
1887	0.368110025377267
1888	0.367214265538326
1889	0.366298630018965
1890	0.365314097158378
1891	0.364409946145772
1892	0.3633982106756
1893	0.362211260760479
1894	0.361081539670332
1895	0.359994780499033
1896	0.358921087631554
1897	0.357819418346577
1898	0.356763324018303
1899	0.355724863846303
1900	0.35472771604528
1901	0.353740362254231
1902	0.352731317058846
1903	0.351886388238347
1904	0.351121243211595
1905	0.350448346347848
1906	0.349918422381458
1907	0.349570684274828
1908	0.349209632808942
1909	0.349056612056144
1910	0.348825947918755
1911	0.348713703433257
1912	0.348554223581723
1913	0.348322959432398
1914	0.348264080796222
1915	0.348274935522843
1916	0.348355731822272
1917	0.348510680768592
1918	0.348707923059706
1919	0.349006762810323
1920	0.349462927778059
1921	0.349761751136072
1922	0.350127077493124
1923	0.350395185624346
1924	0.35045770522408
1925	0.350705815277658
1926	0.35094247475184
1927	0.351249933049336
1928	0.35155685019011
1929	0.35201107571347
1930	0.352278889927497
1931	0.352510565244436
1932	0.352756906830194
1933	0.352886529161598
1934	0.353121797260984
1935	0.353423397534246
1936	0.353734823593297
1937	0.354134069193519
1938	0.354483637023255
1939	0.354784779186604
1940	0.355096644508822
1941	0.355407017414675
1942	0.355678194960675
1943	0.35591103125562
1944	0.356140934868284
1945	0.356375003966655
1946	0.356555031142932
1947	0.356753365285219
1948	0.356993261711231
1949	0.357157018630433
1950	0.357348550370991
1951	0.357450491111823
1952	0.357680847718776
1953	0.357908829463716
1954	0.358118229452911
1955	0.35835653303064
1956	0.358505821965243
1957	0.358447132987346
1958	0.358546864719236
1959	0.35874408957013
1960	0.35897995262338
1961	0.359196096195754
1962	0.359610364487987
1963	0.359809901470055
1964	0.359780231272513
1965	0.359963496977277
1966	0.360217429510739
1967	0.360472686170492
1968	0.360887017656681
1969	0.361175619838176
1970	0.361507671098594
1971	0.361698420639562
1972	0.36184893337974
1973	0.361906237273545
1974	0.362022792118481
1975	0.361980562661107
1976	0.362130887372052
1977	0.362418882652527
1978	0.362715852137182
1979	0.363093587337702
1980	0.363399291460948
1981	0.363709203584704
1982	0.364102689720892
1983	0.36442240785471
1984	0.36464707329278
1985	0.364948933421706
1986	0.365304503303886
1987	0.365628009118298
1988	0.365936663222281
1989	0.366234761860375
1990	0.366531342345821
1991	0.366811839376977
1992	0.367049623243638
1993	0.367315094193375
1994	0.3676102833143
1995	0.367952670618808
1996	0.36825176994111
1997	0.368564306621565
1998	0.368957883753994
1999	0.369369064779051
2000	0.369822542976094
2001	0.370399422550175
2002	0.370854827055064
2003	0.371231968928442
2004	0.371583892691088
2005	0.371869280362429
2006	0.372236127455055
2007	0.372640802970379
2008	0.373135613386737
2009	0.373471978754587
2010	0.373775412555034
2011	0.374182724757805
2012	0.374607004222371
2013	0.375004678441637
2014	0.375567644584322
2015	0.375975386927563
2016	0.376328152014099
2017	0.376682416597317
2018	0.377089703160051
2019	0.377383453449403
2020	0.377775366329289
2021	0.378171938761836
2022	0.378547015416759
2023	0.378961650029003
2024	0.379372265924236
2025	0.379813017586504
2026	0.380188623536811
2027	0.380649945383379
2028	0.381010395867113
2029	0.381266515567901
2030	0.38152305076226
2031	0.381838597561556
2032	0.382230281877648
2033	0.38260763210257
2034	0.383014743798101
2035	0.383389281433687
2036	0.38372238202357
2037	0.384052000985588
2038	0.384267681838425
2039	0.384544743191897
2040	0.384769262697982
2041	0.385112401818938
2042	0.385451433164585
2043	0.385820726617329
2044	0.386147474383239
2045	0.386371661283116
2046	0.386645521616628
2047	0.386871259666987
2048	0.387120485593133
2049	0.387391035822793
2050	0.387671910591957
2051	0.387797515897494
2052	0.388142179715173
2053	0.388393821199929
2054	0.388503316314668
2055	0.388750481623601
2056	0.388984472003691
2057	0.389123668617228
2058	0.389379712777078
2059	0.389610378238247
2060	0.389868103319349
2061	0.390063460316488
2062	0.390311508352984
2063	0.390488703906457
2064	0.390572124074486
2065	0.390720231262596
2066	0.390817141408966
2067	0.39086843113982
2068	0.390989589693101
2069	0.391169020493923
2070	0.391430731351194
2071	0.391637303143296
2072	0.391760100491812
2073	0.391871658467239
2074	0.391994946395635
2075	0.392065271511396
2076	0.392138488829604
2077	0.392248996882166
2078	0.392372008837486
2079	0.392434223209746
2080	0.392504421810705
2081	0.392628127748073
2082	0.392596863311825
2083	0.392704965551623
2084	0.392989867784695
2085	0.393127281443271
2086	0.393192072933977
2087	0.393425655706472
2088	0.393646753746874
2089	0.393779901770696
2090	0.393983040237308
2091	0.394111042343075
2092	0.393969704531
2093	0.393957286402271
2094	0.394088606498427
2095	0.394176935098243
2096	0.394236785443183
2097	0.394377227676825
2098	0.394667613842774
2099	0.394868628222605
2100	0.395101010477232
2101	0.395481779076158
2102	0.395689260816272
2103	0.395782473941965
2104	0.395841320094664
2105	0.395804200473502
2106	0.395823856945403
2107	0.3957925283393
2108	0.39582953537812
2109	0.395780871530516
2110	0.395834964962539
2111	0.396082660814098
2112	0.396307024599413
2113	0.396459975487708
2114	0.396605198076249
2115	0.396612714623415
2116	0.396307373925651
2117	0.396248567260028
2118	0.396206192034089
2119	0.3961533333776
2120	0.396231448154216
2121	0.396238398322066
2122	0.396260741169317
2123	0.396379563527183
2124	0.396330552863185
2125	0.396137421887997
2126	0.396025293842069
2127	0.395817297682977
2128	0.395583369731924
2129	0.395373102753761
2130	0.395060842241704
2131	0.394824751144553
2132	0.394605297014436
2133	0.394537970324214
2134	0.394276949779492
2135	0.394018269026572
2136	0.393742196056607
2137	0.393312406700401
2138	0.39293262191762
2139	0.392557785294834
2140	0.392093828019154
2141	0.391839606109194
2142	0.391676202183543
2143	0.391570501650792
2144	0.391432257252533
2145	0.39102093311817
2146	0.390669037228291
2147	0.390408324966111
2148	0.3901854896872
2149	0.38991777079712
2150	0.389710553449645
2151	0.389447722516894
2152	0.389081274492215
2153	0.388795723185022
2154	0.38856279549422
2155	0.388369386707812
2156	0.388047248885453
2157	0.387810812135618
2158	0.387532706776166
2159	0.3872746363658
2160	0.387103268225983
2161	0.386868771526109
2162	0.386473002315285
2163	0.385942790053865
2164	0.385456268234093
2165	0.384800104220139
2166	0.384382012627833
2167	0.384146611085456
2168	0.383638614354289
2169	0.383164860389004
2170	0.382659179770714
2171	0.382002262096824
2172	0.381448936229551
2173	0.381190130752478
2174	0.380758973500595
2175	0.380247673756125
2176	0.379686418518125
2177	0.378993226255729
2178	0.378526661316514
2179	0.378124245014807
2180	0.377741022872923
2181	0.377335811280276
2182	0.3766677449724
2183	0.37611211581014
2184	0.375522691782026
2185	0.374897035471667
2186	0.374143729841789
2187	0.373672739230859
2188	0.37327577332853
2189	0.372798567544487
2190	0.372495583660268
2191	0.372154690572577
2192	0.371604413260244
2193	0.37099872423145
2194	0.370466734222147
2195	0.36993488251854
2196	0.369323714306799
2197	0.368986680615083
2198	0.368589499349408
2199	0.367973118762447
2200	0.367481204293373
2201	0.366980472362964
2202	0.366532211465976
2203	0.366126666968664
2204	0.365733169953243
2205	0.365476328300206
2206	0.365135441925101
2207	0.364642961469597
2208	0.364366289169754
2209	0.364259501118155
2210	0.364119822690188
2211	0.363937415483534
2212	0.363983458187933
2213	0.364127765774046
2214	0.364098485074689
2215	0.364196464260696
2216	0.364289562352571
2217	0.36429874397805
2218	0.364261371926629
2219	0.364388659407103
2220	0.364576702991291
2221	0.364652457071023
2222	0.364936535670893
2223	0.365238691225481
2224	0.365621786545162
2225	0.365911609113807
2226	0.366217347390614
2227	0.366544249824738
2228	0.366848126951693
2229	0.367175534376712
2230	0.367535064979656
2231	0.368008184196409
2232	0.368364960664705
2233	0.368577322918157
2234	0.368790415632257
2235	0.369135455504813
2236	0.36947237955685
2237	0.369802622190733
2238	0.370237305160295
2239	0.37077883444579
2240	0.371252766060526
2241	0.371760826891264
2242	0.372303732764799
2243	0.372747916715986
2244	0.373259819405879
2245	0.373891383300874
2246	0.374493179315262
2247	0.375143012958387
2248	0.375770684630013
2249	0.376452677023078
2250	0.376994496993636
2251	0.377418960983366
2252	0.37801317080474
2253	0.378634674800689
2254	0.379198534743478
2255	0.379891772276786
2256	0.380606042146794
2257	0.381189234393941
2258	0.381456792648021
2259	0.382080071286598
2260	0.38253404343175
2261	0.383016892475316
2262	0.383777047389282
2263	0.38423207806177
2264	0.384596972574832
2265	0.384917618162126
2266	0.384950716376478
2267	0.384899056589209
2268	0.384846977832482
2269	0.384781351556454
2270	0.384617142271594
2271	0.384550418650165
2272	0.384573871003751
2273	0.384517786211573
2274	0.384560489349909
2275	0.384301405468856
2276	0.383829642237656
2277	0.383276817316237
2278	0.382509370417427
2279	0.381821013718918
2280	0.381062864856201
2281	0.380419470518619
2282	0.380019414857602
2283	0.379361005285736
2284	0.378536146954239
2285	0.377805506451221
2286	0.376816786643468
2287	0.375757158712542
2288	0.375121261583835
2289	0.374666227633301
2290	0.374050822083799
2291	0.373452729462026
2292	0.37282986276879
2293	0.372046272632574
2294	0.371500472722332
2295	0.370998642537708
2296	0.370511541146167
2297	0.369797331918296
2298	0.369425887606892
2299	0.369385596135103
2300	0.368944467511524
2301	0.36856176559415
2302	0.368102844308903
2303	0.367285479630339
2304	0.366710642559323
2305	0.366439924242633
2306	0.365891790849046
2307	0.36518971103028
2308	0.364473335660898
2309	0.36338672776238
2310	0.362535397532756
2311	0.361627791696975
2312	0.36080307297129
2313	0.360188764303076
2314	0.359286918136821
2315	0.358421845750859
2316	0.357721845194604
2317	0.356618255211363
2318	0.355706836864638
2319	0.35493386435998
2320	0.35393078798436
2321	0.353374830874685
2322	0.352760819676137
2323	0.352019555246166
2324	0.351409649142614
2325	0.350645423011321
2326	0.35043418996979
2327	0.350380824716926
2328	0.35079713002353
2329	0.35076819080889
2330	0.350553261980428
2331	0.35080241504985
2332	0.351079869356342
2333	0.351354297852197
2334	0.352082223798505
2335	0.352542779273478
2336	0.352466608009949
2337	0.352954117766528
2338	0.354005332061833
2339	0.354608393630902
2340	0.355084497924929
2341	0.355593126937731
2342	0.35574500922029
2343	0.356199218530256
2344	0.357118795432449
2345	0.357628384825332
2346	0.3580480684433
2347	0.358601325301316
2348	0.358954029656746
2349	0.359194987898393
2350	0.359521825958411
2351	0.359841778081854
2352	0.359907045554836
2353	0.359695870504769
2354	0.359349869876393
2355	0.358898453302559
2356	0.35835522088764
2357	0.35824274268987
2358	0.358226848859247
2359	0.358117596471967
2360	0.357848693315554
2361	0.357322058655989
2362	0.356638725583209
2363	0.355838291047886
2364	0.355155830370765
2365	0.354505216615
2366	0.353915626665917
2367	0.353378155303157
2368	0.352778098375456
2369	0.352256118677429
2370	0.351673801105767
2371	0.351094140716515
2372	0.350288639364235
2373	0.349534055329705
2374	0.348709257902145
2375	0.347922793160937
2376	0.347179408662874
2377	0.346569456596801
2378	0.345982362040776
2379	0.34550073277132
2380	0.344560494121371
2381	0.34338380745747
2382	0.342446483680535
2383	0.341366116788331
2384	0.340308486864859
2385	0.339484576876013
2386	0.338659358701873
2387	0.337761719736389
2388	0.337198849354886
2389	0.336971711763936
2390	0.336656297825348
2391	0.336384228178385
2392	0.336087986217749
2393	0.336071154669347
2394	0.33587544137526
2395	0.335707611539011
2396	0.335454913453053
2397	0.334996849133279
2398	0.334656994768452
2399	0.334302459643842
2400	0.334106598462837
2401	0.333854100010384
2402	0.333718679966137
2403	0.333797961236904
2404	0.334022046127495
2405	0.334282157480221
2406	0.334449150636898
2407	0.334283161482826
2408	0.334000098876505
2409	0.33397743952086
2410	0.333437037548742
2411	0.333183065592123
2412	0.333114659017318
2413	0.332347418583529
2414	0.331891255598337
2415	0.331940436972031
2416	0.331767808928364
2417	0.331681196835973
2418	0.331976885208303
2419	0.332245783538337
2420	0.332598604157127
2421	0.332649070017836
2422	0.332782015580784
2423	0.332953599701536
2424	0.33264071864537
2425	0.332417157991779
2426	0.332263362769994
2427	0.332288269243909
2428	0.332107228716866
2429	0.332035000540213
2430	0.332453383238686
2431	0.332382738954207
2432	0.332294250754234
2433	0.332057115897329
2434	0.331499710115028
2435	0.331221034128592
2436	0.33070892724916
2437	0.33055634789327
2438	0.330728352329566
2439	0.330677486801993
2440	0.330477193940971
2441	0.33038879617908
2442	0.330394840036611
2443	0.330022947779247
2444	0.329503537572149
2445	0.329298885705902
2446	0.32915610320426
2447	0.329020478945209
2448	0.329173711882969
2449	0.329146298125188
2450	0.328716911489621
2451	0.328647940532975
2452	0.328533684979028
2453	0.328688281357602
2454	0.328886443644867
2455	0.328703787025071
2456	0.328429924810727
2457	0.328281539593204
2458	0.328236797812951
2459	0.32753841384808
2460	0.326403231862124
2461	0.325921701560344
2462	0.325115673740713
2463	0.324658417079882
2464	0.32514080961871
2465	0.32500123254163
2466	0.324058975898608
2467	0.32357397579522
2468	0.323272750153795
2469	0.323066714794135
2470	0.322796866494569
2471	0.322753163681657
2472	0.32298060597425
2473	0.322845479711428
2474	0.322466173540874
2475	0.322357911351642
2476	0.321654955730156
2477	0.321352088329732
2478	0.321740948605839
2479	0.321383087516576
2480	0.320688329885646
2481	0.319970642748528
2482	0.318854730375249
2483	0.318268649920898
2484	0.317895593641941
2485	0.317319248524691
2486	0.316453010406967
2487	0.316186910020066
2488	0.31604536894811
2489	0.315755614378658
2490	0.31613803592279
2491	0.316083737682199
2492	0.315365051457926
2493	0.314874884893765
2494	0.314123382916235
2495	0.313393139120407
2496	0.312175587152284
2497	0.311861391744441
2498	0.311819060846793
2499	0.311714223396263
2500	0.312692002347175
