350	0.24003935944982
351	0.248801900849744
352	0.242169258697216
353	0.244605882107447
354	0.255337951885972
355	0.255072644611061
356	0.231703704453903
357	0.220787129484075
358	0.218622168561801
359	0.221501059777501
360	0.208634750580413
361	0.19553858871038
362	0.201155421805841
363	0.200852941689487
364	0.196238762581429
365	0.198696991865206
366	0.197005988919825
367	0.193831271328925
368	0.193338035533382
369	0.193727640283447
370	0.19146662992629
371	0.183486082906426
372	0.17686305446055
373	0.17747319498633
374	0.178474980914856
375	0.176002033725955
376	0.178242873322126
377	0.184961129163998
378	0.185524661064468
379	0.186248329869359
380	0.181639297503243
381	0.176365744830083
382	0.174648330526781
383	0.173423796678995
384	0.174440460226856
385	0.169729291010001
386	0.168465998485606
387	0.171741541032446
388	0.165234236129753
389	0.16282570638431
390	0.168488559511234
391	0.167693814799119
392	0.167383689539024
393	0.167859152215201
394	0.166085299086227
395	0.165385693138437
396	0.163878043246907
397	0.162401882799866
398	0.159201615400291
399	0.161222716691316
400	0.160510859555459
401	0.159235275510369
402	0.157798269263245
403	0.15702874595157
404	0.15639064615951
405	0.157096179087903
406	0.158577581118848
407	0.15840711759275
408	0.156335147504867
409	0.155814719318405
410	0.15703542390227
411	0.155326780252541
412	0.153988710944343
413	0.151991880535356
414	0.150165335704483
415	0.151387997627508
416	0.151846663396895
417	0.152079774393276
418	0.15244617225024
419	0.151956922245287
420	0.150884383943932
421	0.150140543216907
422	0.148372784752283
423	0.148904130074148
424	0.148600597267576
425	0.147873121676627
426	0.147809811640612
427	0.148738331802032
428	0.148260696100029
429	0.147689729851749
430	0.147799720615637
431	0.147924599543425
432	0.147790484174172
433	0.147475178019183
434	0.147452637332083
435	0.147212382849974
436	0.147775556455342
437	0.148500844642472
438	0.148617922437567
439	0.148421519463227
440	0.147949470063504
441	0.148159288610694
442	0.148536228471195
443	0.14824171107319
444	0.1483296807
445	0.149271552522316
446	0.149676227923878
447	0.150248364047154
448	0.150512625265183
449	0.150684249458839
450	0.15142701183757
451	0.151441532121274
452	0.151503001797209
453	0.152002710575186
454	0.152386861573949
455	0.152901631965021
456	0.152805521293207
457	0.153009505304704
458	0.153098300785926
459	0.153043775479394
460	0.153275096383916
461	0.153549220705806
462	0.153597252924063
463	0.153861550321283
464	0.154483711487172
465	0.154645918003699
466	0.154415702313771
467	0.154843855244949
468	0.155092583552233
469	0.155123427203618
470	0.155276286919011
471	0.1553427409524
472	0.155489764624443
473	0.155728529245543
474	0.155854898670293
475	0.15605835393044
476	0.156481793577532
477	0.157060109114006
478	0.156875964073802
479	0.157021071280697
480	0.157456275992049
481	0.158031824783573
482	0.1579707801106
483	0.157679073925659
484	0.158198574137966
485	0.158722733471943
486	0.158605846480139
487	0.158820944154297
488	0.159043085356181
489	0.159356590121677
490	0.159778010375969
491	0.159942305960348
492	0.160130890917362
493	0.160473573240364
494	0.160774616414758
495	0.161012857308072
496	0.161000540333136
497	0.161506282306281
498	0.161827104520265
499	0.16234260060439
500	0.162549947786105
501	0.162923691109443
502	0.163452219993185
503	0.163749909566308
504	0.164034753457205
505	0.164415583663099
506	0.164755544486277
507	0.165217401586069
508	0.165559659552111
509	0.166113217253763
510	0.166715502661905
511	0.166997401867769
512	0.167367589176063
513	0.16778423084717
514	0.168337313214342
515	0.168725206534898
516	0.169035932057446
517	0.169643571100387
518	0.170151244687357
519	0.170548128323551
520	0.170934715301871
521	0.171361658901543
522	0.171807809857488
523	0.172154645386038
524	0.172677424669133
525	0.17314838650163
526	0.173644684097327
527	0.174071399967718
528	0.174491907706365
529	0.175043644717076
530	0.175417860281742
531	0.175751941350601
532	0.176161317673001
533	0.176527250432643
534	0.176980610019002
535	0.177252978888345
536	0.177507609708613
537	0.17791056416718
538	0.178305440273866
539	0.178697852014837
540	0.179084873337604
541	0.179418404085905
542	0.179753304249755
543	0.18006260096852
544	0.180497539084146
545	0.180798591850405
546	0.181095553671136
547	0.181527409427083
548	0.181835522461855
549	0.182192165201923
550	0.182712431374922
551	0.183148770560752
552	0.183483633713414
553	0.183892868810243
554	0.184279428977217
555	0.184645616455895
556	0.185089219878152
557	0.18546592874463
558	0.185784161346618
559	0.18616975674055
560	0.186527253230333
561	0.186920901924953
562	0.1873198961482
563	0.187713171075379
564	0.188117791740878
565	0.188544798640306
566	0.1889833058067
567	0.189389823199348
568	0.189807060870531
569	0.1901602631803
570	0.190489973334231
571	0.190943938714233
572	0.191423012950973
573	0.191712977113592
574	0.192102901833483
575	0.192566338733117
576	0.192855933768975
577	0.193196395384396
578	0.193522426124291
579	0.193845436142835
580	0.19410337467878
581	0.194509251230688
582	0.194929046976673
583	0.195240411715197
584	0.195600932012959
585	0.195917683426994
586	0.19618246611062
587	0.196477069594192
588	0.196731669045125
589	0.196992922448158
590	0.197214701922995
591	0.197426431172449
592	0.197689085298921
593	0.197943128566326
594	0.198201149426443
595	0.198513139001299
596	0.198602381079376
597	0.198689142931627
598	0.198979117452005
599	0.199170088560888
600	0.199379794460929
601	0.199595360430118
602	0.199780118065344
603	0.199887635408301
604	0.200016094669221
605	0.200098048099825
606	0.200207247934283
607	0.200372584793472
608	0.20047749190697
609	0.200620856631385
610	0.200664527596381
611	0.200720348738198
612	0.200818181761205
613	0.200959189366085
614	0.201117059844599
615	0.201221939484365
616	0.201331010585865
617	0.201428271042895
618	0.201468977271461
619	0.201572280833272
620	0.201704400170231
621	0.201840491813408
622	0.202030914763811
623	0.202137835622912
624	0.20216986667443
625	0.202234172836935
626	0.202383910550963
627	0.202559941773398
628	0.202685106567548
629	0.202766226285604
630	0.202891092035514
631	0.20305921671614
632	0.203183156484887
633	0.203305444339494
634	0.203452727954417
635	0.203601409888143
636	0.203729711167025
637	0.203835134548562
638	0.203975869286354
639	0.204159890212641
640	0.204300227196504
641	0.204418110132144
642	0.204596964413992
643	0.204711399084478
644	0.204880614953068
645	0.205066984371096
646	0.205190964034339
647	0.205302091348684
648	0.205381211505556
649	0.205544720838099
650	0.20562390983644
651	0.205684379482092
652	0.205789305245234
653	0.205859390809949
654	0.205886871692781
655	0.206017304513534
656	0.206066246233989
657	0.206117806389218
658	0.206163407510369
659	0.206189304275976
660	0.206251552361473
661	0.206335843498787
662	0.206427693878966
663	0.20650496774958
664	0.20658264059656
665	0.206622992833957
666	0.206698494231895
667	0.206903374363976
668	0.2070243299335
669	0.207137470125709
670	0.207328647224235
671	0.2075597055705
672	0.207762673908578
673	0.207920792846291
674	0.208160730049842
675	0.208434859678613
676	0.208688471142516
677	0.208982681125777
678	0.209221167309392
679	0.209455174981475
680	0.209726322761779
681	0.210032072464107
682	0.210309277269426
683	0.210512608865688
684	0.210774345749118
685	0.211058611245644
686	0.211336001586842
687	0.211589263010465
688	0.211870321843356
689	0.212081831383513
690	0.212303422550255
691	0.212477210578356
692	0.212724518158477
693	0.213071774157733
694	0.21355529354514
695	0.214230621707676
696	0.21516015514272
697	0.215695618491036
698	0.215663202778796
699	0.215263063926158
700	0.215310847212645
701	0.215521039491785
702	0.215832599565625
703	0.216140725682489
704	0.216391542972098
705	0.21675179706799
706	0.217137804408462
707	0.217434695734626
708	0.2177345593324
709	0.218051583256014
710	0.218408958371695
711	0.218687139649299
712	0.219001316522006
713	0.219278990459195
714	0.219649053058159
715	0.219974268328492
716	0.220331345243819
717	0.220625971080682
718	0.220949284718964
719	0.221239876686197
720	0.221533728248803
721	0.221796515740281
722	0.222008182272622
723	0.222251679559473
724	0.222522657345394
725	0.222776753886469
726	0.223041675595029
727	0.223304610111988
728	0.223536347276006
729	0.223734871816737
730	0.223951945904447
731	0.224187624392474
732	0.224440436693062
733	0.224700254610383
734	0.22492392353918
735	0.225141907024133
736	0.225382699080335
737	0.225560023028497
738	0.225747846194853
739	0.225935155908217
740	0.226122887035362
741	0.226295362306813
742	0.226495920486292
743	0.2266687133799
744	0.226852828644092
745	0.227017080080131
746	0.227182060085329
747	0.227344160538754
748	0.227500465205537
749	0.227671379799306
750	0.227835236775911
751	0.22793962113881
752	0.22804336246588
753	0.228181561080225
754	0.228372642775017
755	0.228467214927169
756	0.228571132325281
757	0.228709558294001
758	0.228825603978665
759	0.228887073491638
760	0.229023920922375
761	0.229124235038423
762	0.22918699357161
763	0.229200977179853
764	0.229249313308212
765	0.229385216683837
766	0.229497205853837
767	0.2295819179802
768	0.229696455219067
769	0.229873428780257
770	0.230017864845348
771	0.230134821111
772	0.230265408362979
773	0.230350934102126
774	0.230426640610734
775	0.230511767174308
776	0.230662338280101
777	0.230719851472358
778	0.230763774959962
779	0.230819732391973
780	0.230924569654798
781	0.231056010144803
782	0.231128359738206
783	0.23113255597661
784	0.231150291872266
785	0.23130263222043
786	0.23143627320302
787	0.23144884036759
788	0.231525889199137
789	0.23160242967139
790	0.231672539294003
791	0.231713993088573
792	0.231797677689144
793	0.231853533724498
794	0.231904492554558
795	0.23191996236948
796	0.231983486258843
797	0.232014313307685
798	0.232084424383161
799	0.232161047907962
800	0.232153200103259
801	0.2321720657195
802	0.232276125969211
803	0.232336408616693
804	0.232315900207838
805	0.232298297475234
806	0.232354321537262
807	0.232373426534262
808	0.2324272831412
809	0.232453605371775
810	0.232474500178855
811	0.232510780408331
812	0.232537638920647
813	0.232564067614191
814	0.232515290779823
815	0.232504577183177
816	0.232511273252509
817	0.232539931597397
818	0.232529251624371
819	0.232556298185505
820	0.232546910133117
821	0.232574187279689
822	0.23257397431286
823	0.232531374552865
824	0.232531715088758
825	0.232534026265083
826	0.232551443576293
827	0.232542180688018
828	0.232534281029165
829	0.232566674814146
830	0.232578619424117
831	0.23256297283959
832	0.232492757548429
833	0.232488454691147
834	0.232473333448628
835	0.232445693619265
836	0.232418684198691
837	0.232372880581381
838	0.232331967964714
839	0.232338374083304
840	0.2323072254581
841	0.232273146480118
842	0.232285542545645
843	0.232248314292309
844	0.23216385987293
845	0.232141994101597
846	0.232127903603469
847	0.232157300169158
848	0.232103865657873
849	0.232029324495029
850	0.231969841572228
851	0.231942771867498
852	0.231915508009829
853	0.231839785340465
854	0.231829744797492
855	0.23176556004961
856	0.231723906842524
857	0.231700752111174
858	0.231660034473181
859	0.231594572480625
860	0.231566425240977
861	0.231493472049834
862	0.231455099190147
863	0.231429106536383
864	0.231389503548239
865	0.231300220283097
866	0.231208565232206
867	0.231170706295946
868	0.231181529087738
869	0.231087070952913
870	0.231016450714673
871	0.230952733709848
872	0.230917200893279
873	0.230870273216186
874	0.230813798527029
875	0.230801505748068
876	0.230704836306148
877	0.230626246373039
878	0.23059965128567
879	0.230603049912938
880	0.230568806431232
881	0.230494257143667
882	0.230385624068284
883	0.230356006058685
884	0.230340952890991
885	0.230269121946281
886	0.230173534246163
887	0.230068445253613
888	0.230042991833649
889	0.23003328330034
890	0.229986908638721
891	0.229927736802723
892	0.229903470779562
893	0.229874417273719
894	0.22984802169709
895	0.229711002779214
896	0.229668962955662
897	0.229611743893011
898	0.229594858990952
899	0.229480517679527
900	0.22942069224519
901	0.229423079706869
902	0.229376054590109
903	0.229291805157424
904	0.229235845112133
905	0.229182326165418
906	0.229200459438229
907	0.229134067476815
908	0.22912396762307
909	0.229079059563665
910	0.229092100424097
911	0.229009400627491
912	0.228917264519609
913	0.228884648721272
914	0.228826961115479
915	0.22875794732316
916	0.228768366674473
917	0.228737672073885
918	0.228711438275716
919	0.228654653847848
920	0.228613482707995
921	0.228641498760204
922	0.228628087094126
923	0.228527440167221
924	0.228544734062251
925	0.228526459935478
926	0.228488489716056
927	0.228525442225063
928	0.228499295127095
929	0.228459466651528
930	0.228437747893502
931	0.228463724227724
932	0.228493552140329
933	0.228454715515007
934	0.228360073231231
935	0.228287265616494
936	0.22830293517187
937	0.228309358391543
938	0.228255624754127
939	0.228280375896107
940	0.228186728473902
941	0.228157627272062
942	0.228094476232473
943	0.22809782250022
944	0.228206613757365
945	0.228167329661832
946	0.22809726164277
947	0.228092333385329
948	0.228088535345266
949	0.228147979225624
950	0.228059154104467
951	0.227948987944243
952	0.228037092529198
953	0.228019717400006
954	0.227962898368057
955	0.228084263464085
956	0.228292167665772
957	0.228168059851836
958	0.22804937211165
959	0.228076622694504
960	0.228188967362789
961	0.228062918568824
962	0.228098725025382
963	0.228164797744944
964	0.228118206262334
965	0.228123290426521
966	0.228165607380201
967	0.228123951727983
968	0.2281624249338
969	0.228180668102526
970	0.228027684254899
971	0.228209743747347
972	0.228307869572523
973	0.228170290852045
974	0.228149536948972
975	0.228322366520346
976	0.228431067856443
977	0.228433107292496
978	0.228347981478826
979	0.228299531407758
980	0.228488932628859
981	0.228628917613865
982	0.228620672277779
983	0.228544351960667
984	0.228566898623029
985	0.228699801462285
986	0.228726242456314
987	0.228780071250341
988	0.228746477173525
989	0.228644016740433
990	0.228819728493981
991	0.228718354899705
992	0.228683110350231
993	0.228963503703659
994	0.228768560030541
995	0.228721450218397
996	0.228950760527226
997	0.229013669109245
998	0.228838416907985
999	0.22878788815781
1000	0.229234584610647
1001	0.227600700619509
1002	0.227579631075339
1003	0.227619688624585
1004	0.227490219960323
1005	0.227510997942084
1006	0.227582044987932
1007	0.227722328962286
1008	0.227825048329884
1009	0.227843246461493
1010	0.227812143423817
1011	0.227830197278558
1012	0.227789161117692
1013	0.227807138517271
1014	0.227869418760778
1015	0.227758951301788
1016	0.227750835844083
1017	0.227659922550084
1018	0.227539901008225
1019	0.227603852182358
1020	0.227485550511885
1021	0.227531819026058
1022	0.227500284892513
1023	0.22738746006713
1024	0.227441113157427
1025	0.227429671735489
1026	0.227482446079611
1027	0.227596435053892
1028	0.227517317175232
1029	0.227520641887781
1030	0.227475113263031
1031	0.227478648778475
1032	0.227407914604987
1033	0.227388380830171
1034	0.227398175888875
1035	0.227355795864728
1036	0.227375917892573
1037	0.227411851432836
1038	0.227278196078592
1039	0.227237527262371
1040	0.227161948643127
1041	0.227220602544428
1042	0.227180163101683
1043	0.227155013369358
1044	0.227138124550483
1045	0.22705994663501
1046	0.227065442281117
1047	0.227078883053722
1048	0.227105664955687
1049	0.227067776661283
1050	0.227158037420441
1051	0.227183167926924
1052	0.227179399702175
1053	0.227228624068268
1054	0.227153819534136
1055	0.227080770579369
1056	0.22703648046039
1057	0.226957132202624
1058	0.226979648759359
1059	0.227004633081382
1060	0.226962111417143
1061	0.227007972256254
1062	0.227198352006747
1063	0.227162823602556
1064	0.227150966442815
1065	0.227210848005035
1066	0.227125891124978
1067	0.227087722122516
1068	0.227038374785177
1069	0.227055263165522
1070	0.227120831431098
1071	0.227066051246075
1072	0.227055538142203
1073	0.227041601020256
1074	0.22701888825021
1075	0.227034655846458
1076	0.227040250226097
1077	0.227057666113233
1078	0.227077502542607
1079	0.227026415250958
1080	0.227000378591468
1081	0.227109368437605
1082	0.227090055064892
1083	0.226974994580502
1084	0.226976992957523
1085	0.227003538533277
1086	0.227053649107029
1087	0.227069126243648
1088	0.227108193584019
1089	0.227120057807126
1090	0.227124519988479
1091	0.227096866052034
1092	0.22714127922095
1093	0.227154939617133
1094	0.227084191741114
1095	0.227045444915487
1096	0.227095374611519
1097	0.227124194454177
1098	0.227070414448323
1099	0.227133590655811
1100	0.227186980693187
1101	0.227204380149708
1102	0.227253898191914
1103	0.227251441875646
1104	0.227226995363569
1105	0.22725998274235
1106	0.22733594231077
1107	0.22733054764972
1108	0.227381921027092
1109	0.22733083878546
1110	0.227311000325898
1111	0.227299147798341
1112	0.227266049983848
1113	0.227257316085641
1114	0.227315783691997
1115	0.227343566644662
1116	0.227424000242655
1117	0.227452602174683
1118	0.227443193626759
1119	0.227465077069662
1120	0.227385018362836
1121	0.22736502218356
1122	0.227438875936843
1123	0.227471649752331
1124	0.227519882914454
1125	0.227548603021538
1126	0.227598572485773
1127	0.227618901242768
1128	0.22759597032174
1129	0.227620541030602
1130	0.22760325285202
1131	0.227610330088712
1132	0.227666461628473
1133	0.227670771627711
1134	0.227689835477248
1135	0.227738527851176
1136	0.227753687279026
1137	0.227804910409538
1138	0.22785269477174
1139	0.227773356519401
1140	0.227787696840711
1141	0.227798383187806
1142	0.227791030927136
1143	0.22779203676812
1144	0.227898025001482
1145	0.227932398808441
1146	0.227999897394751
1147	0.228060181748987
1148	0.228062417041424
1149	0.228041984717306
1150	0.228021145304571
1151	0.228055358975766
1152	0.228119103031116
1153	0.228224070384923
1154	0.228293271935129
1155	0.228312990351652
1156	0.228298521895728
1157	0.228295449581132
1158	0.228362192809911
1159	0.228404432579407
1160	0.228455826556865
1161	0.228561497566218
1162	0.228617619233692
1163	0.228619611303381
1164	0.228678360989144
1165	0.228737116100371
1166	0.22871122988861
1167	0.228806910566747
1168	0.228870344175408
1169	0.228933696346443
1170	0.229007927546856
1171	0.229107927639923
1172	0.229133797499611
1173	0.229236335559024
1174	0.22929771132562
1175	0.229353627142043
1176	0.22942508668798
1177	0.229473449193193
1178	0.229509105671607
1179	0.229540963465543
1180	0.229651576296338
1181	0.229729047577861
1182	0.229761534000686
1183	0.229883397245465
1184	0.229999496037026
1185	0.230037324439017
1186	0.230076631922927
1187	0.230176364910406
1188	0.230213571239651
1189	0.230225835864995
1190	0.230362151451259
1191	0.230426996056991
1192	0.230482020080781
1193	0.230561099291568
1194	0.230612651991231
1195	0.230705814194853
1196	0.230744952720333
1197	0.230815942729298
1198	0.230881761408957
1199	0.230904670999391
1200	0.230958256483973
1201	0.231023471017893
1202	0.231108066416047
1203	0.231212628991626
1204	0.231255432045349
1205	0.231351032701186
1206	0.231432356843692
1207	0.231498272776968
1208	0.231578024498667
1209	0.231669212102891
1210	0.231705399992215
1211	0.231814178064962
1212	0.231913196611928
1213	0.232001109403273
1214	0.232025726393749
1215	0.232092913009011
1216	0.232161174936782
1217	0.232254914787007
1218	0.232399680377801
1219	0.232472759952815
1220	0.232586342258544
1221	0.232649147130556
1222	0.232716232871584
1223	0.232799982428989
1224	0.232907709436251
1225	0.233012819890493
1226	0.233082966690903
1227	0.233164591548328
1228	0.233261427606126
1229	0.233312449076898
1230	0.233379961612651
1231	0.233518438956346
1232	0.233603799211817
1233	0.23376088422892
1234	0.233808040863945
1235	0.233882345598513
1236	0.233947396832987
1237	0.234074578247804
1238	0.234148626295693
1239	0.234281122973838
1240	0.234325938113887
1241	0.234471359877072
1242	0.234520284347931
1243	0.234649858465148
1244	0.234749410032455
1245	0.234830353719461
1246	0.234916679129654
1247	0.235015754917318
1248	0.235111532498892
1249	0.235219798742979
1250	0.235303791459598
1251	0.235400970489875
1252	0.23548056602578
1253	0.235634550884006
1254	0.235769289466226
1255	0.235873888853361
1256	0.235988015123858
1257	0.236081691996706
1258	0.236221552312153
1259	0.236324746377309
1260	0.236467622139654
1261	0.236550837505109
1262	0.236622365137547
1263	0.236685465416921
1264	0.236799799720471
1265	0.236890300665317
1266	0.236990828262483
1267	0.237098064719231
1268	0.237226906643014
1269	0.237334420617699
1270	0.237461976426992
1271	0.237556738611435
1272	0.23765312410479
1273	0.237807302368196
1274	0.237919426622739
1275	0.238085817493719
1276	0.238195299167339
1277	0.238247150350229
1278	0.238353879974107
1279	0.238531440278845
1280	0.238685608102593
1281	0.238771617015731
1282	0.238933632635741
1283	0.239042808633779
1284	0.23919375266173
1285	0.239348243919085
1286	0.239490029919057
1287	0.239601639691924
1288	0.239636966484852
1289	0.239770002389623
1290	0.239853724780029
1291	0.240018975242022
1292	0.240173167531392
1293	0.240310837050833
1294	0.240400173828585
1295	0.240563740852408
1296	0.240675529186978
1297	0.240781039123571
1298	0.240890926750911
1299	0.24103391300163
1300	0.241144868607888
1301	0.241283682895383
1302	0.241408165625034
1303	0.241533237021589
1304	0.241644212475239
1305	0.241744194541314
1306	0.241818180572993
1307	0.24189239666367
1308	0.242012917282915
1309	0.242193332345249
1310	0.242310278074051
1311	0.242470184743693
1312	0.242581178396881
1313	0.242679496568401
1314	0.242773644941233
1315	0.242901127558801
1316	0.243021264631567
1317	0.243124779994472
1318	0.24321556523915
1319	0.243362873158428
1320	0.243433560204584
1321	0.243513067234792
1322	0.243648388443469
1323	0.243728866163157
1324	0.243834496854982
1325	0.244000174883067
1326	0.244075031910332
1327	0.244172568798264
1328	0.24426739428315
1329	0.244356770783052
1330	0.244461109071294
1331	0.244564392272186
1332	0.244668796170559
1333	0.244782342164915
1334	0.244802723408323
1335	0.244881022555705
1336	0.244980811328546
1337	0.245111164429903
1338	0.245171566906749
1339	0.245281015076684
1340	0.245371030374894
1341	0.245460600516212
1342	0.245556737104966
1343	0.245653347646802
1344	0.245781587063662
1345	0.245865684426203
1346	0.245941528508181
1347	0.246005199565985
1348	0.24605126054912
1349	0.246157860665271
1350	0.24622209962374
1351	0.246326059304894
1352	0.246394068602949
1353	0.24647759190934
1354	0.246560559427651
1355	0.246633154707434
1356	0.246709487469963
1357	0.246805913042113
1358	0.246929174454663
1359	0.246990487822421
1360	0.247085427541829
1361	0.247163973633137
1362	0.247134341667333
1363	0.247124998000869
1364	0.247063149373989
1365	0.246990923631318
1366	0.246867837898034
1367	0.246682610211255
1368	0.246515596054381
1369	0.246311023492721
1370	0.246138292264144
1371	0.245930819219072
1372	0.245728800129773
1373	0.245542835067637
1374	0.245341700535652
1375	0.245133884413259
1376	0.244970425114096
1377	0.244774696730447
1378	0.244632904004578
1379	0.244530348202026
1380	0.244395947410352
1381	0.244294046911899
1382	0.244108972945778
1383	0.243850456076597
1384	0.243594304269958
1385	0.243285764719331
1386	0.242936685818748
1387	0.242580696615776
1388	0.242212912868709
1389	0.241829645471044
1390	0.241403523132411
1391	0.24096062534283
1392	0.240615642800322
1393	0.240320318258181
1394	0.240045638630354
1395	0.239876135513579
1396	0.239787041825663
1397	0.23966639418157
1398	0.239612991204529
1399	0.239577660994374
1400	0.239600108993903
1401	0.239599202358408
1402	0.23964658847026
1403	0.239637600349085
1404	0.239625107043457
1405	0.239650445368792
1406	0.239688743147401
1407	0.239692284028555
1408	0.239680910347624
1409	0.239676416619886
1410	0.239642910831911
1411	0.239630393927111
1412	0.239639604534793
1413	0.239654487336148
1414	0.239710401125188
1415	0.239752686492492
1416	0.239876852425816
1417	0.239953457747576
1418	0.240078528284539
1419	0.240204428635207
1420	0.240353762540413
1421	0.240496244037313
1422	0.240626543232667
1423	0.240759438297695
1424	0.240903109969479
1425	0.241046898479074
1426	0.241213800665893
1427	0.241398775269202
1428	0.241587129312297
1429	0.241768395189375
1430	0.241928414720743
1431	0.242093812658583
1432	0.242246380090651
1433	0.242391998621151
1434	0.242552021644052
1435	0.242693657690809
1436	0.242861200182717
1437	0.242954414804721
1438	0.243093467451486
1439	0.243234122688044
1440	0.243394797721716
1441	0.243584669547472
1442	0.243738159706342
1443	0.2439311340485
1444	0.24412861507514
1445	0.244285571301675
1446	0.244454651285657
1447	0.244616622213347
1448	0.244764320308307
1449	0.244912661131227
1450	0.245046063784394
1451	0.245209915694883
1452	0.245380561364119
1453	0.245569123443654
1454	0.245747826764152
1455	0.245885236119744
1456	0.24605702206813
1457	0.246197109672847
1458	0.246325156554894
1459	0.246475253090302
1460	0.246582609864334
1461	0.246724078532242
1462	0.246846178914116
1463	0.246977753091459
1464	0.247094380996996
1465	0.24723997234806
1466	0.247350828653385
1467	0.247548213578464
1468	0.247698538728141
1469	0.247875783372922
1470	0.248038956095299
1471	0.248194464597808
1472	0.248329331632488
1473	0.248515863262003
1474	0.248691220741467
1475	0.248863691089159
1476	0.249018232719367
1477	0.249176452472339
1478	0.249346294222234
1479	0.249505303362011
1480	0.249636525499294
1481	0.24981154160576
1482	0.249958186957841
1483	0.250111143533371
1484	0.250343041110468
1485	0.250527617527726
1486	0.250742120784411
1487	0.250927742515049
1488	0.2511130654482
1489	0.251291943263444
1490	0.251479683058243
1491	0.251651750211744
1492	0.251803464941919
1493	0.251960768279778
1494	0.25211382022119
1495	0.25223295627929
1496	0.252352744725997
1497	0.25251935599436
1498	0.252696121483291
1499	0.252848168514465
1500	0.253044732427419
1501	0.253205597784426
1502	0.253379601922793
1503	0.253509950469489
1504	0.253608744242915
1505	0.25375576819899
1506	0.253954545639463
1507	0.254102517726928
1508	0.254221737216353
1509	0.254386088712548
1510	0.254430973906969
1511	0.254579864087218
1512	0.254739731570666
1513	0.254913403572285
1514	0.255066021416994
1515	0.255206240184635
1516	0.255360376503022
1517	0.25551048536302
1518	0.255621757775539
1519	0.255755687115075
1520	0.255889923123731
1521	0.256011504558223
1522	0.256141749996436
1523	0.256293900482657
1524	0.256449071398262
1525	0.256564066446911
1526	0.256703416230857
1527	0.256884108946987
1528	0.256991726882369
1529	0.257097945382077
1530	0.257231387156764
1531	0.257292377547762
1532	0.257426534289973
1533	0.257566993803329
1534	0.257726407187744
1535	0.257854348079688
1536	0.257990186436073
1537	0.258063253013991
1538	0.258175298601939
1539	0.258277780949056
1540	0.258381960908058
1541	0.258473307023278
1542	0.258611407213767
1543	0.258693897070823
1544	0.258808016182745
1545	0.258966407161287
1546	0.259098700857775
1547	0.259177468489357
1548	0.259276947514474
1549	0.259388377893368
1550	0.259488550776145
1551	0.259670262498306
1552	0.259805095324295
1553	0.259904797713683
1554	0.259981389309042
1555	0.260046521759528
1556	0.26012362929053
1557	0.260245943454772
1558	0.260314767319958
1559	0.260419826577197
1560	0.260471300151336
1561	0.260579052477889
1562	0.260683336527437
1563	0.260790451164967
1564	0.26089546965108
1565	0.261017133158469
1566	0.261122907968845
1567	0.261247450698123
1568	0.261328287968994
1569	0.261439603562762
1570	0.261530202821479
1571	0.261638775566538
1572	0.261695032989009
1573	0.261783538724076
1574	0.261866226978579
1575	0.261953988139974
1576	0.262063316843265
1577	0.26217397555199
1578	0.262257950215677
1579	0.262322991610725
1580	0.26241687950947
1581	0.262544615235206
1582	0.262665573494915
1583	0.262812769279599
1584	0.262953488023967
1585	0.263031013657616
1586	0.263155658644936
1587	0.263252114769162
1588	0.263387216670359
1589	0.263506916726689
1590	0.26359727862568
1591	0.263671413640464
1592	0.263743267117864
1593	0.263909564139529
1594	0.264018679920512
1595	0.264124440187146
1596	0.264234402245996
1597	0.264348541833962
1598	0.264412820906239
1599	0.26451816767048
1600	0.264610184129851
1601	0.264678548054462
1602	0.264753767731717
1603	0.264857275978409
1604	0.264943022966705
1605	0.265003515608998
1606	0.265127304678855
1607	0.265216695758879
1608	0.265341409236143
1609	0.265459646377595
1610	0.265547661943998
1611	0.26561551158403
1612	0.265676418069363
1613	0.26576985230756
1614	0.265869352315429
1615	0.266003331431288
1616	0.266093569848029
1617	0.266271960802449
1618	0.266383556839909
1619	0.266468565847022
1620	0.266552845990713
1621	0.266655878869569
1622	0.266720307482267
1623	0.266829972730183
1624	0.266923513674346
1625	0.266965034790697
1626	0.267020259684074
1627	0.267096956690722
1628	0.267191856535708
1629	0.267276613299211
1630	0.267361781598204
1631	0.26742832910159
1632	0.267514164425023
1633	0.267636314566142
1634	0.267744182195348
1635	0.267863256515763
1636	0.267993457730857
1637	0.268035931563947
1638	0.268137831431836
1639	0.268243978349905
1640	0.268357627654547
1641	0.268441216631838
1642	0.26849676885283
1643	0.268540675629339
1644	0.268596754741439
1645	0.268636525476543
1646	0.268712001067369
1647	0.268818074361537
1648	0.26887229254053
1649	0.269000389865175
1650	0.269066372821157
1651	0.269068571971433
1652	0.269168465431298
1653	0.269257685031635
1654	0.269328164853928
1655	0.269402339927467
1656	0.269488098679552
1657	0.269590093904616
1658	0.269680185934243
1659	0.269757744667167
1660	0.2698831875963
1661	0.270039504686939
1662	0.270100995034235
1663	0.270195907406226
1664	0.270266364391149
1665	0.270355763155535
1666	0.270392131763818
1667	0.270468307684096
1668	0.270556740521482
1669	0.270620594910495
1670	0.270650927989183
1671	0.27072489543801
1672	0.270763864429429
1673	0.270820177672786
1674	0.270891641487283
1675	0.271053884196035
1676	0.271138234337701
1677	0.271191970656073
1678	0.271289132942399
1679	0.271337928130826
1680	0.271403399803914
1681	0.271407733266328
1682	0.271498083996298
1683	0.271511065204492
1684	0.271569312729891
1685	0.27168662409663
1686	0.271778714835947
1687	0.271883857561482
1688	0.271964554330589
1689	0.272102353414013
1690	0.272217424491256
1691	0.272310972195333
1692	0.272393674165198
1693	0.272548035075233
1694	0.272652890253613
1695	0.272770783539573
1696	0.272910618573375
1697	0.273012126251937
1698	0.27314051785665
1699	0.273326782029505
1700	0.273418038130023
1701	0.27345001260845
1702	0.273550472795628
1703	0.273546136813072
1704	0.273586796392409
1705	0.273668760820014
1706	0.273806360008649
1707	0.273918790741418
1708	0.273962299949685
1709	0.27401108008198
1710	0.274089847795806
1711	0.274125894817704
1712	0.274165706677237
1713	0.27418632609994
1714	0.27418436706953
1715	0.274191846618692
1716	0.274242769122541
1717	0.274269909924331
1718	0.274271235705597
1719	0.274239500832914
1720	0.274216940963764
1721	0.274107791146798
1722	0.274084509226387
1723	0.27399663574639
1724	0.273930019814899
1725	0.273851448718807
1726	0.273732498135358
1727	0.273611635517885
1728	0.273557712995206
1729	0.273493280516906
1730	0.273458139976003
1731	0.273427759495209
1732	0.273352009243306
1733	0.27325982958
1734	0.273170231286988
1735	0.273172559551532
1736	0.273142551969206
1737	0.273078907635438
1738	0.273089582603893
1739	0.273126946087275
1740	0.273140877019895
1741	0.273094544631129
1742	0.273073735411204
1743	0.27297790848932
1744	0.272842594105003
1745	0.272859792916306
1746	0.272876308414485
1747	0.272876678451534
1748	0.272880868236428
1749	0.272900788128321
1750	0.272836291018824
1751	0.272851002227771
1752	0.272812916068337
1753	0.27275020025422
1754	0.272703997670636
1755	0.272653846708791
1756	0.272689080652226
1757	0.272620954364087
1758	0.272571544093482
1759	0.272612521958985
1760	0.27265353767081
1761	0.272655941464269
1762	0.272637290280196
1763	0.272655756219978
1764	0.27258723356463
1765	0.272553431304604
1766	0.272477875171999
1767	0.272437863025073
1768	0.272357544875557
1769	0.272328038777955
1770	0.272340910135106
1771	0.272294146119832
1772	0.272305917862841
1773	0.272329997021006
1774	0.272247448632557
1775	0.272198347275287
1776	0.272177984424182
1777	0.272197978155911
1778	0.272217156445469
1779	0.272281773576034
1780	0.272280649752603
1781	0.272258930651881
1782	0.272215958918342
1783	0.272171930799062
1784	0.272146738204929
1785	0.272125759730404
1786	0.272085911868945
1787	0.272061361611264
1788	0.272082061947642
1789	0.27206599648775
1790	0.272140773132081
1791	0.272166907549395
1792	0.272267834145249
1793	0.272287978833006
1794	0.272328115235456
1795	0.272365073580146
1796	0.27242263159141
1797	0.272485751948664
1798	0.272487858827772
1799	0.272546744289448
1800	0.272556615890848
1801	0.272596291617021
1802	0.272640686226236
1803	0.272670247122643
1804	0.272734711688909
1805	0.272878845280356
1806	0.272923310723086
1807	0.272931569028126
1808	0.27297682802542
1809	0.27293896654579
1810	0.272933427229923
1811	0.273022558562806
1812	0.273099908471428
1813	0.273158019411545
1814	0.273301169113127
1815	0.273375832352083
1816	0.273408201996661
1817	0.273459147783969
1818	0.273509062655367
1819	0.273556644366784
1820	0.273623758561265
1821	0.273661551844248
1822	0.273686852890477
1823	0.273771378429503
1824	0.273830351785467
1825	0.27376122600495
1826	0.273854130460575
1827	0.273906226932292
1828	0.274022896432028
1829	0.2741695144292
1830	0.274225413196759
1831	0.274091345842484
1832	0.274124333000738
1833	0.274275571415073
1834	0.274422011516219
1835	0.274627394515067
1836	0.274667378179839
1837	0.274663744638827
1838	0.274646088005189
1839	0.27457833505536
1840	0.274456616798726
1841	0.274465282334337
1842	0.274528059802334
1843	0.274553714558876
1844	0.274517876539801
1845	0.274575314765465
1846	0.274640080969775
1847	0.274648117780809
1848	0.274740245421709
1849	0.274776036587449
1850	0.274650205171149
1851	0.274443330915694
1852	0.274338305882157
1853	0.274335358129785
1854	0.274318039368081
1855	0.274371030697264
1856	0.274347977503636
1857	0.274276722050334
1858	0.274155561956708
1859	0.274017211131893
1860	0.273932957162277
1861	0.273922990835636
1862	0.273811442304859
1863	0.273650351370644
1864	0.273494929324395
1865	0.273309069894268
1866	0.273104449270473
1867	0.272913916996627
1868	0.272755777009696
1869	0.272597902821724
1870	0.272330736504977
1871	0.271936757484904
1872	0.271579170076167
1873	0.271232124217494
1874	0.270870210108094
1875	0.270523818252706
1876	0.270115656638754
1877	0.269667783191764
1878	0.269065270277034
1879	0.26851821204634
1880	0.267828505677667
1881	0.267162660333218
1882	0.266426751014929
1883	0.265682769616868
1884	0.264908237774953
1885	0.264038126910624
1886	0.26309018455828
1887	0.262103716685816
1888	0.26105107286306
1889	0.259883961789701
1890	0.258772965745581
1891	0.257662572319364
1892	0.256410303461953
1893	0.254971370144602
1894	0.253713145184864
1895	0.252399181704182
1896	0.251058390947571
1897	0.2497814210107
1898	0.248528697582449
1899	0.247235533470456
1900	0.245782606815461
1901	0.244478579613838
1902	0.243187103017972
1903	0.242002451628535
1904	0.240737286328357
1905	0.239673567840992
1906	0.238735294172882
1907	0.237917970336678
1908	0.237075208594225
1909	0.236324016981586
1910	0.235597017223688
1911	0.234804472345221
1912	0.234228777763431
1913	0.233766889434538
1914	0.233377169098583
1915	0.23310552613041
1916	0.232840879872318
1917	0.232594596908751
1918	0.232399429440025
1919	0.232318417607967
1920	0.232370259469518
1921	0.232364252042095
1922	0.232406168613753
1923	0.232467993769795
1924	0.232543752994812
1925	0.232584790180077
1926	0.232580026971233
1927	0.232636621132018
1928	0.232715566868017
1929	0.232733028446805
1930	0.232870125644348
1931	0.233141709848755
1932	0.233291609628323
1933	0.23341167862613
1934	0.233588151680103
1935	0.233826895673959
1936	0.234016223884523
1937	0.234258943739456
1938	0.234432108724081
1939	0.234618566431311
1940	0.234748418391775
1941	0.234912192210597
1942	0.235074256945018
1943	0.235264716383041
1944	0.235371556774611
1945	0.235604008005011
1946	0.236044296269062
1947	0.236296515707059
1948	0.236478497182701
1949	0.236644533143489
1950	0.236802908247581
1951	0.236846596315946
1952	0.23703344254549
1953	0.237341699703527
1954	0.237629274135752
1955	0.237935940356083
1956	0.238209140695252
1957	0.238502003884667
1958	0.238774406891347
1959	0.23906710020097
1960	0.239302226497953
1961	0.239520903588896
1962	0.239721068452005
1963	0.239980585224769
1964	0.240247315226091
1965	0.240462115372513
1966	0.240686881864791
1967	0.240914363243794
1968	0.241078618308768
1969	0.241325927998637
1970	0.2416219517944
1971	0.24200643808003
1972	0.242274270417029
1973	0.242492819773518
1974	0.242789046121711
1975	0.243141709872832
1976	0.243410043224852
1977	0.243754168039184
1978	0.244037962070709
1979	0.244251322483911
1980	0.2445216320946
1981	0.244930295213
1982	0.24522518149349
1983	0.245539843450058
1984	0.245892824375576
1985	0.246150421437625
1986	0.246314496868201
1987	0.246608503317768
1988	0.246964099501024
1989	0.247287270575293
1990	0.24758405145351
1991	0.247922344863746
1992	0.248272363998137
1993	0.248737271143126
1994	0.249178388840223
1995	0.249722618149139
1996	0.25012900543729
1997	0.250453697317955
1998	0.250817963569157
1999	0.251156850752937
2000	0.251478710599898
2001	0.25175403892417
2002	0.252047825854747
2003	0.252426695974418
2004	0.25271058572386
2005	0.253103723942336
2006	0.253505000188989
2007	0.253889834975795
2008	0.254273476319987
2009	0.254600956040427
2010	0.254977849395205
2011	0.255232676437322
2012	0.255416114011766
2013	0.255664209925915
2014	0.255906658664834
2015	0.25620190313704
2016	0.256496464910653
2017	0.256856520925299
2018	0.257150345472179
2019	0.257376884075003
2020	0.257636779049959
2021	0.257984470787952
2022	0.258209069241937
2023	0.258465004848554
2024	0.258624292682358
2025	0.258581241172127
2026	0.258711144769469
2027	0.258858421989881
2028	0.259089498328699
2029	0.259445730543164
2030	0.259674364481164
2031	0.259852133638422
2032	0.25992072368452
2033	0.26008357292587
2034	0.260190345321683
2035	0.260352631203452
2036	0.260566595303562
2037	0.260744137963197
2038	0.26077164707672
2039	0.260865267809412
2040	0.260969181129234
2041	0.261076856147527
2042	0.261070565656647
2043	0.261123483164091
2044	0.261217853275098
2045	0.261297062063119
2046	0.261330674006904
2047	0.261384461745051
2048	0.261448835734472
2049	0.261441791877995
2050	0.261522370021435
2051	0.261721669236
2052	0.261705107095392
2053	0.261701041475427
2054	0.261806177661141
2055	0.261872521843728
2056	0.261993989328415
2057	0.26219408518158
2058	0.262298984087807
2059	0.262521385522326
2060	0.262790572749616
2061	0.263045036239403
2062	0.263343544405786
2063	0.263481220418164
2064	0.263593103834486
2065	0.263568091812739
2066	0.2635828098647
2067	0.263717421062079
2068	0.263855364537551
2069	0.26396705193691
2070	0.264039130924295
2071	0.26403869923833
2072	0.264161704755182
2073	0.264309975866161
2074	0.264464905717086
2075	0.264682664192106
2076	0.264815072081518
2077	0.264863456665015
2078	0.264941562667397
2079	0.265077511898798
2080	0.265029548786081
2081	0.265131188085296
2082	0.265241286203608
2083	0.26533849843431
2084	0.265412802132259
2085	0.265481133178358
2086	0.265453667796873
2087	0.2655626218991
2088	0.265776467957608
2089	0.265933138081479
2090	0.2660686139057
2091	0.26620900085835
2092	0.266281208840002
2093	0.266441559560553
2094	0.266529601214854
2095	0.266640892815925
2096	0.266725396659045
2097	0.266695870084455
2098	0.266844838271903
2099	0.2671024772059
2100	0.267172181971071
2101	0.267133666593144
2102	0.267164626054009
2103	0.267152800942999
2104	0.267103501582663
2105	0.267034417350549
2106	0.267058918548091
2107	0.267180870566446
2108	0.267251864634318
2109	0.267360020526341
2110	0.267485981885191
2111	0.267469878277883
2112	0.267342062014448
2113	0.267324698667419
2114	0.267418103367145
2115	0.267417287628181
2116	0.267348487174771
2117	0.267347538609941
2118	0.267387206438261
2119	0.267386326694522
2120	0.26740342469978
2121	0.267469674875187
2122	0.267548842073373
2123	0.267550782736419
2124	0.267675170474064
2125	0.267792749095253
2126	0.267743666045332
2127	0.267579589489399
2128	0.267426762201744
2129	0.267253137872175
2130	0.266954949989733
2131	0.266762106466636
2132	0.266564014060029
2133	0.266341714011408
2134	0.266167624931837
2135	0.266123695586606
2136	0.265896124102925
2137	0.265625679458824
2138	0.265363433926062
2139	0.265156811864497
2140	0.264905828732175
2141	0.264859129502566
2142	0.264722919900319
2143	0.264299885148554
2144	0.264111886981653
2145	0.263868059961512
2146	0.263546328095778
2147	0.263328584465588
2148	0.26318579307554
2149	0.262957821297572
2150	0.262744084224323
2151	0.262489154684858
2152	0.262226238589329
2153	0.262023508309951
2154	0.261853442724807
2155	0.261778540715617
2156	0.261625703338134
2157	0.261481616496737
2158	0.261366555417832
2159	0.261197312096444
2160	0.260920932566509
2161	0.26063812289664
2162	0.260319818632559
2163	0.259966089637858
2164	0.259657147416852
2165	0.259364814982452
2166	0.259090177348467
2167	0.258833345711388
2168	0.258459488826328
2169	0.258097415801422
2170	0.257732156477176
2171	0.257305161406774
2172	0.256902494358129
2173	0.256756261580623
2174	0.25655039304578
2175	0.256281169689699
2176	0.256094953231099
2177	0.255851436903107
2178	0.255502987879755
2179	0.255281062852156
2180	0.255005820360186
2181	0.254698510582043
2182	0.254543402878597
2183	0.254270027157016
2184	0.254041430932316
2185	0.253765774789938
2186	0.253347085288372
2187	0.252984780508135
2188	0.252651937419121
2189	0.252388878980203
2190	0.252141461182652
2191	0.252004409971414
2192	0.251914807556183
2193	0.251572045627881
2194	0.251113889822957
2195	0.250717156134943
2196	0.250193895388208
2197	0.249788458143594
2198	0.249700177021028
2199	0.249398863544589
2200	0.24902132974736
2201	0.248794290139873
2202	0.24858411969054
2203	0.248339639584233
2204	0.248097180009617
2205	0.2479937676589
2206	0.24784862593717
2207	0.247610355909909
2208	0.247433982405098
2209	0.247264303485947
2210	0.247189572501614
2211	0.247009677492721
2212	0.246963755373447
2213	0.247125141744822
2214	0.247197382244315
2215	0.247387411400145
2216	0.247592116187299
2217	0.247639489875902
2218	0.247836290832253
2219	0.248057872286165
2220	0.248130882858869
2221	0.248256374112322
2222	0.248301885697423
2223	0.248463670487198
2224	0.248600863648325
2225	0.248857571748971
2226	0.249388520991573
2227	0.249783294270783
2228	0.250165186580212
2229	0.250322739373663
2230	0.250256951771189
2231	0.250209401547288
2232	0.250143737061293
2233	0.250205207714867
2234	0.250434840012961
2235	0.250849472033448
2236	0.251178167300132
2237	0.251499582778301
2238	0.251721215256562
2239	0.25163531330977
2240	0.251641290511782
2241	0.251687969747157
2242	0.251670807666498
2243	0.251756865662654
2244	0.251883970479197
2245	0.25183962138704
2246	0.252034884198173
2247	0.252442227549273
2248	0.252752741374058
2249	0.253165363804041
2250	0.253390605414069
2251	0.25324807472005
2252	0.253441455587807
2253	0.25367056190493
2254	0.25394744521255
2255	0.254267387742316
2256	0.254868067669786
2257	0.25522288107733
2258	0.255460904692918
2259	0.255842229966119
2260	0.256125014851436
2261	0.25614777103585
2262	0.256268039368689
2263	0.256390310401313
2264	0.256325258519488
2265	0.256264836856149
2266	0.256305526263904
2267	0.256283867266028
2268	0.256216365687082
2269	0.25617510133118
2270	0.256167251678639
2271	0.255955742352001
2272	0.255622437547815
2273	0.255456680606125
2274	0.255264106026046
2275	0.255009947316824
2276	0.254829475358549
2277	0.25458518175197
2278	0.254214827159053
2279	0.253906031351112
2280	0.253618024767441
2281	0.253357138151214
2282	0.252880665688326
2283	0.252296691743388
2284	0.251748290899969
2285	0.25108821248395
2286	0.25046960189642
2287	0.249922050799566
2288	0.2492966707806
2289	0.248919308177364
2290	0.248467975683431
2291	0.247954221029211
2292	0.247655144253228
2293	0.247348916128683
2294	0.247210297896216
2295	0.246909327155954
2296	0.246660387004278
2297	0.246361666774007
2298	0.246108232459225
2299	0.245822488472579
2300	0.245712755253854
2301	0.245865304373865
2302	0.245594463397074
2303	0.245202146286836
2304	0.244791884391353
2305	0.244090747611591
2306	0.243620284010419
2307	0.243449831741789
2308	0.243126874321811
2309	0.242820059104968
2310	0.242397610484082
2311	0.241865522087821
2312	0.241336650189138
2313	0.240785314989009
2314	0.240213469703774
2315	0.239835370757996
2316	0.239334264365066
2317	0.238771294028078
2318	0.238307206364062
2319	0.237731035774863
2320	0.237168592775157
2321	0.236715327621929
2322	0.236327992070638
2323	0.236067006969903
2324	0.23605433581255
2325	0.235940224167839
2326	0.235836103393109
2327	0.235755877345634
2328	0.235581852521519
2329	0.235510509263105
2330	0.235468048767831
2331	0.235660138681039
2332	0.236000891593115
2333	0.236256449266354
2334	0.236526894277539
2335	0.236786704251821
2336	0.236801576235337
2337	0.237107797526213
2338	0.237861354362434
2339	0.238204224678611
2340	0.238361148647797
2341	0.23857119572017
2342	0.238506480767807
2343	0.23846977156513
2344	0.238541970736642
2345	0.238582990892783
2346	0.238292055738178
2347	0.238424333649276
2348	0.238751331261465
2349	0.238863286769779
2350	0.239325156665984
2351	0.239506134525849
2352	0.23960285415474
2353	0.239749173620205
2354	0.239357978543889
2355	0.239217476282538
2356	0.239430305476028
2357	0.239021917374241
2358	0.238579900343656
2359	0.23840037657006
2360	0.237742219795331
2361	0.237246269609006
2362	0.237278307415217
2363	0.237017403840827
2364	0.23648695183283
2365	0.236161394861784
2366	0.235889578568567
2367	0.235526026539837
2368	0.235371466587754
2369	0.235565591732214
2370	0.235339488908366
2371	0.23483873957483
2372	0.234448493787213
2373	0.233915156000846
2374	0.233373578767533
2375	0.232671447202549
2376	0.232246766971398
2377	0.231842315551013
2378	0.231224475077756
2379	0.230535371213696
2380	0.230086190549348
2381	0.229472473396307
2382	0.228979091558446
2383	0.229048992264425
2384	0.228640901733007
2385	0.227774983994205
2386	0.22716259263906
2387	0.226574797742261
2388	0.226102972077933
2389	0.22558966506276
2390	0.225245243198241
2391	0.224912450260857
2392	0.224542953212186
2393	0.224321853610409
2394	0.224042358085101
2395	0.223664239427735
2396	0.223422432312517
2397	0.223276248887679
2398	0.222948543780367
2399	0.22253708004054
2400	0.222271391269764
2401	0.221872001928098
2402	0.221682439704074
2403	0.221647424927106
2404	0.221727574620305
2405	0.221848180830198
2406	0.222065515120561
2407	0.221842751118698
2408	0.22138378068508
2409	0.221130957741552
2410	0.220543118407707
2411	0.220169305883324
2412	0.220091998291333
2413	0.21961983593724
2414	0.219241413469665
2415	0.219550035007415
2416	0.219709746655553
2417	0.219617218058335
2418	0.219764847687808
2419	0.219437654879983
2420	0.21885399286924
2421	0.218536224139495
2422	0.218162428865777
2423	0.217778488249659
2424	0.217587682928575
2425	0.217601222346606
2426	0.217833495713263
2427	0.217624114051978
2428	0.217324001767698
2429	0.217205419132923
2430	0.216823195320715
2431	0.216537552812106
2432	0.216366721161246
2433	0.216109508076052
2434	0.215799370883116
2435	0.215478063559443
2436	0.21534530137462
2437	0.21514083025406
2438	0.214520029825994
2439	0.214425429898691
2440	0.214829036056154
2441	0.214780247039869
2442	0.21480530251017
2443	0.214505493867227
2444	0.213408954677163
2445	0.213202500399544
2446	0.213768492364737
2447	0.213530953631976
2448	0.213596370419685
2449	0.213394501557111
2450	0.212439987767709
2451	0.212139985618785
2452	0.212245141613141
2453	0.211987916629981
2454	0.211563913036
2455	0.211225371021192
2456	0.210790551091331
2457	0.210418009535001
2458	0.210162826023841
2459	0.209638400829554
2460	0.208758449203312
2461	0.208482046331369
2462	0.20849052008865
2463	0.208087290334884
2464	0.208196661868554
2465	0.208057333363442
2466	0.207247743982078
2467	0.206704075324784
2468	0.206216911227177
2469	0.205861507831619
2470	0.205548312280927
2471	0.205181428847415
2472	0.20534143111794
2473	0.204835842670028
2474	0.203302604250416
2475	0.202881089261695
2476	0.20296807316322
2477	0.202508496326578
2478	0.202488861700378
2479	0.202237827274343
2480	0.201242743168338
2481	0.200801499993736
2482	0.201414511630582
2483	0.2011994470861
2484	0.200260741149615
2485	0.200053718174335
2486	0.199899531615435
2487	0.199494067673455
2488	0.199464666311956
2489	0.199230586371337
2490	0.198815466621542
2491	0.198226908712863
2492	0.197439153853531
2493	0.197212408521992
2494	0.197471061793541
2495	0.197306570662031
2496	0.198405008490346
2497	0.198404824779208
2498	0.197367831617758
2499	0.196861514594319
2500	0.196632576792198
