350	0.214409537206758
351	0.224326446780234
352	0.243008804138801
353	0.256413619588741
354	0.252294594702115
355	0.234974663903386
356	0.233589985745284
357	0.218792633820037
358	0.215421314400014
359	0.214660579517882
360	0.216072596968196
361	0.207091874563219
362	0.19859636020165
363	0.200894803858297
364	0.198287963310181
365	0.201062394947123
366	0.202818368015607
367	0.193221312283318
368	0.189016187187503
369	0.196773308399256
370	0.201379016652158
371	0.18798496575857
372	0.177051161620496
373	0.18148633998021
374	0.188717791457414
375	0.184081491315342
376	0.17565070771606
377	0.182771278085624
378	0.183863422380169
379	0.178657586104513
380	0.177287731399785
381	0.18047701588712
382	0.178048510826487
383	0.174502261444843
384	0.175758020466532
385	0.171996668535831
386	0.174795369231158
387	0.177091103297218
388	0.1717139105136
389	0.168684404150774
390	0.174611072389271
391	0.175470699213268
392	0.172522300083839
393	0.170053060374438
394	0.169351352718139
395	0.172483721548027
396	0.169902442971034
397	0.164671680755571
398	0.16357833394643
399	0.165428566618387
400	0.163853359209692
401	0.161611978125217
402	0.161695607622784
403	0.162400450792198
404	0.162799487633578
405	0.16179777865027
406	0.160191489790093
407	0.160174676399751
408	0.161942785615373
409	0.159656049438076
410	0.158906943761735
411	0.157434187065243
412	0.157871296842494
413	0.155894554045187
414	0.154948970655591
415	0.155709087554273
416	0.15645359353609
417	0.15607230362671
418	0.155538306317488
419	0.155536316115592
420	0.155493936294758
421	0.154501639266003
422	0.152848622180919
423	0.153243154704237
424	0.15266017067925
425	0.152991078036515
426	0.15243658862163
427	0.15208101179954
428	0.15245934212539
429	0.152715306936378
430	0.152187527098607
431	0.151999716113584
432	0.151780794828387
433	0.151885762745958
434	0.152478818130419
435	0.151868525919625
436	0.151587256637085
437	0.152191422060474
438	0.152300899488713
439	0.152690976910712
440	0.152595216885388
441	0.152267004872356
442	0.152761025317989
443	0.152546328241216
444	0.152456884335916
445	0.152904178234225
446	0.153314704160638
447	0.153817338550404
448	0.154149320217725
449	0.154543060341317
450	0.155229971652495
451	0.155604450514408
452	0.154890397380176
453	0.155060904220042
454	0.155840939357213
455	0.15628246642706
456	0.156213412354154
457	0.155901562037216
458	0.155926002962094
459	0.156567489243793
460	0.1569395645011
461	0.157015040085546
462	0.156968130703254
463	0.157033465505559
464	0.157212364642433
465	0.157471015391074
466	0.157435811493001
467	0.158070819703483
468	0.158400617475365
469	0.15800826917483
470	0.158156822737029
471	0.158336032074342
472	0.15833291404528
473	0.158545164710525
474	0.158700455995684
475	0.159048846541698
476	0.1592837151125
477	0.159491827141997
478	0.159291386865061
479	0.159491084984406
480	0.160119987592515
481	0.160606914693724
482	0.160414114455908
483	0.160290293813529
484	0.160914304562796
485	0.161369005108449
486	0.161300616992803
487	0.16107271154254
488	0.161437045623545
489	0.161942942151321
490	0.16207690030011
491	0.162112661426614
492	0.162572611242
493	0.162788694314052
494	0.162981873774541
495	0.16347394378848
496	0.163787988828232
497	0.164090969823167
498	0.164288095858724
499	0.164594719592196
500	0.165089183578733
501	0.165398688118004
502	0.165872087631642
503	0.166165901514716
504	0.166419284702014
505	0.16678852713759
506	0.167125454207288
507	0.167773115188807
508	0.168183419070398
509	0.168666085004774
510	0.169474206515442
511	0.169689819821638
512	0.170036224572921
513	0.170440664525976
514	0.170909955028152
515	0.171285249109928
516	0.171630049393074
517	0.172070310386697
518	0.172562479163251
519	0.173087181413022
520	0.173385406424971
521	0.173621901108233
522	0.174141126596209
523	0.17473237737262
524	0.175220599624423
525	0.175700922293769
526	0.175910984600406
527	0.176395435768912
528	0.177114524371587
529	0.177459911912622
530	0.177796894044293
531	0.178138055899614
532	0.178729723440866
533	0.179075497517067
534	0.179416587594694
535	0.179713968411344
536	0.180077368945711
537	0.180638326305848
538	0.180936406615748
539	0.181313550163244
540	0.18172842768754
541	0.182176162567321
542	0.182516947264727
543	0.182834235021649
544	0.183260187752283
545	0.183668393199035
546	0.184014303021051
547	0.184324125158942
548	0.18477569777252
549	0.185140598635627
550	0.18559536733743
551	0.186050051541772
552	0.186411652649451
553	0.186882177560706
554	0.187345169839188
555	0.187638055581253
556	0.187991181257354
557	0.188416969512233
558	0.188845960007648
559	0.189256687343944
560	0.18966347112564
561	0.190118344902378
562	0.190567804897844
563	0.190948421976707
564	0.191322745817263
565	0.191863772400535
566	0.19230864562216
567	0.192742510010333
568	0.193125748762027
569	0.193526940881239
570	0.193979325065471
571	0.194463617468954
572	0.194910972055686
573	0.195193333416794
574	0.195514081064967
575	0.195951367418089
576	0.196347023852945
577	0.196661291389597
578	0.19698728665437
579	0.197416219775078
580	0.19773786203034
581	0.198010097064884
582	0.198425981027369
583	0.198812242279814
584	0.199157124086148
585	0.199525215201485
586	0.199869207527405
587	0.200213341730353
588	0.200572454459207
589	0.200815506027591
590	0.201066507801772
591	0.201240102672609
592	0.201539325736165
593	0.201853824329088
594	0.201988351369208
595	0.20232718164208
596	0.202543937994094
597	0.202715085211467
598	0.202926955168882
599	0.203123190401686
600	0.203321339575477
601	0.203551159034115
602	0.203748991602887
603	0.203908007692853
604	0.204046046171881
605	0.204160612781872
606	0.204328439886721
607	0.204522629037759
608	0.204641617677862
609	0.204786343541194
610	0.204905340740814
611	0.20507062741545
612	0.205248666254183
613	0.205388874739792
614	0.205548814104672
615	0.205701521329299
616	0.205826082779542
617	0.205919880339305
618	0.206033686934481
619	0.206183028838508
620	0.206254983380908
621	0.206292265490258
622	0.206457547822375
623	0.206570946673823
624	0.206645775732669
625	0.206713992283534
626	0.206819320071884
627	0.206997133813283
628	0.207100174790321
629	0.207117069540969
630	0.207224514255744
631	0.207373414650576
632	0.207515615633341
633	0.207615951309908
634	0.207618116461828
635	0.207697605700703
636	0.207858137056344
637	0.207974063828311
638	0.208045706507022
639	0.208193074919236
640	0.208318517421134
641	0.208422666795687
642	0.208514571247542
643	0.208571153294242
644	0.208739004192626
645	0.208900841152847
646	0.208947420075384
647	0.209035478659722
648	0.209087996147757
649	0.209156141959843
650	0.209186826606149
651	0.20922368082296
652	0.209356963459171
653	0.209416480561051
654	0.20946961218933
655	0.209573508625138
656	0.209585342848816
657	0.20962428316964
658	0.209709830549077
659	0.209682123152939
660	0.209704026027503
661	0.209711196265537
662	0.209827238849978
663	0.209879243537034
664	0.209930047808805
665	0.209986231382451
666	0.210072669829652
667	0.210243503318226
668	0.210281591975855
669	0.210320036324905
670	0.210435144359472
671	0.21061412217406
672	0.210743754452898
673	0.210760925642265
674	0.210892045127422
675	0.211085651306879
676	0.21124407300542
677	0.211308644541807
678	0.211446161155822
679	0.211573581197339
680	0.21170725041446
681	0.211844803971665
682	0.212022340691601
683	0.212129093179823
684	0.212283172107003
685	0.212375081608577
686	0.212479490055187
687	0.212638037877383
688	0.212786809080476
689	0.212863218910547
690	0.212966626375402
691	0.212994426932046
692	0.213165134809602
693	0.213370867296729
694	0.213685870195587
695	0.214185908890718
696	0.214971831397181
697	0.215367795925423
698	0.215219167065652
699	0.214672388434634
700	0.214467642672972
701	0.214514629966726
702	0.214677348433829
703	0.214815692928934
704	0.214992273488119
705	0.215165326952565
706	0.215322632220473
707	0.215422959089413
708	0.215555813140988
709	0.21571799626015
710	0.21588721147593
711	0.216012595646025
712	0.216149891686652
713	0.216274960378145
714	0.216410030327751
715	0.21656798313235
716	0.21671707615313
717	0.216836582881854
718	0.21699065039124
719	0.217078798827996
720	0.217175887551406
721	0.21726989997064
722	0.217393287215965
723	0.217510112135143
724	0.217646988349366
725	0.217751133622142
726	0.217848721219961
727	0.217944694840287
728	0.218036406069028
729	0.218075971483981
730	0.218166464248496
731	0.218310853172512
732	0.218403092327851
733	0.218482211656241
734	0.218550737125226
735	0.218665854978203
736	0.218775059252689
737	0.218819422789435
738	0.218863588494323
739	0.218933427361897
740	0.21901661743836
741	0.219105708230851
742	0.219199115771786
743	0.219268328115138
744	0.21936366859315
745	0.219434475721813
746	0.219469884241987
747	0.219523717329946
748	0.219619958455929
749	0.219709005546732
750	0.21977151395438
751	0.219809900360535
752	0.21985040875643
753	0.219907703138988
754	0.21996749890534
755	0.219964151940691
756	0.220008367731142
757	0.220096507950305
758	0.220132276398014
759	0.220146418592771
760	0.220179919789415
761	0.220219659022539
762	0.220214102386388
763	0.220231075280035
764	0.22020696067661
765	0.220221744320189
766	0.220320058918645
767	0.220406658884876
768	0.220454899996581
769	0.220541997706766
770	0.220613281886598
771	0.220672341934499
772	0.220731525063183
773	0.220785011523778
774	0.220830740553495
775	0.220856163524246
776	0.220870067536469
777	0.220889787932901
778	0.220891314351694
779	0.220914606757336
780	0.220990849763732
781	0.22104420818306
782	0.221064809699606
783	0.221086916728184
784	0.2210650130448
785	0.221096169511146
786	0.221121000902767
787	0.221099455703649
788	0.221118763017032
789	0.221133207615505
790	0.221136751645604
791	0.221206899559637
792	0.221226136694778
793	0.221214322768473
794	0.221197691726976
795	0.221210082851155
796	0.221255035946787
797	0.221237038410458
798	0.221228239694508
799	0.22127301125598
800	0.221347937641613
801	0.221356903060942
802	0.221300997367916
803	0.221321816043862
804	0.221305532762365
805	0.221260606230759
806	0.221242173073758
807	0.221219512096531
808	0.221242041213133
809	0.221266158139913
810	0.22122978274561
811	0.221218784903619
812	0.221227765493649
813	0.221252579838297
814	0.221183173488233
815	0.221121644037948
816	0.221088991252959
817	0.221118630141025
818	0.221123115523877
819	0.221074627919867
820	0.221011095831086
821	0.221016869148138
822	0.221026642069205
823	0.220975078241218
824	0.220908616986394
825	0.220928887149859
826	0.220911340735138
827	0.220870504147492
828	0.220817503261257
829	0.220769342695988
830	0.220823049414744
831	0.220813226803521
832	0.22072913460623
833	0.220690420284119
834	0.220644022310253
835	0.220622337350465
836	0.22057921410001
837	0.220528236488494
838	0.220451013361362
839	0.220412284420275
840	0.22034801899232
841	0.220325188221176
842	0.22032634096674
843	0.220257146598067
844	0.220178679304565
845	0.22014170747821
846	0.220067312352253
847	0.219978490138676
848	0.219930120521897
849	0.219903263023729
850	0.219870832237194
851	0.219839959691874
852	0.219777357721198
853	0.21970555998656
854	0.219661037600043
855	0.219588060822865
856	0.219545464985293
857	0.219484261509878
858	0.219404165322348
859	0.219437173010086
860	0.219390225606501
861	0.219296712973511
862	0.219210607630583
863	0.219119940996431
864	0.219169591393233
865	0.219121092813347
866	0.218995871425808
867	0.21892258832914
868	0.218823467181781
869	0.218740959511701
870	0.218741812340976
871	0.218685536683308
872	0.218584777714164
873	0.218462185576211
874	0.218400795753655
875	0.218412098724436
876	0.218357278728145
877	0.218238600219555
878	0.218114901104827
879	0.218051284885094
880	0.21802026391687
881	0.217986948199107
882	0.21789372664689
883	0.217805093917042
884	0.217800392635959
885	0.21777336793573
886	0.217670410265718
887	0.217574868110574
888	0.217554115812323
889	0.217435123339078
890	0.217388692054322
891	0.217382240501141
892	0.21732458787311
893	0.217271670116629
894	0.217146704820487
895	0.217003207629138
896	0.216942158930897
897	0.216920934071101
898	0.216856490319615
899	0.216709869764488
900	0.216642475678439
901	0.216656331724677
902	0.216598904280102
903	0.216493534933481
904	0.21633599896381
905	0.216255483537508
906	0.216273857909778
907	0.216179956709573
908	0.216111396872834
909	0.216028306044777
910	0.216011918588335
911	0.215978897977521
912	0.215926643347191
913	0.215956419377171
914	0.215845349235354
915	0.215744006245689
916	0.215731918968998
917	0.21568769316182
918	0.215635929340355
919	0.215592768427234
920	0.215527243954769
921	0.21554034098824
922	0.21551797452079
923	0.215493999769721
924	0.215420167394543
925	0.215399168323373
926	0.215338798639972
927	0.215210296026144
928	0.215217217806488
929	0.215201033492083
930	0.215114590750036
931	0.215087077831927
932	0.215063858553802
933	0.214947372171828
934	0.214926446765221
935	0.214853848541031
936	0.214831807529437
937	0.214731015421678
938	0.214800515718624
939	0.214882320648733
940	0.214745182770156
941	0.214607308387806
942	0.214528096379609
943	0.214580071727823
944	0.214595886322224
945	0.214446749676692
946	0.214375184018726
947	0.214389554154534
948	0.214373967578296
949	0.214450795928318
950	0.214310242520681
951	0.214222154183393
952	0.214258400734921
953	0.214126686909721
954	0.214155914726008
955	0.214270548747865
956	0.214359572454716
957	0.214129245676004
958	0.213935186730254
959	0.214115152622509
960	0.214170166748905
961	0.214036581571665
962	0.214148829259324
963	0.214255994802984
964	0.214224916048375
965	0.214136551932016
966	0.214127487361248
967	0.214129884717787
968	0.214110214007334
969	0.214046875679375
970	0.213950277050973
971	0.214198282728818
972	0.21437387138691
973	0.214338043754612
974	0.214216201957485
975	0.214267764570038
976	0.214172945792851
977	0.21416731281676
978	0.214138540972398
979	0.214081637783705
980	0.21423746304064
981	0.214208493885997
982	0.214073266617816
983	0.214320867137736
984	0.214409344331681
985	0.214408275292884
986	0.214215826541747
987	0.214422985721372
988	0.214452580730843
989	0.21430703844305
990	0.214349440635087
991	0.214368087480527
992	0.214496797800054
993	0.214643143208392
994	0.21440284552614
995	0.214445834174232
996	0.214446974594054
997	0.214361104510036
998	0.214292220379704
999	0.214197301514942
1000	0.214522864912188
1001	0.211723786095847
1002	0.211748255719903
1003	0.211575089243488
1004	0.211446942873071
1005	0.211447522795881
1006	0.211337250314895
1007	0.211458849071169
1008	0.211580180186283
1009	0.211698788620084
1010	0.211655258728304
1011	0.211654545648421
1012	0.211496313404972
1013	0.211496567665418
1014	0.211471694253948
1015	0.211512668381778
1016	0.211488721014734
1017	0.211612885812976
1018	0.21147603080697
1019	0.211390961262475
1020	0.211368289170391
1021	0.211367558223548
1022	0.211432024968721
1023	0.211510297157889
1024	0.211441496925767
1025	0.211353494322303
1026	0.21139383031289
1027	0.21148429343038
1028	0.21139480340146
1029	0.211389580595085
1030	0.211280007675968
1031	0.211275529674485
1032	0.211210878081668
1033	0.211185105756599
1034	0.211344406468094
1035	0.211296650991089
1036	0.211242085804727
1037	0.211274805428992
1038	0.211321258440623
1039	0.211274774526142
1040	0.211295966194744
1041	0.211348346051125
1042	0.211338036822039
1043	0.211388545070199
1044	0.211363400094496
1045	0.211351638513993
1046	0.211347148757215
1047	0.211370753959229
1048	0.211291729054946
1049	0.211207529763426
1050	0.211189391829034
1051	0.211153097987389
1052	0.21113540704212
1053	0.211165047015161
1054	0.211258512065633
1055	0.211259112859786
1056	0.211204093870733
1057	0.211166023614544
1058	0.211089542629366
1059	0.211065958549336
1060	0.211093495756285
1061	0.211128072744186
1062	0.211113630372328
1063	0.211161413493614
1064	0.211218396521316
1065	0.211191754756243
1066	0.211222627390948
1067	0.211277306915285
1068	0.211288193680844
1069	0.211234319316416
1070	0.211311951126824
1071	0.211338206497663
1072	0.211304694428101
1073	0.211307071119666
1074	0.21130643391181
1075	0.21130521939874
1076	0.211358198988389
1077	0.211309947594115
1078	0.211307353713488
1079	0.21130286379311
1080	0.211340851992439
1081	0.211317770544685
1082	0.211366745025655
1083	0.211356359538165
1084	0.21138240998161
1085	0.211323871874608
1086	0.211362644382403
1087	0.211348450997507
1088	0.211364213711391
1089	0.211380270976145
1090	0.211426275880069
1091	0.211440766453194
1092	0.211472071634247
1093	0.211475276512137
1094	0.211441719406011
1095	0.21152763320312
1096	0.211520545458229
1097	0.211537447916118
1098	0.211578764164445
1099	0.211631176331112
1100	0.211750106161393
1101	0.211752309610255
1102	0.211750414507945
1103	0.211719372299762
1104	0.211739457720291
1105	0.211707590011664
1106	0.211760591142493
1107	0.211810449633949
1108	0.211833078056501
1109	0.211823243178742
1110	0.211843724568162
1111	0.211918054209956
1112	0.211924866245222
1113	0.211996374760536
1114	0.212026100103149
1115	0.212062851969991
1116	0.21211179781684
1117	0.212136244933871
1118	0.212176126303141
1119	0.212184279980466
1120	0.212209695613258
1121	0.212227513491326
1122	0.212245178658261
1123	0.212278184011302
1124	0.212262947492432
1125	0.212292725357345
1126	0.21228554162488
1127	0.212349250907668
1128	0.212410334426029
1129	0.212406129045552
1130	0.212474236005019
1131	0.2125106293692
1132	0.212565491885522
1133	0.212598083253838
1134	0.212621274280153
1135	0.212693211637008
1136	0.212724989552264
1137	0.212726892290623
1138	0.212754506219853
1139	0.212836632141307
1140	0.212888976331107
1141	0.212870714516297
1142	0.212935138344477
1143	0.212986407255877
1144	0.213020537614058
1145	0.213096021692058
1146	0.213110253678276
1147	0.213163338174651
1148	0.213115126266371
1149	0.213107943223456
1150	0.213185963421649
1151	0.213209882238728
1152	0.213335857828638
1153	0.213383371504346
1154	0.213482350252001
1155	0.21356211418649
1156	0.213605156747711
1157	0.213661502648971
1158	0.213729115624884
1159	0.213797872091542
1160	0.21384802623249
1161	0.213875723821731
1162	0.213927883873434
1163	0.213981629592496
1164	0.214033422793401
1165	0.214129235076068
1166	0.214150637674664
1167	0.214191458484589
1168	0.214327053251517
1169	0.214440873695056
1170	0.2144718568898
1171	0.21454469202163
1172	0.214588081477217
1173	0.214669021260614
1174	0.214749552961247
1175	0.214818157012271
1176	0.214930865966499
1177	0.214986908755626
1178	0.215077527582584
1179	0.215153209880566
1180	0.21523608568189
1181	0.215313922677129
1182	0.215352520887298
1183	0.215387193654228
1184	0.215453533131509
1185	0.215531007426752
1186	0.215579080447988
1187	0.215679023271724
1188	0.215773074370987
1189	0.215785680447414
1190	0.215877218037445
1191	0.215978573698809
1192	0.216059712809383
1193	0.216137111126604
1194	0.216173226903459
1195	0.216195414646231
1196	0.216256647237697
1197	0.216341484846634
1198	0.216427589993073
1199	0.216464449401442
1200	0.216575362472922
1201	0.21663542590395
1202	0.216701455376009
1203	0.216787939391603
1204	0.216864844293323
1205	0.216940653951291
1206	0.216995098882448
1207	0.217059959561305
1208	0.217108880371642
1209	0.217211209544671
1210	0.217304784535184
1211	0.21738508153082
1212	0.217446890838059
1213	0.217543691753891
1214	0.217566360385083
1215	0.21764131153151
1216	0.217743942634467
1217	0.217843759664243
1218	0.217917996555382
1219	0.218034360708156
1220	0.218114564718374
1221	0.218197129464712
1222	0.218255500095423
1223	0.218314954992214
1224	0.218402482278244
1225	0.218500622601022
1226	0.218611771771826
1227	0.218754899135662
1228	0.218852836660783
1229	0.218954037617935
1230	0.219022098848768
1231	0.219075706950813
1232	0.21916051523623
1233	0.219260199397013
1234	0.219345023648282
1235	0.219498844395576
1236	0.219562246055569
1237	0.219660644611837
1238	0.21973248778532
1239	0.219844563495058
1240	0.219886617096205
1241	0.219988968758268
1242	0.220085642283485
1243	0.220199424528131
1244	0.220339525686141
1245	0.220453812817253
1246	0.220543149706001
1247	0.220636163477317
1248	0.220727054738642
1249	0.220867071163368
1250	0.221046766509411
1251	0.22117414718221
1252	0.221244180979532
1253	0.221311924948545
1254	0.221371720435524
1255	0.221503748650448
1256	0.221594763784964
1257	0.221714253157105
1258	0.221813171734167
1259	0.221941656701062
1260	0.222109450832052
1261	0.222255680830301
1262	0.222295790491304
1263	0.222382138811509
1264	0.222509008176057
1265	0.222641280021886
1266	0.222763001334727
1267	0.222920628757876
1268	0.223069149496998
1269	0.223164046396911
1270	0.223269952295126
1271	0.223358407797094
1272	0.223469541901129
1273	0.223553874148896
1274	0.223675086218523
1275	0.22384055477801
1276	0.223954667123861
1277	0.224093976521398
1278	0.224201076002716
1279	0.224315806290758
1280	0.224424933374254
1281	0.22451547248359
1282	0.224667208797345
1283	0.224790340135214
1284	0.224926878424481
1285	0.225088176735898
1286	0.225213656038217
1287	0.225349430539166
1288	0.225439325028227
1289	0.225512807846531
1290	0.225649811127702
1291	0.225753180144854
1292	0.225929364638132
1293	0.226048496826849
1294	0.226212766916992
1295	0.226318893793796
1296	0.226394988024351
1297	0.226534251678039
1298	0.226625135213694
1299	0.226764481646183
1300	0.226915028888613
1301	0.22705834489858
1302	0.227208566793288
1303	0.227349407396121
1304	0.227502386977247
1305	0.227630063677878
1306	0.227783729347165
1307	0.227941326328326
1308	0.228068368410895
1309	0.228238832617885
1310	0.228369216080605
1311	0.228462490803452
1312	0.228597322459037
1313	0.228753813714658
1314	0.228882444005622
1315	0.229023357119059
1316	0.229188434498833
1317	0.229303434144522
1318	0.229447519036855
1319	0.229601261530374
1320	0.229730418268178
1321	0.229877106220508
1322	0.230033480266645
1323	0.230116043865239
1324	0.230209235231558
1325	0.230346422305364
1326	0.230456602351132
1327	0.230512561031557
1328	0.230645672098327
1329	0.230744809716784
1330	0.230890554932074
1331	0.231017295971903
1332	0.231168672585592
1333	0.231263561713502
1334	0.231335894533344
1335	0.231452639104921
1336	0.231565511851258
1337	0.231672352920787
1338	0.231775445870349
1339	0.231902509465205
1340	0.231953396963539
1341	0.232028139257664
1342	0.232128847963261
1343	0.232212405510839
1344	0.232287874245238
1345	0.232430655481141
1346	0.232613819761555
1347	0.232733278033078
1348	0.232852582013616
1349	0.232944136084831
1350	0.232996864384099
1351	0.23308616729019
1352	0.233192747579467
1353	0.233258925726081
1354	0.233352614161553
1355	0.233440703247537
1356	0.23351043052502
1357	0.233590810890738
1358	0.233738027459332
1359	0.233847370491962
1360	0.233926248195732
1361	0.233988956393039
1362	0.234071239852476
1363	0.23413241058911
1364	0.234120935642864
1365	0.234116914270866
1366	0.234044444268756
1367	0.233879553723083
1368	0.233759661217317
1369	0.233578531759774
1370	0.233444489597575
1371	0.233296739581905
1372	0.233094217839042
1373	0.23290395695597
1374	0.232724983447637
1375	0.232550691073936
1376	0.232401054553515
1377	0.232271902098343
1378	0.232136470001891
1379	0.232072594829722
1380	0.231941057804393
1381	0.23184410993437
1382	0.231720686365214
1383	0.231503989337328
1384	0.231280180253412
1385	0.230999527948553
1386	0.230710664339763
1387	0.230385282462544
1388	0.230035256159582
1389	0.229701591304768
1390	0.229394514122381
1391	0.229041249861793
1392	0.228718360427963
1393	0.228475327646423
1394	0.228285222394506
1395	0.228185896919936
1396	0.228149274756244
1397	0.228124979631046
1398	0.228137398756415
1399	0.228168089555304
1400	0.22826771459296
1401	0.228359702110406
1402	0.22850967098686
1403	0.228563742840364
1404	0.228631731457074
1405	0.228718432047717
1406	0.228770040619383
1407	0.228863180870408
1408	0.228957893829951
1409	0.229041957475569
1410	0.22908623878868
1411	0.22918987941098
1412	0.229294198285725
1413	0.229423997072218
1414	0.229556477061328
1415	0.229741093881171
1416	0.229922745494753
1417	0.230140324835212
1418	0.230345165829415
1419	0.230582716041105
1420	0.230821857855324
1421	0.231044128437607
1422	0.231253813679639
1423	0.231486554903948
1424	0.23172589290124
1425	0.231962804384049
1426	0.232188809201191
1427	0.232425781701827
1428	0.232637345699628
1429	0.23284061713263
1430	0.233023504632592
1431	0.23320634677106
1432	0.233409888531759
1433	0.233637378519923
1434	0.233819440639509
1435	0.234055368504456
1436	0.234244828059334
1437	0.234382039892541
1438	0.234572048828568
1439	0.234705363500408
1440	0.234887372183002
1441	0.235065577925491
1442	0.23529783024579
1443	0.235500213913527
1444	0.235688856497429
1445	0.235872985797748
1446	0.236062408875066
1447	0.236249318937114
1448	0.236417206290366
1449	0.236581655927158
1450	0.236764153813164
1451	0.236915753457711
1452	0.23710603124953
1453	0.237282129922898
1454	0.237450827623565
1455	0.237584245393115
1456	0.237745248689537
1457	0.237916692988809
1458	0.238092674575952
1459	0.238239620139015
1460	0.238396829727865
1461	0.238559399230646
1462	0.238677815145805
1463	0.238846654767716
1464	0.238990966773705
1465	0.239121447287876
1466	0.239262404664379
1467	0.239400704479204
1468	0.239500372348213
1469	0.239666778133436
1470	0.239822462724447
1471	0.239966831977203
1472	0.240135164197396
1473	0.240280348411786
1474	0.240440188956279
1475	0.240601912115663
1476	0.240736067163024
1477	0.240914344176432
1478	0.24109224923958
1479	0.241271398899823
1480	0.24148768377772
1481	0.2417130465666
1482	0.241893910552681
1483	0.242097213623549
1484	0.242299844804048
1485	0.242504247130812
1486	0.242681508562221
1487	0.242886986868995
1488	0.243061334383492
1489	0.24322953035211
1490	0.243423868868999
1491	0.243585469214276
1492	0.243732353594195
1493	0.243879644486765
1494	0.244028150876219
1495	0.244199656618652
1496	0.244374402536146
1497	0.244530820045583
1498	0.244720906797384
1499	0.244893485326792
1500	0.245061893252092
1501	0.24521175286509
1502	0.245317692201818
1503	0.24543689563467
1504	0.245583945683279
1505	0.245719338155208
1506	0.245915765801694
1507	0.246083655917032
1508	0.246252746547661
1509	0.246405985396273
1510	0.246490508526424
1511	0.246628802518385
1512	0.246762078766994
1513	0.24691475568081
1514	0.247046958106014
1515	0.247194579914537
1516	0.247316248084061
1517	0.247447003389469
1518	0.247538684091882
1519	0.247649680769524
1520	0.247816229468155
1521	0.247961374999039
1522	0.248111698668149
1523	0.248299518733505
1524	0.248442775553016
1525	0.248555911084907
1526	0.248683812232636
1527	0.24877210762317
1528	0.248900678677946
1529	0.249003177215304
1530	0.249156864174236
1531	0.249293582886743
1532	0.249415416512054
1533	0.249510115808764
1534	0.249624460935267
1535	0.249698615851578
1536	0.249821813390281
1537	0.249941716709016
1538	0.250073947034927
1539	0.250209919215242
1540	0.250334702826542
1541	0.250447009086902
1542	0.250572550627052
1543	0.25066880639564
1544	0.250770061817574
1545	0.250909135572821
1546	0.251027930792167
1547	0.251102077634147
1548	0.251187981695173
1549	0.2512897307112
1550	0.251376243264068
1551	0.251522586791836
1552	0.251609782889371
1553	0.251704255217988
1554	0.251800605577131
1555	0.251865674865212
1556	0.251962644942562
1557	0.252068834398687
1558	0.252157876377368
1559	0.252227665836007
1560	0.252334271514147
1561	0.25244378807458
1562	0.25256849672016
1563	0.252697974883528
1564	0.252823564200919
1565	0.252892514161588
1566	0.253018875258285
1567	0.253122174130918
1568	0.253223384434748
1569	0.253290585636638
1570	0.253401304644377
1571	0.253492343259633
1572	0.253568801052056
1573	0.253621692729487
1574	0.253724912560883
1575	0.25381128137912
1576	0.253906240844883
1577	0.253968061056633
1578	0.254072631987755
1579	0.25417609701778
1580	0.254290476229494
1581	0.254400582584221
1582	0.254471036686719
1583	0.25451426236712
1584	0.254603414344994
1585	0.254738394320809
1586	0.254846640501065
1587	0.254952711055039
1588	0.255071033462594
1589	0.255146829503284
1590	0.25525677239138
1591	0.255375405522008
1592	0.255467648264131
1593	0.255498153005668
1594	0.25559098456548
1595	0.255732161940947
1596	0.25578914180391
1597	0.255873101987302
1598	0.255957969409159
1599	0.256016862730579
1600	0.256092859741799
1601	0.256219031371133
1602	0.2563147122719
1603	0.256370743430415
1604	0.256439422430214
1605	0.256589598316706
1606	0.256658999924769
1607	0.256754462407817
1608	0.256862019272934
1609	0.25694628035473
1610	0.257016965824646
1611	0.257073013441592
1612	0.257153990336092
1613	0.257196459175077
1614	0.257278033401816
1615	0.257364449506646
1616	0.257436882092485
1617	0.257501087384797
1618	0.257593855467095
1619	0.257693985788791
1620	0.257797513513855
1621	0.257946554127885
1622	0.258031129800049
1623	0.258074265028106
1624	0.258188278256369
1625	0.258265650341218
1626	0.258341553031717
1627	0.258418415869576
1628	0.258494962576914
1629	0.258557574811759
1630	0.258585243175011
1631	0.258696212673371
1632	0.258763772821919
1633	0.258819954205905
1634	0.258908592038837
1635	0.259010368299217
1636	0.259080627553629
1637	0.259125802742939
1638	0.259207019642611
1639	0.259287482404714
1640	0.259379883413018
1641	0.259459465416672
1642	0.259573689015994
1643	0.259668592212339
1644	0.259743302468485
1645	0.25982309531204
1646	0.259877351348965
1647	0.25992103018608
1648	0.259995452372813
1649	0.260112940522368
1650	0.260198879866836
1651	0.26028197310528
1652	0.260359679622892
1653	0.260395684094663
1654	0.260443303670539
1655	0.260570861474306
1656	0.260673700841084
1657	0.260757435283139
1658	0.260863218694814
1659	0.261014701880818
1660	0.26115509488485
1661	0.26126824600219
1662	0.261345439574864
1663	0.261395234601682
1664	0.261482528785447
1665	0.261534322239849
1666	0.261631821925491
1667	0.261720613987155
1668	0.261828510918163
1669	0.26194588527175
1670	0.261997872976847
1671	0.262077253259899
1672	0.262182977607499
1673	0.262218497440251
1674	0.262313522037926
1675	0.262409924114798
1676	0.262561675291839
1677	0.262724479623485
1678	0.262845005309309
1679	0.262920366992269
1680	0.263053718743748
1681	0.263125463047721
1682	0.263238764199089
1683	0.263398545150869
1684	0.263525085433886
1685	0.263650737138568
1686	0.263812066071463
1687	0.263927811590255
1688	0.264033071792322
1689	0.264172018041352
1690	0.264312212531641
1691	0.26445969452976
1692	0.264567502810014
1693	0.264670967024392
1694	0.264755380481739
1695	0.264878153146082
1696	0.264997770426523
1697	0.265178061517915
1698	0.265286649420261
1699	0.265386840129547
1700	0.265506092353541
1701	0.265583500448249
1702	0.265666114845611
1703	0.265740680791081
1704	0.265811390912944
1705	0.265863021151438
1706	0.265930424706412
1707	0.265965539520494
1708	0.266044301423019
1709	0.266152200795679
1710	0.266183528286382
1711	0.266241189875026
1712	0.266362631700567
1713	0.266381871883262
1714	0.266438729403926
1715	0.266533732136923
1716	0.266548438753753
1717	0.266612243037915
1718	0.26664828987369
1719	0.266660823346291
1720	0.26663390959163
1721	0.266611042090659
1722	0.26655307534923
1723	0.266530339975373
1724	0.266505810585148
1725	0.266458978617474
1726	0.266426602345234
1727	0.266383741860913
1728	0.266327194447987
1729	0.266258163788951
1730	0.266192226941552
1731	0.266176446731118
1732	0.266098405045827
1733	0.266013173353485
1734	0.265915198090901
1735	0.26580835828559
1736	0.265715120968508
1737	0.265767278836765
1738	0.265766468339231
1739	0.265767197845868
1740	0.265803267208657
1741	0.265798095763843
1742	0.265732011671645
1743	0.26577668201186
1744	0.26572069130838
1745	0.265669772418588
1746	0.265690641938907
1747	0.265715018661594
1748	0.26566485013344
1749	0.265646525838474
1750	0.265614343086561
1751	0.265558845914143
1752	0.265532232386816
1753	0.265451295323963
1754	0.265374364733164
1755	0.265285343773205
1756	0.265212917625384
1757	0.265193539176898
1758	0.265203956503839
1759	0.265162004984769
1760	0.265154519600547
1761	0.265142893823642
1762	0.265127355440975
1763	0.265028225848683
1764	0.265045617070382
1765	0.265042909439432
1766	0.265013203048604
1767	0.265023721580385
1768	0.264938704179723
1769	0.264893230556031
1770	0.264814371659079
1771	0.264772684847279
1772	0.264753386438569
1773	0.264712487560999
1774	0.26463318906292
1775	0.264566421912587
1776	0.264515711970019
1777	0.264520233986702
1778	0.264488127703021
1779	0.264434306585655
1780	0.264514905260854
1781	0.26454078901557
1782	0.264517209069785
1783	0.264546391432886
1784	0.26458311100616
1785	0.264539732892026
1786	0.264515006711508
1787	0.264548956377844
1788	0.264582871560526
1789	0.264628677954766
1790	0.264669467879934
1791	0.264588285845024
1792	0.264522906284413
1793	0.264455254284912
1794	0.264521768110008
1795	0.264529970478303
1796	0.264597352781001
1797	0.264623000055618
1798	0.264735573522768
1799	0.264757312206277
1800	0.264773395366487
1801	0.264852010816545
1802	0.264850934997687
1803	0.264924449218007
1804	0.26499337323165
1805	0.265081646461622
1806	0.265171049621202
1807	0.265224358427657
1808	0.26529336673723
1809	0.265333918064091
1810	0.265345822762574
1811	0.265351254794644
1812	0.265293960480371
1813	0.265387218939008
1814	0.265452880179471
1815	0.265504907157445
1816	0.265542387556231
1817	0.265548012066302
1818	0.265516036886136
1819	0.265567633638724
1820	0.2656108880136
1821	0.265608697152764
1822	0.265578353582313
1823	0.265544926342811
1824	0.265611143875373
1825	0.265654923405398
1826	0.265679669024564
1827	0.265812157755513
1828	0.265852473041564
1829	0.265955504403788
1830	0.265997251684962
1831	0.265043616947188
1832	0.265154900004338
1833	0.265172627429983
1834	0.265085559158108
1835	0.265100637997793
1836	0.265179272151261
1837	0.265296333319112
1838	0.265214250428566
1839	0.265096105135371
1840	0.264976546998695
1841	0.264780114709971
1842	0.264723345975208
1843	0.264798327168545
1844	0.264923097043601
1845	0.264983695447984
1846	0.264972533965954
1847	0.264983338727603
1848	0.264968994195476
1849	0.265067017067111
1850	0.265148172128907
1851	0.265171546752364
1852	0.265237511935817
1853	0.265153127535964
1854	0.265134339176721
1855	0.265044833973819
1856	0.264987497695628
1857	0.264946611057824
1858	0.264978177290158
1859	0.264883646916247
1860	0.26472377650002
1861	0.264690565342237
1862	0.264603167493791
1863	0.264458201323324
1864	0.264356647029224
1865	0.264184423219361
1866	0.264063780459986
1867	0.263917513084146
1868	0.26381298236977
1869	0.26368212325811
1870	0.263413733417802
1871	0.263128388451541
1872	0.262885672904599
1873	0.262618604766859
1874	0.262311283508329
1875	0.262085415635933
1876	0.26176363303379
1877	0.261366093193329
1878	0.260896343945815
1879	0.260539702244803
1880	0.260088601920164
1881	0.259500577137095
1882	0.258884173188313
1883	0.258213630724901
1884	0.257399913604752
1885	0.256660650527487
1886	0.256010968055257
1887	0.255126032603873
1888	0.254219760855616
1889	0.253312063650967
1890	0.252325150704377
1891	0.251315562293416
1892	0.25027717623448
1893	0.249192340261931
1894	0.248116947208839
1895	0.246980238245933
1896	0.245882605398912
1897	0.244727573085834
1898	0.24353993622996
1899	0.242491157513885
1900	0.241499254093036
1901	0.240500709451634
1902	0.239566665848775
1903	0.238657240788952
1904	0.237706745600404
1905	0.23691775455446
1906	0.236288362619006
1907	0.235665264886917
1908	0.235005677497988
1909	0.234342997432201
1910	0.23376815822592
1911	0.233145391755366
1912	0.232661211987962
1913	0.232234605057616
1914	0.23193579412487
1915	0.231716092331422
1916	0.231571447930155
1917	0.231548685212312
1918	0.231615447062735
1919	0.231653390968783
1920	0.231739737459974
1921	0.231822878248358
1922	0.23188599369626
1923	0.231977805929008
1924	0.23202540911085
1925	0.232155206429878
1926	0.232322755222981
1927	0.232496975051046
1928	0.23266397982984
1929	0.232947033871666
1930	0.233054653293526
1931	0.233135523602724
1932	0.233227110452887
1933	0.233213255090453
1934	0.233331720990678
1935	0.233633216173468
1936	0.233793675390227
1937	0.233954599383183
1938	0.234070039059465
1939	0.234227818977917
1940	0.234240034222852
1941	0.234433131234516
1942	0.234730630572037
1943	0.234979092014095
1944	0.235280302379346
1945	0.235541659031523
1946	0.235709499279549
1947	0.235933071286332
1948	0.23613031544697
1949	0.236388642398518
1950	0.236604709075201
1951	0.236802414586296
1952	0.237018030897855
1953	0.237250882473021
1954	0.237481087646771
1955	0.237846580064803
1956	0.238033814326659
1957	0.238097696148146
1958	0.23819858274846
1959	0.23830488497332
1960	0.238402492857315
1961	0.23856435781763
1962	0.238876906474724
1963	0.239079467976671
1964	0.239245700054323
1965	0.2394319916963
1966	0.239587438613279
1967	0.239729089750131
1968	0.23973950132508
1969	0.239900636296621
1970	0.240196026410465
1971	0.240411028335867
1972	0.240649412151479
1973	0.24101797529474
1974	0.24131327163051
1975	0.241525050089423
1976	0.241792362630426
1977	0.242147509543295
1978	0.242459118512644
1979	0.242732150678931
1980	0.243001673653896
1981	0.243330455621364
1982	0.243544114491272
1983	0.243771584578692
1984	0.243964504069013
1985	0.244192379140916
1986	0.244408898617339
1987	0.244673110179676
1988	0.245046642655857
1989	0.245310870350763
1990	0.245594757308655
1991	0.245816016244729
1992	0.246044433875235
1993	0.246159954180529
1994	0.246395937068255
1995	0.246722399598992
1996	0.247038860023087
1997	0.247388642267757
1998	0.247720770010178
1999	0.248122891578331
2000	0.248500243888714
2001	0.249048814830861
2002	0.249427716865608
2003	0.249706935812461
2004	0.249954011847508
2005	0.250255100989896
2006	0.250695565174265
2007	0.251107110846253
2008	0.251682015354426
2009	0.25200705658732
2010	0.252181858719064
2011	0.252434214493757
2012	0.25254980459167
2013	0.252765937114261
2014	0.253090990623688
2015	0.253304746942723
2016	0.253583255185441
2017	0.253825731134329
2018	0.254113887481392
2019	0.254376173164532
2020	0.254573639031109
2021	0.254705227903243
2022	0.254896448593002
2023	0.255114176752784
2024	0.255388813454624
2025	0.255704830696213
2026	0.25601074889172
2027	0.256332277705151
2028	0.256582635103639
2029	0.256898053026358
2030	0.257111417322372
2031	0.257346142821636
2032	0.257482939898904
2033	0.257703196709795
2034	0.257889020802744
2035	0.258109278607212
2036	0.25833911931796
2037	0.258544668328655
2038	0.25870970902496
2039	0.258862104679971
2040	0.258992942169039
2041	0.259131615487367
2042	0.25921353245363
2043	0.259275499479493
2044	0.259398615577175
2045	0.259575303801734
2046	0.259637835637182
2047	0.259727350286393
2048	0.259759539996421
2049	0.259644630490084
2050	0.25972338992764
2051	0.25994444266886
2052	0.260087449946988
2053	0.260339139806981
2054	0.260613630208787
2055	0.260701241931887
2056	0.260772847481665
2057	0.260936724674717
2058	0.261075752495154
2059	0.261172935367372
2060	0.261232851301569
2061	0.261423540525025
2062	0.261515581811771
2063	0.261682537895029
2064	0.262005847029779
2065	0.262280568104048
2066	0.262492061063409
2067	0.262598299393728
2068	0.262628220151345
2069	0.262810031425573
2070	0.262818307682438
2071	0.262917155617246
2072	0.263007735992877
2073	0.263179210025979
2074	0.263238782462401
2075	0.263191286315492
2076	0.263227777522561
2077	0.263232794014364
2078	0.263309253702758
2079	0.263417549419052
2080	0.263632437148503
2081	0.263825709576677
2082	0.263959669414735
2083	0.263989319628712
2084	0.263984772734622
2085	0.26414665908508
2086	0.264298887678099
2087	0.264501984818839
2088	0.264841521543458
2089	0.265028959400599
2090	0.265064701937101
2091	0.265171756866976
2092	0.265308532163625
2093	0.265333472164803
2094	0.265447636246515
2095	0.265635001359296
2096	0.265626304701023
2097	0.265727242391249
2098	0.265769005127398
2099	0.265610066764282
2100	0.265645510384894
2101	0.265807307594257
2102	0.265836499461937
2103	0.26586829541294
2104	0.265914984055587
2105	0.265854793372786
2106	0.265844908445653
2107	0.265944012957708
2108	0.266005894232237
2109	0.26597028027342
2110	0.26601261320471
2111	0.266104146616989
2112	0.266131530600598
2113	0.266183090512273
2114	0.266402692944636
2115	0.266433169282288
2116	0.266350964702357
2117	0.266381456743617
2118	0.266407475244411
2119	0.266471620269286
2120	0.266595091737632
2121	0.26672692581179
2122	0.266880253785805
2123	0.266997231751745
2124	0.266921524104723
2125	0.266837483993921
2126	0.266764847215324
2127	0.266580504756854
2128	0.266449789382428
2129	0.266483611246194
2130	0.266312985429744
2131	0.266013379302815
2132	0.265780034648759
2133	0.265515752947309
2134	0.265306233775917
2135	0.265163924068072
2136	0.264900695816355
2137	0.264616140167781
2138	0.264288113158426
2139	0.263878487772205
2140	0.263467437728671
2141	0.26337898499341
2142	0.263218268005532
2143	0.263078424954413
2144	0.262973843334714
2145	0.262734420907162
2146	0.262439259037575
2147	0.262254933821319
2148	0.262272961800657
2149	0.262148651548654
2150	0.26199867910154
2151	0.261917909370072
2152	0.261786623100316
2153	0.261653522553151
2154	0.261485531253793
2155	0.261491957547035
2156	0.261400512535507
2157	0.261207520968877
2158	0.261085136941689
2159	0.260966967548402
2160	0.260703617610902
2161	0.260550828809057
2162	0.260364718085867
2163	0.259991396396387
2164	0.259611307049623
2165	0.25916842490005
2166	0.258750900263265
2167	0.25835715672953
2168	0.257946991408713
2169	0.25755832318115
2170	0.257156492924227
2171	0.256833654902662
2172	0.256525456957325
2173	0.256077943460713
2174	0.255916861947581
2175	0.255816229944774
2176	0.255372844363381
2177	0.255008117766266
2178	0.254839697400582
2179	0.254605175401357
2180	0.254391224883252
2181	0.254120712035671
2182	0.25377393318495
2183	0.253535338849476
2184	0.253268670438416
2185	0.253027865825127
2186	0.252960111951172
2187	0.252745709740931
2188	0.252506516193262
2189	0.252205427794603
2190	0.251850954522409
2191	0.251507871051822
2192	0.250994527957127
2193	0.250520348384978
2194	0.250181723727582
2195	0.249785532316536
2196	0.249298239538795
2197	0.249089225681773
2198	0.248983728221058
2199	0.248680705960491
2200	0.248451040719346
2201	0.248066501237734
2202	0.247657539534355
2203	0.247031833706177
2204	0.246706168425408
2205	0.246560371039973
2206	0.246331446373707
2207	0.246165067130655
2208	0.246024813956255
2209	0.245766339181028
2210	0.245606409433581
2211	0.245588836055855
2212	0.245557465220287
2213	0.245492698554865
2214	0.245491289354385
2215	0.245704440317844
2216	0.245886920963455
2217	0.245972029370414
2218	0.24618403290365
2219	0.246316563193049
2220	0.246498161437954
2221	0.246687945276589
2222	0.246902276944635
2223	0.247102410846844
2224	0.247156012880497
2225	0.247243665493991
2226	0.247452241902794
2227	0.247634154956793
2228	0.247800893693485
2229	0.247952600997392
2230	0.248188248960561
2231	0.248321516686829
2232	0.248280414692044
2233	0.248491883533488
2234	0.248757140867928
2235	0.248883431616638
2236	0.249151603556686
2237	0.249319372306341
2238	0.249464668094218
2239	0.249560978825241
2240	0.249728195678478
2241	0.249922816155336
2242	0.250141544813841
2243	0.250450891768465
2244	0.25074880887973
2245	0.251055764560135
2246	0.251469140552669
2247	0.251894149907847
2248	0.25220253716742
2249	0.252544877391308
2250	0.252902606775427
2251	0.253160675072238
2252	0.253534756378861
2253	0.253850589947948
2254	0.254219427798536
2255	0.25453826979602
2256	0.254911142151088
2257	0.255319251601929
2258	0.255836959963219
2259	0.256197447142875
2260	0.256502649368516
2261	0.256738697440283
2262	0.256825660544907
2263	0.256748300273668
2264	0.256680933412945
2265	0.25667736789337
2266	0.256802907973265
2267	0.256899676038949
2268	0.256976705109715
2269	0.256889670533881
2270	0.256436724770458
2271	0.256226010350372
2272	0.256104527916666
2273	0.255988853121431
2274	0.255962340414969
2275	0.255905869972864
2276	0.255655592206915
2277	0.255462899315364
2278	0.255313488266122
2279	0.255057561015411
2280	0.254722299086427
2281	0.254426593534259
2282	0.254102289956047
2283	0.253741504593481
2284	0.253450048782318
2285	0.25316236119422
2286	0.252644238540068
2287	0.252099122613919
2288	0.251513306434311
2289	0.251125059669258
2290	0.250950784518236
2291	0.250754137296033
2292	0.250540168389658
2293	0.250175086164092
2294	0.249804197066533
2295	0.249318021025655
2296	0.24897393153869
2297	0.248714059380434
2298	0.248364390317948
2299	0.247887154646182
2300	0.247625272067576
2301	0.247354457342819
2302	0.247196720245419
2303	0.247210032736305
2304	0.247023801649499
2305	0.246823870765953
2306	0.246471929697239
2307	0.2458267483129
2308	0.245346586273648
2309	0.24492251955236
2310	0.244451201908159
2311	0.24408293614564
2312	0.24381631291636
2313	0.243217854437824
2314	0.242388860809582
2315	0.2419217074836
2316	0.24132510505949
2317	0.240834853486783
2318	0.240474931794704
2319	0.239874995531919
2320	0.239200556402569
2321	0.23856310558973
2322	0.238262668265086
2323	0.238176436226898
2324	0.237875464733581
2325	0.237594434995629
2326	0.237439286580932
2327	0.237364846688865
2328	0.237398684575926
2329	0.237334483045094
2330	0.237370248226587
2331	0.237215179285165
2332	0.236839399875683
2333	0.236859796389424
2334	0.237128052637587
2335	0.237390357058962
2336	0.237851405290973
2337	0.238162210319258
2338	0.238403016982846
2339	0.238748340694211
2340	0.23923210250772
2341	0.239507848957472
2342	0.239675235189789
2343	0.23989313032664
2344	0.240184881067086
2345	0.240422261234255
2346	0.240599913366613
2347	0.240760477391665
2348	0.240795309025239
2349	0.240658244019323
2350	0.240698022020883
2351	0.240803698957483
2352	0.240896344169076
2353	0.240734222917859
2354	0.240419214878146
2355	0.240393861349287
2356	0.240266744520153
2357	0.239932890904266
2358	0.239990824925558
2359	0.239643441755262
2360	0.239092593474118
2361	0.239029011247701
2362	0.238699724472724
2363	0.238254689361949
2364	0.23843369940098
2365	0.238312642543874
2366	0.238119886618206
2367	0.238068755265626
2368	0.237647540564476
2369	0.236661256767895
2370	0.236299750377317
2371	0.236048915117519
2372	0.235735281341102
2373	0.235764043055629
2374	0.235446071747663
2375	0.234886077912685
2376	0.234327262287231
2377	0.233633326837327
2378	0.232951268938006
2379	0.232245200608952
2380	0.231730997252344
2381	0.23150549643463
2382	0.231096727049955
2383	0.230904275901428
2384	0.230505676163844
2385	0.229870617052024
2386	0.229345396424279
2387	0.2287982444721
2388	0.228338379453854
2389	0.228213492009841
2390	0.227883132195277
2391	0.227606059579889
2392	0.22725094412017
2393	0.226568492939508
2394	0.22622193818713
2395	0.226116801056167
2396	0.225968389738525
2397	0.226296295245946
2398	0.226147211753166
2399	0.225780359686184
2400	0.225420975515681
2401	0.22517240497193
2402	0.224912585814282
2403	0.224538039564174
2404	0.224435749778268
2405	0.224199142659153
2406	0.224098945662332
2407	0.224030366049855
2408	0.223738015360831
2409	0.223497970158288
2410	0.223026909157623
2411	0.222822082443642
2412	0.222763416046682
2413	0.222448418123655
2414	0.222020259223852
2415	0.221809018836444
2416	0.221546262354833
2417	0.221599003272142
2418	0.222052580225556
2419	0.221818766267129
2420	0.221534254940902
2421	0.221570870854244
2422	0.221238388160682
2423	0.221299794924238
2424	0.221495683717058
2425	0.22143869117023
2426	0.221120876610139
2427	0.220932893521336
2428	0.220523575923536
2429	0.220134979843811
2430	0.219587917123385
2431	0.219319935743471
2432	0.219020410843424
2433	0.218978551112377
2434	0.219271988929545
2435	0.219275355045918
2436	0.21926697216427
2437	0.219088528511952
2438	0.218403011999681
2439	0.218332920061508
2440	0.218389408737288
2441	0.218259366289032
2442	0.218587851225999
2443	0.218526972731774
2444	0.218206095690257
2445	0.218033774807803
2446	0.218223473551683
2447	0.217796604381941
2448	0.217101239193473
2449	0.216700242937371
2450	0.216058055130944
2451	0.215669552316318
2452	0.215695018665219
2453	0.215688398798228
2454	0.215471020748782
2455	0.215388349416333
2456	0.215303070712088
2457	0.215193137385933
2458	0.214954205825275
2459	0.214815157353056
2460	0.214692250590756
2461	0.214455616343256
2462	0.213940536759289
2463	0.21345303536931
2464	0.212909650599748
2465	0.212434376187619
2466	0.212161687994964
2467	0.211530659659589
2468	0.210829589057253
2469	0.210384794602228
2470	0.209876498489738
2471	0.209416376440458
2472	0.209300345216802
2473	0.208959003858385
2474	0.208091607545639
2475	0.207850178563005
2476	0.208332246508262
2477	0.208201600890301
2478	0.207860043667358
2479	0.20780830089188
2480	0.207744902852059
2481	0.207381511491461
2482	0.206888116709335
2483	0.206600416828724
2484	0.205380040227309
2485	0.205097960650996
2486	0.205884180022381
2487	0.205728873548167
2488	0.205105152409495
2489	0.205129455552203
2490	0.205017025671808
2491	0.20487827807034
2492	0.205367628831289
2493	0.205305902323862
2494	0.204470307222261
2495	0.204279365851709
2496	0.204074100195124
2497	0.203830146204645
2498	0.204027596501578
2499	0.203891935294196
2500	0.203417292296446
