350	0.222277874873893
351	0.247976319922677
352	0.227744917581982
353	0.225646727757275
354	0.228234739169229
355	0.223117696205553
356	0.211648356656547
357	0.201470025916642
358	0.195556196277008
359	0.196874466600264
360	0.200677131425054
361	0.1960825688251
362	0.198720835301138
363	0.194336397411523
364	0.19572936612497
365	0.195662696653503
366	0.19857540608108
367	0.193665568168994
368	0.190458164943737
369	0.188563529229701
370	0.187236894018625
371	0.18334310736736
372	0.174916145355105
373	0.175908958746087
374	0.18410712299687
375	0.18001299324916
376	0.176094585603933
377	0.182517623600248
378	0.187387723588923
379	0.178700267220903
380	0.179913474149206
381	0.182384414775739
382	0.177484649010903
383	0.173993425945281
384	0.177578737125767
385	0.175930564610822
386	0.170714620945953
387	0.171814873442334
388	0.169266710681922
389	0.173735443112912
390	0.175861439944241
391	0.169267543043184
392	0.168284211342091
393	0.170118336757753
394	0.17095036441332
395	0.168092894223414
396	0.166851204455612
397	0.165323789495797
398	0.163444422978699
399	0.164113855887909
400	0.162697191975441
401	0.16166374882566
402	0.161797205687112
403	0.16371864702282
404	0.163129304342416
405	0.160352554256492
406	0.161840140135279
407	0.163186888037786
408	0.161396383539993
409	0.158933676186206
410	0.161310641406856
411	0.159548687352528
412	0.158156649110178
413	0.156283929016556
414	0.157279642636011
415	0.157366719992226
416	0.156589137569097
417	0.155061514524485
418	0.155380037086396
419	0.156841528507365
420	0.15569874656117
421	0.153710575393879
422	0.153450480159053
423	0.154235829508975
424	0.153083174730077
425	0.153006968983906
426	0.153505546063236
427	0.153770510499427
428	0.153616828015574
429	0.153398271529936
430	0.153959147506054
431	0.153758016565277
432	0.153463314360863
433	0.153574585122828
434	0.153718346501805
435	0.153313966924173
436	0.153979038111491
437	0.154055644365838
438	0.153593698251388
439	0.153780579694675
440	0.154733025070397
441	0.154544950393351
442	0.154093890608857
443	0.154295432893408
444	0.154865934507814
445	0.15515733613358
446	0.155222743789969
447	0.155658266283252
448	0.156430164467643
449	0.157132943031114
450	0.157235536499769
451	0.157012896721661
452	0.157225725842735
453	0.157774180104634
454	0.157957146036038
455	0.158431706911646
456	0.158472732956519
457	0.158717805521377
458	0.159087452066192
459	0.159257341645706
460	0.159357204063335
461	0.159517567187496
462	0.159591876467009
463	0.160077445686272
464	0.160119923721757
465	0.160398393285686
466	0.160649164701853
467	0.160718001069722
468	0.161117238305239
469	0.161214323084233
470	0.161299202201532
471	0.161594912240995
472	0.161630274763958
473	0.161930745871399
474	0.16239075064937
475	0.162597503472142
476	0.162543386466001
477	0.162520468657515
478	0.163025748677852
479	0.163328661694114
480	0.163327336228259
481	0.16366353943665
482	0.163788533751066
483	0.164041452144388
484	0.164530712569796
485	0.164967495979782
486	0.165128037024956
487	0.165317038594828
488	0.165519249189758
489	0.16594694993828
490	0.166183652139612
491	0.166230561159154
492	0.166442742925458
493	0.166661178507664
494	0.166842086219076
495	0.167189189274119
496	0.167581213835759
497	0.168146210741137
498	0.168362624076405
499	0.168489216306947
500	0.169171031307428
501	0.169673987533858
502	0.170284638783547
503	0.170492089138867
504	0.170854075638779
505	0.171410737847708
506	0.172016923479101
507	0.172383402759795
508	0.172804619069003
509	0.173306866651143
510	0.173898957141421
511	0.17404857710714
512	0.174719988858534
513	0.175327851149178
514	0.175907488991849
515	0.176220299786629
516	0.176502069220179
517	0.177048220210855
518	0.177790803309634
519	0.17822576923561
520	0.17854045905323
521	0.179073563421544
522	0.179729242063927
523	0.180121217472612
524	0.180562408585093
525	0.181083219501433
526	0.18162689576375
527	0.182021144125857
528	0.182476418888996
529	0.18307661132278
530	0.183634008598174
531	0.183983314188782
532	0.184369860017716
533	0.18475476618582
534	0.185182698077489
535	0.18559124146948
536	0.186063433445803
537	0.186616195765502
538	0.187063115994593
539	0.187478970559893
540	0.187900060518481
541	0.188278088221119
542	0.188709435111184
543	0.189147497047705
544	0.189579537868202
545	0.189923884147549
546	0.190325667526665
547	0.190845275747743
548	0.19126699924816
549	0.191684428924224
550	0.192169535709099
551	0.192633815630911
552	0.193117411933157
553	0.193617436320247
554	0.194097006907632
555	0.19440108031571
556	0.194781036454501
557	0.195264834390887
558	0.195787214022625
559	0.19615156043672
560	0.196635159766455
561	0.197159015125084
562	0.19755674349535
563	0.19801329725797
564	0.198515096108277
565	0.199035200274512
566	0.199553274410398
567	0.200008237139552
568	0.200469566430694
569	0.2010143360664
570	0.201508602697063
571	0.201960303020609
572	0.202350860774136
573	0.202798509879948
574	0.20323378372548
575	0.203628613676095
576	0.203953007242941
577	0.204449236544903
578	0.204844030220187
579	0.20525407952568
580	0.205642250134827
581	0.206034958417411
582	0.206523943018767
583	0.206863757630848
584	0.20726204259031
585	0.207604806412673
586	0.207953926453888
587	0.208339180069049
588	0.208753970055808
589	0.209019420796999
590	0.209313538164034
591	0.209666008597209
592	0.209965917987855
593	0.210236500730342
594	0.210496323380388
595	0.210912552179297
596	0.211124154148322
597	0.211272570179699
598	0.21153201646634
599	0.211841237972894
600	0.212152979756845
601	0.21235379925995
602	0.212519927153016
603	0.21278536743104
604	0.212978307726437
605	0.213099684295863
606	0.213247430610295
607	0.213496562515676
608	0.213630757151404
609	0.213709668810918
610	0.213873814088467
611	0.214068448085996
612	0.214259760333939
613	0.2143820849541
614	0.214556807781882
615	0.214731367800166
616	0.214814053078744
617	0.214981024847113
618	0.215132108694992
619	0.215262342031536
620	0.215356746954042
621	0.215476831786957
622	0.215691686225701
623	0.215857566351233
624	0.215903893410118
625	0.215998383292583
626	0.216174687361432
627	0.216346280050507
628	0.216466475136435
629	0.216568222550472
630	0.216749704761879
631	0.216884554690012
632	0.217009959532221
633	0.217126258756361
634	0.217225711882152
635	0.217398178972674
636	0.217521182646385
637	0.217624086323752
638	0.217800599223396
639	0.217987107136856
640	0.218142489368171
641	0.218256978140465
642	0.218376395040144
643	0.21847726395657
644	0.218643653262986
645	0.218807940217819
646	0.21891343994814
647	0.218983875186797
648	0.219101882049753
649	0.219161389934213
650	0.219191188153241
651	0.219222248601159
652	0.219399320301265
653	0.219484645963308
654	0.21951160116802
655	0.219611920448226
656	0.219685222051955
657	0.219749067401032
658	0.219804371160814
659	0.219831766502103
660	0.219884192604194
661	0.219982662177587
662	0.22007932237416
663	0.220093346443585
664	0.220212865290723
665	0.220279078315513
666	0.220399153275494
667	0.220486898671072
668	0.220501684132072
669	0.220605171350396
670	0.220732086124576
671	0.220840854734192
672	0.221030262394313
673	0.221126091328494
674	0.221245092819813
675	0.221432408835431
676	0.221593155878039
677	0.221785595763437
678	0.221954243164739
679	0.222076795394013
680	0.222217323092461
681	0.222416554341719
682	0.222624424973957
683	0.222753486169526
684	0.222906798824067
685	0.223075809942458
686	0.223234122398509
687	0.223407081590689
688	0.223548494853496
689	0.223688364931846
690	0.223839482794487
691	0.223909608641684
692	0.224072072996114
693	0.224321081444996
694	0.224661801494423
695	0.225218467456388
696	0.226031136666303
697	0.22639774856655
698	0.226215843383639
699	0.225764620495115
700	0.225669496359781
701	0.225716245512001
702	0.225870697212382
703	0.226071138628625
704	0.226201226805733
705	0.226382267658975
706	0.226534772860201
707	0.22670921222756
708	0.226894111196123
709	0.227013052346873
710	0.227184071748058
711	0.227363523591543
712	0.227537388827649
713	0.227647493844359
714	0.227819229869936
715	0.228014802560055
716	0.228215424583521
717	0.228355932240896
718	0.228527180411259
719	0.228680509260961
720	0.228835486745491
721	0.228969229828512
722	0.229097563231739
723	0.229196661903169
724	0.229310566469947
725	0.22943693973845
726	0.229548677502358
727	0.229640780727426
728	0.229744102021805
729	0.229859252808699
730	0.23000351902653
731	0.230129963382199
732	0.230168052977173
733	0.230257389173392
734	0.230370623395497
735	0.230507856547142
736	0.230594805332027
737	0.230686875704185
738	0.230819196061084
739	0.230956310891027
740	0.231020654009749
741	0.231089632685187
742	0.231205272210179
743	0.231299989868334
744	0.231356549414382
745	0.231417443655232
746	0.23149734708898
747	0.231614550994243
748	0.23171642634575
749	0.231764256289556
750	0.231830268045264
751	0.231877001781264
752	0.231974473056762
753	0.2320240374597
754	0.232057535026252
755	0.232086555690177
756	0.232170972214758
757	0.232255020343999
758	0.232283696481958
759	0.232320006677423
760	0.232391039056755
761	0.232496551329092
762	0.23253023546892
763	0.232549002768458
764	0.232542559758316
765	0.232600335630753
766	0.232680984940663
767	0.23273609514953
768	0.232829156498713
769	0.232954993905626
770	0.233003224108456
771	0.233048678933685
772	0.233101439918242
773	0.233156227943518
774	0.233201472129924
775	0.233241505650512
776	0.23330070986933
777	0.233394484872273
778	0.233475415904627
779	0.233485166908657
780	0.233496757215571
781	0.233596356483357
782	0.233645829876805
783	0.233663702774511
784	0.233679986481643
785	0.233765268026165
786	0.233833454981094
787	0.233832729312543
788	0.233835954478933
789	0.233839674188671
790	0.233879105655495
791	0.233931234412229
792	0.233957666243417
793	0.234007956350346
794	0.234045118058967
795	0.234049603747309
796	0.234033825134258
797	0.234045161392015
798	0.234137632616586
799	0.234186020632904
800	0.234161491491725
801	0.234133186851917
802	0.23417729869513
803	0.234232514182271
804	0.234210043587754
805	0.2341840218891
806	0.234189164336391
807	0.23422259938053
808	0.234228999696179
809	0.234197998616389
810	0.234189222268941
811	0.234244148136173
812	0.23425461056621
813	0.234226304902953
814	0.234165077523378
815	0.234213766603291
816	0.234223922728394
817	0.234234244310138
818	0.234176748206208
819	0.234185032090096
820	0.234207841439579
821	0.234241285015423
822	0.234199610721698
823	0.234136816872231
824	0.234133793649933
825	0.234161206160659
826	0.234126190338153
827	0.234100268766922
828	0.234092185370584
829	0.23406822332063
830	0.234039997230143
831	0.234015513686863
832	0.233929179582043
833	0.23390893523354
834	0.233890879885297
835	0.233859584883027
836	0.233788424403512
837	0.233742203967992
838	0.23368591208381
839	0.233650700601819
840	0.233598265255104
841	0.233594078859473
842	0.233573198716636
843	0.233532183191693
844	0.233455360956916
845	0.233381956883999
846	0.233329183022015
847	0.233287780240545
848	0.233207884854952
849	0.233211354356671
850	0.233171677302016
851	0.233040352173921
852	0.233044475656616
853	0.233041135569636
854	0.23299360092176
855	0.232847013605422
856	0.232760833650696
857	0.232737133386075
858	0.232713177188139
859	0.232701667090491
860	0.232573027754465
861	0.232493622022834
862	0.232477155086293
863	0.232454619835078
864	0.232393789865466
865	0.232266190659267
866	0.232189149797669
867	0.232194696508117
868	0.23207571923723
869	0.232008302097788
870	0.231972938452458
871	0.231908291723809
872	0.231796073440171
873	0.23175716839944
874	0.23171166163553
875	0.231702231831356
876	0.231587206853973
877	0.231526811423761
878	0.231421043891538
879	0.231370041164592
880	0.23137475991084
881	0.231260887932261
882	0.231115299481756
883	0.231105561673834
884	0.231092607164891
885	0.231064469312725
886	0.230966188186554
887	0.23083295949948
888	0.230790866600078
889	0.230759597716291
890	0.230676638894287
891	0.230655275510697
892	0.230582814583095
893	0.230465206214083
894	0.230385538423551
895	0.230377084563394
896	0.230288050665092
897	0.230149820414111
898	0.230030972102665
899	0.22991507736815
900	0.229940189585586
901	0.229904686119361
902	0.229827980158519
903	0.229731781331591
904	0.229654135587218
905	0.229657589525998
906	0.22965824290444
907	0.229498841226053
908	0.229464133562386
909	0.229437817382944
910	0.229431211903216
911	0.229419997146287
912	0.229242516635871
913	0.229232744304663
914	0.229144862188956
915	0.228960345608506
916	0.229023666755758
917	0.22908849284874
918	0.22899040844744
919	0.228863733249748
920	0.228812691158175
921	0.228842055951355
922	0.228761779792151
923	0.228731536133891
924	0.228779054771116
925	0.228694393685071
926	0.228583488759016
927	0.228499471463327
928	0.228430164669934
929	0.228482395144004
930	0.228501507441503
931	0.22850468105747
932	0.228489965946238
933	0.228466852894067
934	0.228342956879296
935	0.228213921180139
936	0.228118353483589
937	0.228171556231228
938	0.22815090119136
939	0.228130853122354
940	0.228054542142356
941	0.227954342857131
942	0.227909722288639
943	0.22793035013297
944	0.227889917989056
945	0.227891150736257
946	0.227818691092697
947	0.227771162892315
948	0.227820186778166
949	0.227676729321346
950	0.227605493506925
951	0.227568677361914
952	0.227464598793455
953	0.227523491281159
954	0.227500391845804
955	0.227470526155216
956	0.227466074221277
957	0.227479268994373
958	0.227449019788536
959	0.227565145608771
960	0.22750852849613
961	0.227444240804319
962	0.227504164479206
963	0.227545871538019
964	0.227497395133857
965	0.22748436066424
966	0.227453713843346
967	0.227639166137267
968	0.227602858277141
969	0.227526546823257
970	0.22757673139249
971	0.227685962795942
972	0.227588240729124
973	0.22742075172722
974	0.227576656609149
975	0.227689617855638
976	0.227572224702053
977	0.227686461963624
978	0.227639949869808
979	0.227544600400423
980	0.227578924279814
981	0.227546690048968
982	0.227570318078503
983	0.227801723265569
984	0.227893523410922
985	0.227868551052932
986	0.227955442248615
987	0.227968811430528
988	0.22778225202484
989	0.227692928864006
990	0.227750671925645
991	0.227856276474917
992	0.227741065030424
993	0.227988108293226
994	0.227951693942042
995	0.227949457987991
996	0.227950625626893
997	0.227862065373435
998	0.227873718467909
999	0.228041004824859
1000	0.228201759095855
1001	0.228266218314475
1002	0.228141630701805
1003	0.228110224914928
1004	0.228035734495501
1005	0.228053055736275
1006	0.228190015587747
1007	0.22820615544333
1008	0.228231637242797
1009	0.228247322229008
1010	0.22820172029857
1011	0.228217395676288
1012	0.228343213226401
1013	0.228357848282575
1014	0.228289876123327
1015	0.228174164935304
1016	0.228049599962079
1017	0.228075942906654
1018	0.228066031901015
1019	0.22809024546954
1020	0.228080364813642
1021	0.228131587827124
1022	0.228096491617179
1023	0.228087116090049
1024	0.228136587142636
1025	0.228026113448426
1026	0.227967961637034
1027	0.228137927640199
1028	0.228161732626567
1029	0.228161182030958
1030	0.228077742323187
1031	0.228077697365133
1032	0.228065513842621
1033	0.228145045955613
1034	0.228078671127858
1035	0.228032205735125
1036	0.227957170429071
1037	0.227889069123132
1038	0.22787508097758
1039	0.227930248297954
1040	0.227870049956678
1041	0.227924602323535
1042	0.22788508586474
1043	0.227882648401956
1044	0.227861686477045
1045	0.227913940167599
1046	0.227914790087693
1047	0.227852430852865
1048	0.227780680392319
1049	0.227779362648351
1050	0.227772602381766
1051	0.227803720170274
1052	0.227796907471193
1053	0.227714524018221
1054	0.227637402903918
1055	0.227660055077026
1056	0.227554014945615
1057	0.22759843358276
1058	0.227690439144384
1059	0.227687241862591
1060	0.227694877297183
1061	0.227737163688709
1062	0.227787204181066
1063	0.227748625791054
1064	0.227761999508274
1065	0.2278185378042
1066	0.227764919525181
1067	0.227723019663033
1068	0.227680292040268
1069	0.227693152359292
1070	0.227718878534568
1071	0.227605441477794
1072	0.227632544109734
1073	0.227667668734587
1074	0.22777116602896
1075	0.22773041505972
1076	0.227730352923975
1077	0.227789732075393
1078	0.227803255139086
1079	0.227728076456644
1080	0.227773421543349
1081	0.227813618626978
1082	0.227864157122525
1083	0.227862854853482
1084	0.227854989221266
1085	0.227860681659652
1086	0.227844067327688
1087	0.227816221078555
1088	0.227761653120708
1089	0.227844744379309
1090	0.227853579458782
1091	0.227909301600222
1092	0.228013532639979
1093	0.228020067837897
1094	0.227923484058844
1095	0.22794616286239
1096	0.227953493556453
1097	0.227908534164742
1098	0.227988318342765
1099	0.228047913645711
1100	0.22801265552604
1101	0.227980059196124
1102	0.228080800292321
1103	0.228125290716523
1104	0.228104433773496
1105	0.228127806923852
1106	0.228166406069482
1107	0.228177341041942
1108	0.228215188657879
1109	0.228267842184029
1110	0.228303026788537
1111	0.228283228768179
1112	0.228243715470753
1113	0.228257408403657
1114	0.228234572768607
1115	0.228309688503306
1116	0.228391461022607
1117	0.228397796323873
1118	0.228427497851355
1119	0.228420077567933
1120	0.228428539493761
1121	0.228424729038249
1122	0.228538276521111
1123	0.228573576644356
1124	0.228585422928103
1125	0.228662714727348
1126	0.228616048008945
1127	0.228629853195499
1128	0.228640008048976
1129	0.228707684764772
1130	0.228705159098903
1131	0.228762223122791
1132	0.228762904923672
1133	0.228767811918897
1134	0.228826662076773
1135	0.228881005050888
1136	0.228888611089755
1137	0.228942453344856
1138	0.228982920916526
1139	0.229032294738549
1140	0.229071791696929
1141	0.229131438892633
1142	0.229165661784148
1143	0.229206716962559
1144	0.229255967913682
1145	0.229356661765773
1146	0.229362670512855
1147	0.229395978901572
1148	0.22940803700541
1149	0.229428140916008
1150	0.229480282576292
1151	0.229556117264195
1152	0.229635657348682
1153	0.229642251620483
1154	0.229749216738272
1155	0.22978372313803
1156	0.22985910312118
1157	0.229880823073108
1158	0.229937800442155
1159	0.230030344227622
1160	0.230116158183915
1161	0.230159935437209
1162	0.230250602228219
1163	0.230267011933906
1164	0.230375045037442
1165	0.230455569632064
1166	0.230544195698518
1167	0.230606350801688
1168	0.230679955046585
1169	0.230712122797281
1170	0.230792120233289
1171	0.230872947546205
1172	0.23095581200374
1173	0.231048823378489
1174	0.231118392136814
1175	0.23120860458942
1176	0.23132765573699
1177	0.23141040116194
1178	0.231420801740765
1179	0.231527833178387
1180	0.231624607916885
1181	0.231696519134147
1182	0.231784753330881
1183	0.231913255195682
1184	0.231961558078768
1185	0.23205947347932
1186	0.232122156006691
1187	0.232223550339458
1188	0.23229224829822
1189	0.232335999520861
1190	0.23244738934886
1191	0.232530931085528
1192	0.232582152310333
1193	0.232685054589945
1194	0.23277227477411
1195	0.232800608456036
1196	0.232875599336104
1197	0.232972708606154
1198	0.23303550450184
1199	0.233051532107663
1200	0.233141192869916
1201	0.233163049211548
1202	0.233243240789566
1203	0.233332237381628
1204	0.233388493842486
1205	0.233473401232026
1206	0.23357909276634
1207	0.233675019668787
1208	0.233762578011705
1209	0.233813582327378
1210	0.233901136728937
1211	0.233969948299361
1212	0.234100384372292
1213	0.234186953351512
1214	0.234289858018526
1215	0.234394185228197
1216	0.234479437498147
1217	0.234572200149868
1218	0.234631985563132
1219	0.234742589369882
1220	0.234796023657667
1221	0.234882231689746
1222	0.234980033007074
1223	0.235094859552937
1224	0.235197349993793
1225	0.235331723049262
1226	0.235439655083588
1227	0.235503746858954
1228	0.235562184445133
1229	0.23561005316454
1230	0.235715692090349
1231	0.235817131926234
1232	0.23590258003279
1233	0.235997636008632
1234	0.236083099995849
1235	0.236237788287058
1236	0.236341338050558
1237	0.236473788849154
1238	0.236586445966127
1239	0.236711770098009
1240	0.2367570501914
1241	0.236863816480795
1242	0.236937309041107
1243	0.237058912208908
1244	0.2372128443123
1245	0.23733294951393
1246	0.237436410695623
1247	0.237536549176624
1248	0.237667814911744
1249	0.237777258295433
1250	0.237889511562456
1251	0.238026598055569
1252	0.238182782336426
1253	0.238300068487037
1254	0.238396211308488
1255	0.238502834528964
1256	0.238629622841743
1257	0.238764230389687
1258	0.238905773264594
1259	0.239050117163497
1260	0.23913003221543
1261	0.239254667135356
1262	0.239358036820893
1263	0.239540573000466
1264	0.239681512735938
1265	0.239822898895445
1266	0.239927082320419
1267	0.240000102091862
1268	0.240132911549818
1269	0.240340381429623
1270	0.240472529833527
1271	0.240558954057088
1272	0.240699832080461
1273	0.240790714857763
1274	0.240909196000231
1275	0.241118234081503
1276	0.241235170025389
1277	0.241325927445447
1278	0.241481113114206
1279	0.241581719144306
1280	0.241705445192834
1281	0.241828694567014
1282	0.24196119059469
1283	0.242079014757388
1284	0.242241697110476
1285	0.242391255076806
1286	0.242545275208848
1287	0.242669344242301
1288	0.242826502457913
1289	0.242972917113809
1290	0.243072455763477
1291	0.243209838260444
1292	0.243313474952994
1293	0.243464548899476
1294	0.243656599674793
1295	0.243790733303934
1296	0.243894533078374
1297	0.244054726005192
1298	0.244161091074154
1299	0.244314820928173
1300	0.244430941935125
1301	0.244578758903258
1302	0.244785476816858
1303	0.244917186630083
1304	0.245049938110341
1305	0.245197597489909
1306	0.245252251328317
1307	0.245415209549928
1308	0.245602996897311
1309	0.245774953901742
1310	0.245932221907996
1311	0.246066207976107
1312	0.246214717356188
1313	0.246391909098564
1314	0.246520306048806
1315	0.246748646792379
1316	0.246899501724307
1317	0.247050770764951
1318	0.247212112285435
1319	0.247309614135514
1320	0.247448507517555
1321	0.247594254204344
1322	0.247710671214044
1323	0.24789932301334
1324	0.248024909041435
1325	0.248171338446504
1326	0.248264032857296
1327	0.248349214637393
1328	0.248460618474011
1329	0.248579321100099
1330	0.248698593847386
1331	0.248880176544968
1332	0.248996716881054
1333	0.24912228335628
1334	0.249234382279401
1335	0.249343675009222
1336	0.249454806338781
1337	0.249592981546346
1338	0.249688401639778
1339	0.249804249843215
1340	0.249899950118355
1341	0.250031406072862
1342	0.250173431471437
1343	0.250310172270491
1344	0.250403557758348
1345	0.250527677940752
1346	0.250645539559171
1347	0.250748461559752
1348	0.250929384674872
1349	0.251037706126203
1350	0.251168617556848
1351	0.251273810438352
1352	0.251404732060291
1353	0.251524425629941
1354	0.251682726836366
1355	0.251790853302569
1356	0.251851691132875
1357	0.251948714291509
1358	0.252051604480998
1359	0.252173075634215
1360	0.252286807041339
1361	0.252376131060696
1362	0.252390376714451
1363	0.252382082448311
1364	0.25238299052297
1365	0.252314750637633
1366	0.252252527971457
1367	0.252139384665559
1368	0.252001418748825
1369	0.251863897539818
1370	0.251691695310642
1371	0.251489837048061
1372	0.251291705902863
1373	0.251073153770898
1374	0.250849066707059
1375	0.250672100921585
1376	0.250519394506882
1377	0.250393034482686
1378	0.250294738508906
1379	0.250233621099078
1380	0.250114035869422
1381	0.249984932558712
1382	0.249844395707957
1383	0.249614628619226
1384	0.249372810657919
1385	0.249068910911841
1386	0.248734548991293
1387	0.248359671128694
1388	0.248025614079786
1389	0.247644596294813
1390	0.247264668466186
1391	0.246908288913693
1392	0.246606199495907
1393	0.246339922608351
1394	0.246180421458067
1395	0.246062014421775
1396	0.24600943843802
1397	0.245998497923097
1398	0.24603778794816
1399	0.246112560150403
1400	0.246259866359121
1401	0.246369703112277
1402	0.246482007307421
1403	0.246612781098897
1404	0.246725558424719
1405	0.246834158471492
1406	0.246965483309152
1407	0.247052375253008
1408	0.247165779362905
1409	0.247273755561328
1410	0.247401876592782
1411	0.247502375712016
1412	0.24762271590305
1413	0.247751466989157
1414	0.247897305583662
1415	0.24808297085256
1416	0.248364367762311
1417	0.248614231519503
1418	0.248871623739026
1419	0.249143082723026
1420	0.249382698038842
1421	0.249644193146029
1422	0.249876065900384
1423	0.250174900927719
1424	0.250448084319143
1425	0.25070395902364
1426	0.251005118936365
1427	0.251227524323022
1428	0.25149760846281
1429	0.251755247403385
1430	0.252008207966937
1431	0.252243223677743
1432	0.252489844982759
1433	0.2527601478883
1434	0.253014833724875
1435	0.253307793608573
1436	0.253541746774648
1437	0.253747942027702
1438	0.253953650521859
1439	0.254119361542537
1440	0.254318824230322
1441	0.254556178829197
1442	0.25474956895627
1443	0.254983077252612
1444	0.255192144436587
1445	0.25542142121808
1446	0.255631379885268
1447	0.255866354780277
1448	0.256084709602699
1449	0.256255358366279
1450	0.256460344296005
1451	0.256647594936535
1452	0.256831681770717
1453	0.257017294720059
1454	0.257180371932223
1455	0.257310759328278
1456	0.257467864760127
1457	0.257679521149894
1458	0.257852811280533
1459	0.258044611569978
1460	0.258228279724519
1461	0.258416532582952
1462	0.258560168059626
1463	0.258720302441815
1464	0.258882503466829
1465	0.259063179032068
1466	0.259232889861089
1467	0.259417348845285
1468	0.259544199602555
1469	0.259707057583639
1470	0.259854491688135
1471	0.260026018727505
1472	0.260199299432299
1473	0.260401966852146
1474	0.260639160273094
1475	0.260857484445823
1476	0.261070563545794
1477	0.261243790472995
1478	0.261459537108848
1479	0.261633665485658
1480	0.261801208291517
1481	0.261992189125316
1482	0.262143689310652
1483	0.26234365640289
1484	0.262551599811107
1485	0.262752659783276
1486	0.263002462673104
1487	0.26320468316609
1488	0.263406041653778
1489	0.263601227972789
1490	0.263819165068099
1491	0.264007264740319
1492	0.264177077806622
1493	0.264349730966395
1494	0.26446560720657
1495	0.264630804335411
1496	0.264794855394751
1497	0.264946200786206
1498	0.265147745616658
1499	0.265316523045274
1500	0.265430991544871
1501	0.265577600000783
1502	0.26573683159723
1503	0.265915682395491
1504	0.266090402013009
1505	0.266255517414419
1506	0.266432169123743
1507	0.26662988667235
1508	0.266786192151584
1509	0.266936371738528
1510	0.267057216814424
1511	0.267222956138999
1512	0.267378508278785
1513	0.267528778977799
1514	0.26762613338459
1515	0.267743721006477
1516	0.267886750745806
1517	0.267982900376466
1518	0.268145797186691
1519	0.268274385868935
1520	0.268445581758985
1521	0.268583167119568
1522	0.26873249677424
1523	0.268887545894703
1524	0.26906148522872
1525	0.269202957465709
1526	0.269360376088097
1527	0.269496624177682
1528	0.269622323989903
1529	0.26965606443595
1530	0.26980879347809
1531	0.269974677397951
1532	0.270095593581118
1533	0.270269643750086
1534	0.270415388913329
1535	0.27051193568688
1536	0.270667392423659
1537	0.270817875520824
1538	0.270950173848219
1539	0.271081623399427
1540	0.271205775440364
1541	0.271313546475507
1542	0.271438446402356
1543	0.271584268563944
1544	0.271685655632973
1545	0.271823761696003
1546	0.271944089203255
1547	0.27203834048866
1548	0.272159439009191
1549	0.272269273539731
1550	0.272424908016545
1551	0.27255610317041
1552	0.272678896093722
1553	0.272815425779392
1554	0.272948343127119
1555	0.273028895615905
1556	0.273162651865589
1557	0.273297101918011
1558	0.273422445975769
1559	0.273552554126549
1560	0.273625657143186
1561	0.27367046503432
1562	0.273762856268681
1563	0.273834160520529
1564	0.273961712654337
1565	0.274093795616441
1566	0.274222239166239
1567	0.274350156939595
1568	0.274454241788826
1569	0.274598644734648
1570	0.274713135217638
1571	0.274858783967894
1572	0.274974180490691
1573	0.275037958326825
1574	0.275144422066491
1575	0.275245803995097
1576	0.275343294928198
1577	0.275418903254952
1578	0.275491384046675
1579	0.275467319614081
1580	0.275549955204755
1581	0.275631646544795
1582	0.275740737927173
1583	0.275907673411698
1584	0.276001619216606
1585	0.276089150511311
1586	0.276203663324689
1587	0.276308456022527
1588	0.276433851802325
1589	0.276603463471772
1590	0.276756183149188
1591	0.276860605981502
1592	0.276994285623313
1593	0.277080444474889
1594	0.277142003267231
1595	0.277240877686476
1596	0.277339661310047
1597	0.277414841940815
1598	0.277504133129849
1599	0.27757768667296
1600	0.277657363786819
1601	0.277708942535471
1602	0.277846869078622
1603	0.27802080267643
1604	0.278170268124563
1605	0.278299012349315
1606	0.278412254029422
1607	0.278522797161365
1608	0.278599397753808
1609	0.278732904236095
1610	0.278810242372079
1611	0.278884112476398
1612	0.278972646039979
1613	0.279007675442659
1614	0.279058822568538
1615	0.279069155841499
1616	0.279109986549895
1617	0.279226408083001
1618	0.279327479771506
1619	0.279461024387908
1620	0.279573821515282
1621	0.279737389243566
1622	0.279829640938864
1623	0.280007318876723
1624	0.280128492270092
1625	0.280208841471989
1626	0.280252958520165
1627	0.280328256622424
1628	0.28041197520405
1629	0.280436266956752
1630	0.280509537418057
1631	0.280565062760379
1632	0.280599415360282
1633	0.280714396234701
1634	0.280811131853715
1635	0.280858876263742
1636	0.280938910550343
1637	0.281038873713424
1638	0.281130934951272
1639	0.281274126676028
1640	0.28141868856687
1641	0.28149481524422
1642	0.281622944183107
1643	0.281746107095404
1644	0.281834897355726
1645	0.281965639978303
1646	0.282073207258558
1647	0.282116712758485
1648	0.28216101162287
1649	0.282234097585709
1650	0.282249319484754
1651	0.282328874105981
1652	0.282379461209827
1653	0.282396159064714
1654	0.282417318360757
1655	0.282570278081289
1656	0.282651110908113
1657	0.282824003866516
1658	0.282953635943868
1659	0.283017018890639
1660	0.283184014772107
1661	0.283402728898733
1662	0.283547841168091
1663	0.283674830838812
1664	0.28378515853556
1665	0.283857062913386
1666	0.283931852747634
1667	0.284026700836747
1668	0.284152170853248
1669	0.284238217221379
1670	0.284346554959646
1671	0.284451061712265
1672	0.284566882677788
1673	0.284661675702673
1674	0.284766024648957
1675	0.284835716435454
1676	0.284953577421649
1677	0.28515551824352
1678	0.285287424729822
1679	0.285474498525959
1680	0.285665254369583
1681	0.285835019408442
1682	0.286008456819744
1683	0.286221787574446
1684	0.286364998594098
1685	0.286421396340099
1686	0.286552934628671
1687	0.286615652088001
1688	0.286735320365617
1689	0.286943375161881
1690	0.287051382803173
1691	0.287125314419269
1692	0.28729372375685
1693	0.287501564020858
1694	0.287691565930938
1695	0.287834940252932
1696	0.288013363614052
1697	0.28812707675813
1698	0.288293677388587
1699	0.28849013225139
1700	0.288617771503984
1701	0.288741004391498
1702	0.288828891349222
1703	0.288858802723756
1704	0.288933620802494
1705	0.289087693375963
1706	0.289231897966318
1707	0.289293772796946
1708	0.289337108415384
1709	0.289388084025862
1710	0.289414093660562
1711	0.289496178737569
1712	0.28959656448172
1713	0.289671687290706
1714	0.28981196980227
1715	0.28995663439481
1716	0.290072779483874
1717	0.29014774990814
1718	0.290207648802594
1719	0.290281098988092
1720	0.290383512426564
1721	0.290404712297511
1722	0.290353412440188
1723	0.290236290530522
1724	0.290149853213957
1725	0.290059324013851
1726	0.289978260023344
1727	0.289874371741081
1728	0.289734007614547
1729	0.289614732963414
1730	0.289518616484259
1731	0.289470021576377
1732	0.289408972487204
1733	0.289372879364973
1734	0.28931614865632
1735	0.289241237131513
1736	0.289247258146523
1737	0.289228412596456
1738	0.289275676073318
1739	0.289294870438815
1740	0.289348850104253
1741	0.289360797325789
1742	0.289399103719186
1743	0.28941485449704
1744	0.289383398431851
1745	0.289344769081228
1746	0.289247473191339
1747	0.289193449197011
1748	0.289146684972444
1749	0.289080286903019
1750	0.289023855379742
1751	0.288971189250401
1752	0.288824434281925
1753	0.28880179023425
1754	0.288830431153406
1755	0.288808250381259
1756	0.288766233371364
1757	0.288701895886254
1758	0.288630532436506
1759	0.288694796011339
1760	0.288711241860793
1761	0.288707876536608
1762	0.288736227487408
1763	0.288731857750529
1764	0.288679076847499
1765	0.288676410069616
1766	0.288675873289512
1767	0.288663918680223
1768	0.288561849117648
1769	0.288476237254622
1770	0.288373903615974
1771	0.288252689222608
1772	0.28821674389134
1773	0.288141551171193
1774	0.288086541555998
1775	0.2880644802381
1776	0.288077855621937
1777	0.288045658054286
1778	0.287934808688521
1779	0.287915642774712
1780	0.287916005610717
1781	0.287983272261742
1782	0.28813806828578
1783	0.288269053040154
1784	0.288224285166104
1785	0.288254610098087
1786	0.288272223410909
1787	0.288229792972795
1788	0.288301882145682
1789	0.288241849630992
1790	0.288271481639138
1791	0.288196246414661
1792	0.288238598185789
1793	0.288256240048703
1794	0.288378836867205
1795	0.288354144773079
1796	0.288387220893614
1797	0.288418576825388
1798	0.28845234514953
1799	0.288475595011586
1800	0.2886066657647
1801	0.288691028765033
1802	0.28874862725203
1803	0.288814232912791
1804	0.288858368930601
1805	0.288928687061311
1806	0.288947964321321
1807	0.289021141828045
1808	0.288990219332575
1809	0.288981509528417
1810	0.289009285909641
1811	0.289024128285223
1812	0.289038841980893
1813	0.289102172754694
1814	0.289126379029649
1815	0.289126140964226
1816	0.289108591039804
1817	0.289212882961043
1818	0.28926673639583
1819	0.289229930089376
1820	0.28934160933638
1821	0.289474331450277
1822	0.289539798363819
1823	0.289697303122199
1824	0.289807876802539
1825	0.289857695656827
1826	0.289943430644871
1827	0.290073094292768
1828	0.29012457879603
1829	0.290099305765059
1830	0.290178155778605
1831	0.289596898164521
1832	0.289512194698712
1833	0.289663118666501
1834	0.289652940097882
1835	0.289672904987719
1836	0.289651848325557
1837	0.289630631974935
1838	0.289584322411918
1839	0.289444328923241
1840	0.289428480515836
1841	0.289352241971923
1842	0.289412810173852
1843	0.289542767668981
1844	0.289424807300885
1845	0.289492372730633
1846	0.289687047255295
1847	0.28980594018533
1848	0.289879986744935
1849	0.290118719133294
1850	0.290257114291257
1851	0.290159940730607
1852	0.290154237860588
1853	0.290081677012498
1854	0.29004355732212
1855	0.290059191321781
1856	0.289984797000434
1857	0.28988332701644
1858	0.289757458584137
1859	0.289610264594892
1860	0.289395575562297
1861	0.289276528130926
1862	0.289190492472843
1863	0.28897063254178
1864	0.288638615181778
1865	0.28843015921293
1866	0.28837896750396
1867	0.288198819768789
1868	0.288091912047442
1869	0.287861561542691
1870	0.287618557718358
1871	0.287404951033421
1872	0.287199241036261
1873	0.287083476474866
1874	0.286896975020045
1875	0.28668805388115
1876	0.286388354936422
1877	0.286053633194896
1878	0.285593157502875
1879	0.285074677880999
1880	0.284408076766278
1881	0.283798548148745
1882	0.283192239304195
1883	0.28251215794786
1884	0.281700689257953
1885	0.280870995117359
1886	0.279874621960096
1887	0.278840833192149
1888	0.277956675236671
1889	0.276999366732506
1890	0.27600239790883
1891	0.274998969742156
1892	0.27389350892031
1893	0.272664661026158
1894	0.271494110448761
1895	0.270230702519694
1896	0.269068963852479
1897	0.268072489429532
1898	0.266932603834482
1899	0.265812675250757
1900	0.264721767131934
1901	0.263615001413236
1902	0.262354897037708
1903	0.261271257306923
1904	0.260258015967205
1905	0.259349578110947
1906	0.258518499130022
1907	0.257755220285758
1908	0.256972019015172
1909	0.256255943438327
1910	0.255619828309077
1911	0.254830096029995
1912	0.254377062663079
1913	0.25413715910311
1914	0.253872391383168
1915	0.253827181878006
1916	0.253719547647782
1917	0.253589082275186
1918	0.2535351896957
1919	0.253613477934827
1920	0.253843734200156
1921	0.254024739487828
1922	0.254334973405665
1923	0.254581090967353
1924	0.254837972053634
1925	0.255031151209805
1926	0.255137577149978
1927	0.25525636442385
1928	0.255425995060462
1929	0.255514476013904
1930	0.255654166928307
1931	0.255886569448908
1932	0.256011266197694
1933	0.256067635257999
1934	0.256221691165939
1935	0.256380832334033
1936	0.256520146071243
1937	0.256718871401912
1938	0.25687249960415
1939	0.257069725121573
1940	0.257243463745195
1941	0.257476447227983
1942	0.257729038706562
1943	0.257991106912488
1944	0.258264034119728
1945	0.258569166282937
1946	0.258872106141994
1947	0.259170125200735
1948	0.259454215775567
1949	0.259778226146574
1950	0.260010280616082
1951	0.260268362016723
1952	0.260471161859692
1953	0.260617171117057
1954	0.260775863519262
1955	0.26092807149451
1956	0.261071407929266
1957	0.261248489756306
1958	0.261420022877511
1959	0.261576159488164
1960	0.261738903033753
1961	0.261862842530764
1962	0.261931473864109
1963	0.262100191134076
1964	0.262281007749343
1965	0.262465983350644
1966	0.262697282180076
1967	0.26292727874932
1968	0.263192201280945
1969	0.263446464146596
1970	0.263809573067456
1971	0.264220965940004
1972	0.264500244890291
1973	0.264716555048851
1974	0.265026795315231
1975	0.265355901005688
1976	0.265638261112904
1977	0.265989619282438
1978	0.266257455143409
1979	0.266487808439188
1980	0.266740865247825
1981	0.266943779948685
1982	0.267273373261826
1983	0.267511779953308
1984	0.267717232598483
1985	0.267927232828774
1986	0.268129536172873
1987	0.268405385539805
1988	0.268705559155849
1989	0.269013030535642
1990	0.269301220661264
1991	0.269567180133881
1992	0.269882062099457
1993	0.27025373856239
1994	0.270596967219595
1995	0.271008472898988
1996	0.271463690926118
1997	0.271934382726314
1998	0.272378116663468
1999	0.272788309627661
2000	0.273217841034681
2001	0.273629730130317
2002	0.274060826858546
2003	0.274489977507474
2004	0.274988172841827
2005	0.275274537528254
2006	0.27555256354896
2007	0.275870056651332
2008	0.276164664164974
2009	0.276512742840839
2010	0.276994957241882
2011	0.277298706386403
2012	0.277591607876778
2013	0.277888192013103
2014	0.278106957372242
2015	0.278297709363087
2016	0.27853717547436
2017	0.278743755519703
2018	0.278811136163003
2019	0.278973020634715
2020	0.279284422555486
2021	0.279772801764679
2022	0.280110695289014
2023	0.280552758437241
2024	0.280857755581326
2025	0.280954735940985
2026	0.281201134497491
2027	0.281509003992937
2028	0.281879797523149
2029	0.282217066100001
2030	0.282494155305081
2031	0.282791065752844
2032	0.283028442841656
2033	0.283339883034208
2034	0.2837398002744
2035	0.284018437488631
2036	0.284161706603756
2037	0.28430295552567
2038	0.284273422516836
2039	0.284358802806379
2040	0.284489804590356
2041	0.284586893930286
2042	0.284758387428066
2043	0.284942977489448
2044	0.285029370803958
2045	0.285019680771443
2046	0.285075759596366
2047	0.285074301371545
2048	0.285161156164777
2049	0.285281861238235
2050	0.285478564162865
2051	0.285714362810144
2052	0.285915551207842
2053	0.286224826603551
2054	0.286491227025163
2055	0.286629920653833
2056	0.286857260806998
2057	0.287102094124071
2058	0.28741153438654
2059	0.287692132444719
2060	0.288052591713829
2061	0.288365541656443
2062	0.288685564159275
2063	0.288879559124919
2064	0.288958810733041
2065	0.289057061986735
2066	0.289234433331914
2067	0.289332825143468
2068	0.289412493827344
2069	0.289550118726502
2070	0.289564901348614
2071	0.289396511287757
2072	0.289386532450236
2073	0.289449131360247
2074	0.289502043620608
2075	0.289665708827032
2076	0.289728041625794
2077	0.289693087983636
2078	0.289733162051656
2079	0.289806298746613
2080	0.28980709070823
2081	0.290025209346767
2082	0.29023555267925
2083	0.290292092423134
2084	0.29050658221778
2085	0.29073573609315
2086	0.290937684941728
2087	0.291113514685852
2088	0.291377892528498
2089	0.291568145590421
2090	0.291603374025207
2091	0.291743628042858
2092	0.291931208692603
2093	0.292007671987793
2094	0.292027434298582
2095	0.292148885154016
2096	0.292124784449605
2097	0.292165936065966
2098	0.2923456940174
2099	0.292391265093369
2100	0.292492126956815
2101	0.292654055103066
2102	0.29268652066892
2103	0.292610162664193
2104	0.292596545204252
2105	0.292471452015906
2106	0.292467161328404
2107	0.292514251209351
2108	0.292522289026082
2109	0.292587878879968
2110	0.292604886928065
2111	0.292576025900683
2112	0.292664135163967
2113	0.292687800432756
2114	0.292895568124994
2115	0.293041625876393
2116	0.293202921928375
2117	0.293416692081316
2118	0.29364329859888
2119	0.29379185984082
2120	0.293961039508929
2121	0.294010085450382
2122	0.294021064290123
2123	0.294000330861084
2124	0.293906795627961
2125	0.293854345655783
2126	0.29374648998973
2127	0.293379613982192
2128	0.293123957087901
2129	0.292844608657977
2130	0.292485696494439
2131	0.292393071995724
2132	0.292163416701695
2133	0.291864595990244
2134	0.291623559180307
2135	0.291346516568721
2136	0.291118384506857
2137	0.290862985546527
2138	0.290856890117566
2139	0.290736025418147
2140	0.290506430562982
2141	0.290338521227627
2142	0.290093842540487
2143	0.289781132341159
2144	0.289641514725823
2145	0.289654266396861
2146	0.289494327558268
2147	0.289344884245753
2148	0.289223207129386
2149	0.289062919541226
2150	0.288698775644502
2151	0.288512506752776
2152	0.28847769070398
2153	0.28838114410748
2154	0.288347739221272
2155	0.288185461852179
2156	0.288024443344109
2157	0.287614516518454
2158	0.287102142170005
2159	0.286782244557156
2160	0.286454177396657
2161	0.286052994886665
2162	0.285676048121396
2163	0.285277291603356
2164	0.284890410243831
2165	0.28441416994975
2166	0.284025458354948
2167	0.283649427000686
2168	0.283304844188008
2169	0.283059169058537
2170	0.282763739404609
2171	0.282464325081181
2172	0.282181305810995
2173	0.281869258921014
2174	0.281624920416642
2175	0.28144665555085
2176	0.281206389020635
2177	0.280890448608922
2178	0.280633360175646
2179	0.280270773737836
2180	0.279892313875749
2181	0.279615907333442
2182	0.279344524806254
2183	0.279027313706761
2184	0.278699328797159
2185	0.27841991728153
2186	0.278128258271587
2187	0.277768996114654
2188	0.277461653325003
2189	0.277170733345106
2190	0.276785563853305
2191	0.276410012167806
2192	0.276083287063154
2193	0.275624728379369
2194	0.275219326947666
2195	0.274800999509585
2196	0.274353880473005
2197	0.274077331754565
2198	0.27367329798464
2199	0.273260309312618
2200	0.272926812031349
2201	0.272422631944384
2202	0.272014517151343
2203	0.271482811941587
2204	0.271155410227767
2205	0.271103041791191
2206	0.270827021949746
2207	0.270321157539788
2208	0.270165645347284
2209	0.270108817069816
2210	0.269939293305777
2211	0.269853316782754
2212	0.270098839943769
2213	0.270236557347007
2214	0.270242814929211
2215	0.270585511818307
2216	0.270971551457228
2217	0.270996145765565
2218	0.271062640934407
2219	0.271282749013688
2220	0.271429313165607
2221	0.271594801089314
2222	0.271910202566233
2223	0.272122761280627
2224	0.272247540872007
2225	0.272427781395779
2226	0.272590877535254
2227	0.272787697776811
2228	0.27297183414704
2229	0.273101963871033
2230	0.273284836156883
2231	0.27330541093269
2232	0.273373329182992
2233	0.273499271011223
2234	0.273600515115298
2235	0.273926979301655
2236	0.274287828042522
2237	0.274564696740061
2238	0.274866018956155
2239	0.275120470040308
2240	0.275257591515629
2241	0.275491815288518
2242	0.275671496173161
2243	0.275924408203219
2244	0.276315127341016
2245	0.276858919800107
2246	0.277285412074365
2247	0.277755579324531
2248	0.278164310060998
2249	0.278358694744555
2250	0.278677895359857
2251	0.278974128031106
2252	0.279401085824971
2253	0.279871675549441
2254	0.28034378955275
2255	0.280794592129469
2256	0.281346252264105
2257	0.281727616401118
2258	0.281944756679519
2259	0.282232699188066
2260	0.282463415316907
2261	0.282556696133538
2262	0.282541375381101
2263	0.282528408161708
2264	0.282572078129595
2265	0.282672759603996
2266	0.282791672199075
2267	0.282893507032128
2268	0.28283016446453
2269	0.282773356638715
2270	0.282724123873432
2271	0.282590953469418
2272	0.282496239960398
2273	0.282312934543018
2274	0.282056867486595
2275	0.281829813206027
2276	0.281704072612811
2277	0.28143938953487
2278	0.281082895592451
2279	0.280757558898255
2280	0.2804542524139
2281	0.279972315513229
2282	0.27944856490757
2283	0.279116688286218
2284	0.278663086513695
2285	0.278202357812601
2286	0.277992558536256
2287	0.277580401264528
2288	0.276954764425156
2289	0.276521105155094
2290	0.276228847169947
2291	0.275976441535241
2292	0.275353962748868
2293	0.274753006072527
2294	0.274311438646091
2295	0.273701099306495
2296	0.273351857824615
2297	0.273552186513815
2298	0.273358132841441
2299	0.2730122724709
2300	0.272688133509787
2301	0.272335436691034
2302	0.271947683107077
2303	0.271534915649578
2304	0.271003511357913
2305	0.270291537030635
2306	0.269802011588604
2307	0.269301359229489
2308	0.268895979866344
2309	0.268724777764567
2310	0.268325800889863
2311	0.267767156641229
2312	0.267238739254641
2313	0.266594500295419
2314	0.266040390746036
2315	0.265529972235104
2316	0.26498576606274
2317	0.264232373604713
2318	0.263418012378489
2319	0.262767120719647
2320	0.262113708282847
2321	0.26165963429907
2322	0.261332213680161
2323	0.26114140975432
2324	0.260915887595992
2325	0.26063635375147
2326	0.260592745588995
2327	0.260601870390621
2328	0.260698706753433
2329	0.260667424865286
2330	0.260645453333086
2331	0.260703692411247
2332	0.260640027866346
2333	0.260698736204195
2334	0.260845179878465
2335	0.261085623678647
2336	0.261244757045795
2337	0.261475777582799
2338	0.261761153858604
2339	0.262151067598301
2340	0.262638559612987
2341	0.262958082068125
2342	0.263469029855675
2343	0.263795174614783
2344	0.263805576857863
2345	0.264027100872316
2346	0.264228496853954
2347	0.26443601765475
2348	0.264572975183554
2349	0.26488087453496
2350	0.264946363945594
2351	0.264692673211069
2352	0.26462574380269
2353	0.264555206039955
2354	0.264320905901965
2355	0.264469523477677
2356	0.264523347789381
2357	0.264208745630831
2358	0.264060177250368
2359	0.263946329362708
2360	0.2634802962154
2361	0.263291746344079
2362	0.263111419971369
2363	0.262917426919108
2364	0.262674714104193
2365	0.262331276991994
2366	0.262044256187248
2367	0.261700382915224
2368	0.261319784279892
2369	0.260880447704077
2370	0.260562704572893
2371	0.26017112236627
2372	0.259686656526451
2373	0.259204511454273
2374	0.258710856349259
2375	0.257913193669305
2376	0.257245740097798
2377	0.256664434196451
2378	0.256022007410868
2379	0.255285386291367
2380	0.254593500857356
2381	0.253940967581478
2382	0.253346262601346
2383	0.252776127938336
2384	0.252263728752496
2385	0.251793941354175
2386	0.25130936305009
2387	0.250966651060913
2388	0.250395494573844
2389	0.249824509834692
2390	0.249376955452694
2391	0.248944964246392
2392	0.248625263499469
2393	0.248568323364371
2394	0.248342238794495
2395	0.247850609490043
2396	0.247658574583447
2397	0.247564079779578
2398	0.247449461283643
2399	0.24749782762434
2400	0.247262888936724
2401	0.246935983588002
2402	0.247097075579027
2403	0.24666648763589
2404	0.246610995484165
2405	0.246830329852482
2406	0.246500123752439
2407	0.246381265844787
2408	0.246231198686591
2409	0.245768490816854
2410	0.245125970020525
2411	0.244737126531765
2412	0.244577413012703
2413	0.244490079603856
2414	0.244300989234798
2415	0.243684517807465
2416	0.243365336451182
2417	0.243208884931831
2418	0.243137731891521
2419	0.243332825785564
2420	0.243519034026919
2421	0.243505938991094
2422	0.243487636564918
2423	0.243083392002009
2424	0.242583103634473
2425	0.242277510646965
2426	0.241787399007888
2427	0.241638215556863
2428	0.241986095291857
2429	0.241933212497917
2430	0.241894609274077
2431	0.241769123736046
2432	0.241741367372972
2433	0.241441693882853
2434	0.241102094520833
2435	0.240742435379331
2436	0.240040406353679
2437	0.23969351718367
2438	0.23959699964796
2439	0.239350267980002
2440	0.239168225398877
2441	0.239070557246247
2442	0.239085711884423
2443	0.239168517523973
2444	0.23937199466522
2445	0.23913465978517
2446	0.238640608972171
2447	0.238456866294498
2448	0.238423177239596
2449	0.238267226787275
2450	0.238317325362203
2451	0.238297433891584
2452	0.238231726269003
2453	0.237810897166494
2454	0.237080789780115
2455	0.236794563969299
2456	0.236318629104298
2457	0.236112739692748
2458	0.236374660487907
2459	0.23613856008421
2460	0.235273930537686
2461	0.23493587683303
2462	0.23488142434318
2463	0.234293579133516
2464	0.233444483514261
2465	0.232744186404058
2466	0.231715052428219
2467	0.231232826377709
2468	0.231400070523855
2469	0.231122254214191
2470	0.230933110031185
2471	0.230517817962364
2472	0.230138612122361
2473	0.229447860611839
2474	0.228588087384953
2475	0.228146001807131
2476	0.227895756481627
2477	0.227561511008284
2478	0.227432406198514
2479	0.227320136770026
2480	0.227041754618884
2481	0.227051947166145
2482	0.227389145504025
2483	0.227231095319922
2484	0.226212515923068
2485	0.225936699633034
2486	0.226023103547245
2487	0.225720876201005
2488	0.225315802485729
2489	0.225048311799745
2490	0.224155541045997
2491	0.223544237339465
2492	0.223802913606287
2493	0.223257662167138
2494	0.221600044008009
2495	0.221425366143797
2496	0.222374728968988
2497	0.221809566237211
2498	0.221579498440076
2499	0.221297137832771
2500	0.21958835406813
