350	0.266887619534791
351	0.277448887814962
352	0.275342391975846
353	0.264736569108502
354	0.265084651363685
355	0.266058853528065
356	0.243418903830037
357	0.238586528066921
358	0.228970320580974
359	0.222237826602684
360	0.220699593761911
361	0.219378856015626
362	0.217946746623613
363	0.207992185728489
364	0.206579344720363
365	0.203603245145049
366	0.202198979355207
367	0.19390983748234
368	0.195596997854054
369	0.203905009486827
370	0.202472460373625
371	0.198171367088485
372	0.18958732816117
373	0.193614805698869
374	0.19979527336297
375	0.192762488217676
376	0.18812601256469
377	0.193740120696443
378	0.197020051960119
379	0.189961586995249
380	0.180901851017757
381	0.183739971069805
382	0.182130768314878
383	0.180309315353924
384	0.182650618342148
385	0.177943127596808
386	0.177822626026599
387	0.180365876874143
388	0.177221379805704
389	0.177081659520366
390	0.179784748919116
391	0.178799688951028
392	0.174195246705185
393	0.173891933393222
394	0.1762771925304
395	0.176085167019801
396	0.17138025402282
397	0.170364502526374
398	0.169729240491924
399	0.168172776559886
400	0.167502004466182
401	0.164851684067638
402	0.163675854579304
403	0.166329867897749
404	0.165863288843588
405	0.165278391533835
406	0.165020582467851
407	0.163261643101113
408	0.162389311660964
409	0.162390347804153
410	0.160959773403064
411	0.159281714763649
412	0.160604736352455
413	0.158276017773822
414	0.156839909378947
415	0.15753731447168
416	0.157335804987916
417	0.157214422629646
418	0.157342191286738
419	0.157060787641323
420	0.156103301893856
421	0.154549800163958
422	0.153621918492218
423	0.15421507604979
424	0.154340834816081
425	0.154461258495184
426	0.154022108817296
427	0.153785793388162
428	0.153135383271333
429	0.153640066448152
430	0.154095560528542
431	0.154201098180378
432	0.154578780505628
433	0.154424460913715
434	0.154163170158486
435	0.153451726227235
436	0.153043526389041
437	0.153643526864166
438	0.154119319976207
439	0.154386849683288
440	0.154319599068743
441	0.154589657359781
442	0.15502176426789
443	0.154423727216575
444	0.1542030446195
445	0.155014857164155
446	0.15572798462541
447	0.156258540620292
448	0.156260376462391
449	0.156561647815554
450	0.157130882789795
451	0.157293787750469
452	0.157046954479145
453	0.157676877801348
454	0.158412599600553
455	0.159051886130631
456	0.159091892875731
457	0.158664153068698
458	0.158884928034828
459	0.159505400275519
460	0.15987686846557
461	0.159822977552651
462	0.159913256905184
463	0.160569136185038
464	0.160623333102494
465	0.160631402739672
466	0.160934555970299
467	0.161158092426935
468	0.161587778174396
469	0.161836292122448
470	0.162084541360972
471	0.162197458678866
472	0.162189694949434
473	0.162398444840329
474	0.16267963284513
475	0.16317712861496
476	0.163232969481997
477	0.163470540514726
478	0.163649049247784
479	0.163763944281489
480	0.164222044473106
481	0.16482251871097
482	0.164458733902087
483	0.16461860502975
484	0.165241500562986
485	0.165664000958274
486	0.165767745318405
487	0.165806363640038
488	0.166190181357876
489	0.166714225572928
490	0.16677498066673
491	0.166799861162566
492	0.167064651179084
493	0.167508266049484
494	0.167842139504366
495	0.168208428552241
496	0.168705921859602
497	0.169118683920864
498	0.169318255481945
499	0.169741695429077
500	0.170081895559567
501	0.170485178779275
502	0.171072657067696
503	0.171529188623012
504	0.171805125699004
505	0.172144104077044
506	0.172684704277215
507	0.173086614191849
508	0.173307999022067
509	0.173783737519309
510	0.174593869540343
511	0.175103658238258
512	0.175420014454868
513	0.175893450611527
514	0.176491868351113
515	0.176997718193181
516	0.177337100812773
517	0.177778643533098
518	0.178296195672588
519	0.178848193044948
520	0.179343213031925
521	0.17980668612066
522	0.180328451871776
523	0.180727115962732
524	0.181153438318881
525	0.181667063550112
526	0.182232752575094
527	0.182619957945967
528	0.183130485645239
529	0.183662570635364
530	0.184083713010024
531	0.184423086505249
532	0.184899899235126
533	0.185355683434146
534	0.185611651948726
535	0.18604409359325
536	0.186632836979601
537	0.187078837849824
538	0.187378304107233
539	0.187844511750372
540	0.188306870801571
541	0.188753596006413
542	0.189082386649744
543	0.189479758906175
544	0.189918667928986
545	0.190295126030116
546	0.190579004223327
547	0.190917790104414
548	0.19143670159439
549	0.191921153228229
550	0.192369186008672
551	0.192726796604262
552	0.193100356048497
553	0.193611814008298
554	0.194099034755873
555	0.194426285026856
556	0.194816026119801
557	0.19526647385798
558	0.195790161819134
559	0.196072114220593
560	0.196481488442085
561	0.196985376419386
562	0.197445678852607
563	0.197840290443699
564	0.198316747317536
565	0.19879762870369
566	0.199304005322566
567	0.199697135484842
568	0.200175154385727
569	0.200698030847877
570	0.201094386071778
571	0.201543383467369
572	0.202001331931906
573	0.20231709589831
574	0.202721943156534
575	0.203216381588584
576	0.2036061553813
577	0.203904854200493
578	0.204169487668545
579	0.204591533663062
580	0.205057940370476
581	0.205405062319285
582	0.205780128901204
583	0.206184479088646
584	0.206595228928621
585	0.206911124634723
586	0.207218215350299
587	0.207597564363707
588	0.207931842317601
589	0.20816516508207
590	0.208462066800638
591	0.208730168851715
592	0.209026335399895
593	0.209287225693844
594	0.209507949834415
595	0.209832964714404
596	0.210056759089761
597	0.21024725641148
598	0.210464947181429
599	0.210705140061853
600	0.210902135275819
601	0.211148420356004
602	0.211407487287162
603	0.211541048003069
604	0.211664732367798
605	0.211796717998744
606	0.211957460224756
607	0.212096052556133
608	0.21219825634555
609	0.212353150780736
610	0.212497644824543
611	0.212592069123498
612	0.212698931264422
613	0.212849777093351
614	0.212991904791363
615	0.213141562739325
616	0.213220180741369
617	0.213322794116134
618	0.213491134552196
619	0.213690257642931
620	0.213744986522643
621	0.213886900704023
622	0.214085832825044
623	0.214257911718975
624	0.214359908062357
625	0.21447374440947
626	0.214576774683841
627	0.214725507900047
628	0.214885830634524
629	0.214991494701751
630	0.215180852590585
631	0.215405948349414
632	0.215526894416349
633	0.215658856537858
634	0.215755696278902
635	0.215910090852262
636	0.216099864056069
637	0.216230235104923
638	0.216422724506297
639	0.216640409647425
640	0.216783780282627
641	0.216974608271999
642	0.217132341760503
643	0.217271997391322
644	0.217471152928804
645	0.217676927176015
646	0.217825824221373
647	0.217936322703654
648	0.217987426346951
649	0.21813625075333
650	0.21824063257357
651	0.218279094443551
652	0.21840080288522
653	0.218525512428209
654	0.218599695494305
655	0.218644115546692
656	0.218625129444227
657	0.218720673355764
658	0.218877036228607
659	0.218927092836379
660	0.218948619863455
661	0.218993663701007
662	0.219045914192603
663	0.219166708789653
664	0.219242481676801
665	0.219297472320131
666	0.219459980207706
667	0.219652946086308
668	0.219736905721433
669	0.219842516991768
670	0.220023197884836
671	0.220280749772668
672	0.220485726553908
673	0.220590116351816
674	0.220882988770113
675	0.221177838457322
676	0.221404275987784
677	0.221592750542763
678	0.221860584787053
679	0.222200809523574
680	0.222471509135687
681	0.222737644467772
682	0.223034320940686
683	0.223265241804355
684	0.223551252114828
685	0.223805012050238
686	0.224002363021515
687	0.224268974888737
688	0.224583000567831
689	0.224768337448074
690	0.225027049811851
691	0.225251539672193
692	0.225511213374108
693	0.225843288050713
694	0.226273370749129
695	0.226879557042777
696	0.227723408761112
697	0.228287019928934
698	0.228270161356196
699	0.227867303999635
700	0.22792699858064
701	0.228155198993981
702	0.228469461892673
703	0.228718502612646
704	0.228962021100982
705	0.229325271338468
706	0.229672226668468
707	0.229970457025259
708	0.230301223866475
709	0.230609854768049
710	0.230925408691821
711	0.231207116692198
712	0.231526618321288
713	0.23182116519874
714	0.232150062744284
715	0.232486890264273
716	0.232765173610506
717	0.233024394558423
718	0.233323095773781
719	0.23357175567354
720	0.233839463540554
721	0.234113784336457
722	0.234375830981504
723	0.234607184988731
724	0.23489041060576
725	0.235119818201059
726	0.235332051122553
727	0.235514132730138
728	0.235729759246968
729	0.235970940929533
730	0.236202184963734
731	0.236476327935206
732	0.236693269496179
733	0.236851693099987
734	0.237048421490551
735	0.23732888035961
736	0.237572861314336
737	0.237745791050571
738	0.237896129157365
739	0.238084554995756
740	0.238322202195437
741	0.238480598826767
742	0.238636149343488
743	0.238827475425773
744	0.239017362308898
745	0.239184704047007
746	0.239340533387639
747	0.239508751862978
748	0.239715276242039
749	0.239928515045574
750	0.240092232756465
751	0.24021126285636
752	0.240361139624979
753	0.240491824982577
754	0.240655652440085
755	0.240742985753359
756	0.240863042660762
757	0.241060545972058
758	0.241172214419783
759	0.24124165377433
760	0.241384337534519
761	0.24153624237782
762	0.241681894156211
763	0.241766750715117
764	0.241815368444902
765	0.241951525525284
766	0.242135751031865
767	0.24222680603918
768	0.242328194377007
769	0.242476704196917
770	0.242566380073433
771	0.242687912482994
772	0.242795811865967
773	0.242896201885882
774	0.243042677921632
775	0.243136271388885
776	0.243213096832205
777	0.243349045521071
778	0.243477446191841
779	0.243554295099558
780	0.243610482528032
781	0.243746721836727
782	0.243830552817348
783	0.243900926222161
784	0.243965815254457
785	0.244082502268805
786	0.244191201092961
787	0.244290615675243
788	0.244359443862603
789	0.244384146383559
790	0.244464488631365
791	0.244602764498662
792	0.244686326935404
793	0.244746168321245
794	0.244813051270658
795	0.244886350369868
796	0.244934048796014
797	0.244980829846167
798	0.245045325077342
799	0.245124553189044
800	0.245196885156985
801	0.245237657599734
802	0.245254221982944
803	0.245364457727896
804	0.245385953279421
805	0.245408078867343
806	0.245427767468727
807	0.24547397369088
808	0.245532479622901
809	0.245552140176788
810	0.245545168880373
811	0.245612167051567
812	0.245661052632566
813	0.245685774881696
814	0.245649739956547
815	0.245661839701145
816	0.245722632332756
817	0.24577619045302
818	0.245752874301845
819	0.245784000960946
820	0.245796790009145
821	0.245864041567798
822	0.2458426437658
823	0.24578173417281
824	0.245798091399363
825	0.245883278488116
826	0.245934564994076
827	0.245874596460643
828	0.2458292095641
829	0.245862388782437
830	0.245918355990929
831	0.245941350703583
832	0.245846895577648
833	0.245791886431374
834	0.24584144805564
835	0.245820593413894
836	0.245758121441989
837	0.245705520193346
838	0.2457102054053
839	0.245710550542561
840	0.245678277041672
841	0.245619748638704
842	0.245578670869227
843	0.24554389965994
844	0.245555117137322
845	0.245535931388704
846	0.245510577827618
847	0.245462971814966
848	0.245388196875541
849	0.245396022941144
850	0.245357151123792
851	0.245318077270238
852	0.24530379176393
853	0.245250090914196
854	0.24520361407769
855	0.245140035034711
856	0.245107918549257
857	0.24507286636334
858	0.24503281590144
859	0.245048350334607
860	0.24497072876366
861	0.244874927999303
862	0.244834052504566
863	0.244843016427093
864	0.244870411881824
865	0.244754753995668
866	0.244601559061986
867	0.2445540449981
868	0.244579167179905
869	0.244535759010879
870	0.244495127865744
871	0.244433318841491
872	0.244302161457404
873	0.244255223174118
874	0.244215818630418
875	0.244240560931271
876	0.244177201420531
877	0.244092091595146
878	0.244020975652233
879	0.244007375677204
880	0.243988925974219
881	0.243932936093951
882	0.243846984081085
883	0.243774976442568
884	0.243841867698508
885	0.24377269770499
886	0.243616436582657
887	0.243549234692279
888	0.243545006622288
889	0.243559867195649
890	0.243543916837764
891	0.243426409341086
892	0.243384448469848
893	0.24334189717776
894	0.243302408633622
895	0.243187890959175
896	0.243104685411705
897	0.243070711870463
898	0.243025456629865
899	0.242977887973716
900	0.24293481058801
901	0.242966674856466
902	0.242909447515662
903	0.242791276468309
904	0.242760906854759
905	0.24272397139107
906	0.242746003946815
907	0.242634975754113
908	0.242593041744357
909	0.242585710261294
910	0.2425753488571
911	0.242584825437717
912	0.242467487870495
913	0.242382808414965
914	0.242316871006366
915	0.24229758660195
916	0.242316743346927
917	0.242235406450365
918	0.242258354339449
919	0.2421950716062
920	0.2421016100197
921	0.24218098158479
922	0.242158346688589
923	0.242195195173784
924	0.242118987933281
925	0.242066471135608
926	0.242029989180073
927	0.241962239272555
928	0.241999490407028
929	0.242043335433708
930	0.242078097320726
931	0.242095621804369
932	0.242091093016658
933	0.241980332733364
934	0.241894031018706
935	0.241932801882949
936	0.241881047863608
937	0.241889512678465
938	0.241895635207077
939	0.241976058206877
940	0.241875304288609
941	0.241764376776817
942	0.241819766359265
943	0.241843160008408
944	0.2418749433281
945	0.241727777550913
946	0.241659198866623
947	0.241743845776177
948	0.241924976222646
949	0.241874121323865
950	0.241729173634735
951	0.241841117196447
952	0.241867245876499
953	0.241749059180168
954	0.241706281872953
955	0.241879566061038
956	0.24209555616367
957	0.241891743643329
958	0.241806801564288
959	0.241858430278467
960	0.242011603706411
961	0.241862514771492
962	0.241907817977223
963	0.242063284423499
964	0.242104819380939
965	0.242038118062727
966	0.241916815556132
967	0.242053408674621
968	0.24209275691324
969	0.242097358062704
970	0.242012769967934
971	0.242282809656915
972	0.242420883288215
973	0.242357966976999
974	0.242352672190186
975	0.2422527442344
976	0.242382109427856
977	0.242694892975328
978	0.242424395980644
979	0.242297606606883
980	0.242489574606322
981	0.242490200765302
982	0.242593932967032
983	0.242628931216446
984	0.242699509279444
985	0.242854751605231
986	0.242597346566852
987	0.242576326356008
988	0.242755945754977
989	0.242913813655529
990	0.242844046151195
991	0.242923766467708
992	0.24297780608507
993	0.243243559600746
994	0.243252444769654
995	0.24293178397825
996	0.243185171346829
997	0.243471825705565
998	0.243431506654298
999	0.243173720612459
1000	0.24335057272567
1001	0.242368988951722
1002	0.242191500007463
1003	0.242055005887279
1004	0.242143183493485
1005	0.242071110604424
1006	0.242175113271628
1007	0.242224078764178
1008	0.242136954703939
1009	0.242185556560683
1010	0.242263403572917
1011	0.242310637682625
1012	0.242376768427533
1013	0.242422755903023
1014	0.242304520834603
1015	0.242366881154529
1016	0.242270549435558
1017	0.242198733399975
1018	0.242104545562001
1019	0.242116170483198
1020	0.242134849716738
1021	0.242123239901146
1022	0.242115029124554
1023	0.241964926231826
1024	0.241931445771867
1025	0.242140247682102
1026	0.242106124324078
1027	0.242118926286832
1028	0.242059629315482
1029	0.241975501219829
1030	0.241930735443999
1031	0.241848384009179
1032	0.2419041378362
1033	0.241901002694444
1034	0.241873920137431
1035	0.241846389276017
1036	0.241923034262689
1037	0.241871223478757
1038	0.241754972357604
1039	0.241728793457671
1040	0.241727736346774
1041	0.241702020852314
1042	0.24179823080115
1043	0.241874244534847
1044	0.241774961402019
1045	0.241680544569176
1046	0.24170194276311
1047	0.241698593400264
1048	0.241648055860548
1049	0.241735807346375
1050	0.241753384603993
1051	0.241590863029103
1052	0.241608977013542
1053	0.241596094519551
1054	0.241544476284404
1055	0.241534903428079
1056	0.24154616066133
1057	0.241628148125524
1058	0.241653880670341
1059	0.241645694995004
1060	0.241630745703954
1061	0.241605052632308
1062	0.241428788227024
1063	0.241495130417502
1064	0.241632663294856
1065	0.241613308279381
1066	0.241514698876104
1067	0.241478381060302
1068	0.241462471340599
1069	0.241473645769026
1070	0.241428958232222
1071	0.241575672985911
1072	0.241638826703171
1073	0.241571250442462
1074	0.241620297235581
1075	0.241714232139479
1076	0.241680976661574
1077	0.241699063293817
1078	0.241671751364717
1079	0.241621626878425
1080	0.241619442648705
1081	0.241669712902803
1082	0.241669685011472
1083	0.241619559290931
1084	0.241641937133478
1085	0.241678481227913
1086	0.241670101628175
1087	0.241705933704429
1088	0.241608815545155
1089	0.241591765491006
1090	0.241618432996995
1091	0.241613851713436
1092	0.241650731245819
1093	0.241684320884487
1094	0.241726848805013
1095	0.241707637770235
1096	0.241763645282415
1097	0.241811494076464
1098	0.24180800496132
1099	0.241766821005557
1100	0.241792548318234
1101	0.241809602597772
1102	0.241855392900277
1103	0.241874831443147
1104	0.241868078382507
1105	0.241842011029502
1106	0.241850441812976
1107	0.241840695736515
1108	0.241856550051756
1109	0.241852738316838
1110	0.241799029926998
1111	0.241840939287337
1112	0.241833766803349
1113	0.241839872291849
1114	0.241889741587008
1115	0.241849499336958
1116	0.241896963042895
1117	0.241971928059088
1118	0.242018304099352
1119	0.242022084900858
1120	0.242059327774159
1121	0.242060072796624
1122	0.242092519697663
1123	0.242136970418823
1124	0.242084481952986
1125	0.242093519691078
1126	0.242086409207101
1127	0.242123447556473
1128	0.242183303947338
1129	0.242221403898438
1130	0.242220874742098
1131	0.242259670927035
1132	0.242289417522333
1133	0.242402786310485
1134	0.242492293905015
1135	0.242498415186746
1136	0.242529692052597
1137	0.242544767172223
1138	0.242525723160551
1139	0.242539892657339
1140	0.242603998478662
1141	0.242623013972776
1142	0.242658497819284
1143	0.242658421188233
1144	0.24277259701504
1145	0.242814306381708
1146	0.242824894145899
1147	0.242876029592064
1148	0.242870842627454
1149	0.242923307827677
1150	0.242981306923611
1151	0.243026244602312
1152	0.2429771318774
1153	0.243005406469978
1154	0.243042979637252
1155	0.24311003660368
1156	0.243203752423274
1157	0.243299455889466
1158	0.24336304981492
1159	0.243397574368052
1160	0.243492006480603
1161	0.243515326467969
1162	0.243573890191592
1163	0.243609140662246
1164	0.243714044792695
1165	0.243752928301772
1166	0.243791700440778
1167	0.243906781095586
1168	0.24399167946077
1169	0.244041965493608
1170	0.244126247177055
1171	0.244209358997194
1172	0.244305632141064
1173	0.244355013326535
1174	0.244457909526336
1175	0.244539895574251
1176	0.244604324874792
1177	0.244683457323403
1178	0.24478796002306
1179	0.244854399289916
1180	0.244898109642919
1181	0.244972873306547
1182	0.245060211621991
1183	0.245175817534644
1184	0.245276868364715
1185	0.245395967640634
1186	0.245412529490244
1187	0.245466611654508
1188	0.24558415013093
1189	0.245625774027679
1190	0.245707316269054
1191	0.245804892480236
1192	0.245871414242266
1193	0.245896579806432
1194	0.246001231119984
1195	0.246112149829626
1196	0.246166872069088
1197	0.246211867972683
1198	0.246295040258408
1199	0.246372708664543
1200	0.246445301581384
1201	0.246500713937521
1202	0.24661700922008
1203	0.246666190494546
1204	0.246708718531892
1205	0.246770936893023
1206	0.24683603606646
1207	0.246902100127872
1208	0.246996403540921
1209	0.247075718643948
1210	0.247214347579028
1211	0.247312392759658
1212	0.247429963387898
1213	0.247508342649611
1214	0.24760518413548
1215	0.247664004741811
1216	0.24769341804066
1217	0.24778061070983
1218	0.247878799441559
1219	0.247984837837167
1220	0.248066299788397
1221	0.248153292253358
1222	0.2482361406084
1223	0.248306810470051
1224	0.248421836424006
1225	0.248489985286691
1226	0.248595402219551
1227	0.248687180949622
1228	0.248782830470989
1229	0.248908502773471
1230	0.249013633509785
1231	0.249124494043469
1232	0.249210450728692
1233	0.249331180350415
1234	0.24941715397049
1235	0.249518243081118
1236	0.249585087521371
1237	0.249718306619511
1238	0.249794747661371
1239	0.249890404040781
1240	0.250014720200374
1241	0.250143383721295
1242	0.250246251468052
1243	0.250346826566825
1244	0.250457978482604
1245	0.250544338623895
1246	0.250619481572669
1247	0.250763520780331
1248	0.250944376763028
1249	0.25105993385569
1250	0.251224674671184
1251	0.251331028288572
1252	0.251442310724356
1253	0.251568267512352
1254	0.251682868868542
1255	0.251799728396827
1256	0.251891084667132
1257	0.251998875269972
1258	0.252121275716508
1259	0.252200562584124
1260	0.252347111245953
1261	0.252485058251521
1262	0.252612064872974
1263	0.252770187173682
1264	0.252923463220498
1265	0.253036670301653
1266	0.253157326243197
1267	0.253292614933723
1268	0.253404535749495
1269	0.253543185633178
1270	0.253695505666465
1271	0.253819138042065
1272	0.253943645171185
1273	0.254085932000236
1274	0.254232741845365
1275	0.254292141556394
1276	0.254401813228315
1277	0.25453844470764
1278	0.254650770952567
1279	0.254825349309969
1280	0.254950930144133
1281	0.255065380975218
1282	0.255164149650152
1283	0.255348011067843
1284	0.25548060098392
1285	0.255565014242031
1286	0.255689949152026
1287	0.255826430217033
1288	0.255907101559013
1289	0.256025322870903
1290	0.2562030110407
1291	0.256355707897127
1292	0.256510056644138
1293	0.256632935394905
1294	0.256712313526812
1295	0.256856687857266
1296	0.256987535733521
1297	0.257109641026105
1298	0.257191003785058
1299	0.257344313174543
1300	0.257440643074441
1301	0.25758061557121
1302	0.257797731367805
1303	0.257955017967595
1304	0.258025319133774
1305	0.258187754528017
1306	0.258284675900664
1307	0.258407789793609
1308	0.258573877786003
1309	0.258725594964465
1310	0.258826620656685
1311	0.258940351047335
1312	0.259066951478327
1313	0.259253451799835
1314	0.259393442814897
1315	0.259549485798871
1316	0.259658887844876
1317	0.259738211274196
1318	0.259850625858322
1319	0.259975253750314
1320	0.260102821487472
1321	0.260237774327981
1322	0.260379844925537
1323	0.260440035600034
1324	0.260541960464636
1325	0.260668029027351
1326	0.260773108402058
1327	0.260891197593537
1328	0.261011525368702
1329	0.261098957464541
1330	0.26122364977981
1331	0.261432143498762
1332	0.261547853948202
1333	0.261678792585304
1334	0.261754510863346
1335	0.261867168158084
1336	0.261995544777419
1337	0.262086384846339
1338	0.262173203673835
1339	0.26227779026862
1340	0.262298492998198
1341	0.262377457953798
1342	0.262536043772931
1343	0.262619961308785
1344	0.26271692121391
1345	0.262826938213929
1346	0.262897313851657
1347	0.262951841249685
1348	0.263049774283368
1349	0.2631452657588
1350	0.263250971794516
1351	0.26337857874653
1352	0.263476027783469
1353	0.263586052625894
1354	0.263691077386629
1355	0.263757352829112
1356	0.263889774184619
1357	0.263976772061046
1358	0.264036755007609
1359	0.264139777524473
1360	0.264248507738132
1361	0.264305679523761
1362	0.264329273584706
1363	0.264354829793056
1364	0.264311832654103
1365	0.264245566093506
1366	0.264107128893716
1367	0.263923546323334
1368	0.263744693258675
1369	0.263474377984651
1370	0.263238754469587
1371	0.263012131110458
1372	0.262789279037958
1373	0.262624975001138
1374	0.262413532762437
1375	0.26220715160647
1376	0.262074351121024
1377	0.261930868560532
1378	0.261799115854538
1379	0.261737610946724
1380	0.261587914916577
1381	0.261459136809469
1382	0.261289056706204
1383	0.261049714521999
1384	0.26077794128519
1385	0.260433861946106
1386	0.260070883327007
1387	0.259687998073114
1388	0.259256549154104
1389	0.258832976901514
1390	0.258420834956918
1391	0.257988631982209
1392	0.257622521801996
1393	0.257284221898482
1394	0.257020244155065
1395	0.256832641100878
1396	0.256726183392785
1397	0.256648454667868
1398	0.256672933291216
1399	0.256682312176736
1400	0.256796784679853
1401	0.256842895447046
1402	0.2568983076361
1403	0.256909078025395
1404	0.256910813959955
1405	0.256929717602193
1406	0.256971493747746
1407	0.256997716370513
1408	0.257007414554061
1409	0.257027060239685
1410	0.257043281897465
1411	0.257084953898345
1412	0.257106842351073
1413	0.257149307839241
1414	0.257217084944768
1415	0.257288953457279
1416	0.257472685209639
1417	0.257609998933337
1418	0.257779539857098
1419	0.257939112831353
1420	0.258086521543693
1421	0.25826430337402
1422	0.258419267688481
1423	0.258601487704493
1424	0.258784289341742
1425	0.258993133254969
1426	0.259181513974063
1427	0.259387422562416
1428	0.25957630831796
1429	0.259776868456648
1430	0.259948807277345
1431	0.260133382569731
1432	0.260328282333681
1433	0.260478378320531
1434	0.260681356311312
1435	0.260896480333833
1436	0.261107666820813
1437	0.261253996582486
1438	0.26140788434232
1439	0.261551812558693
1440	0.261728955970152
1441	0.261968120243113
1442	0.262168833605712
1443	0.262333634649332
1444	0.262521287229119
1445	0.26271213508143
1446	0.262871391634978
1447	0.263034302748499
1448	0.263201928218292
1449	0.263341867456618
1450	0.263496335631075
1451	0.263725845541453
1452	0.263888871355768
1453	0.264068655650815
1454	0.264269695091867
1455	0.264401889524589
1456	0.264568206048396
1457	0.264747521666829
1458	0.264900831702029
1459	0.265086693829262
1460	0.265257526050856
1461	0.265428306752884
1462	0.265568988771726
1463	0.265726720587206
1464	0.265899873872013
1465	0.266047792415705
1466	0.266197190920267
1467	0.266354433094671
1468	0.26647645238954
1469	0.266648475555971
1470	0.266825107379237
1471	0.267006084609291
1472	0.26716231782441
1473	0.267374450628388
1474	0.267598931729352
1475	0.267796029873391
1476	0.26796923819551
1477	0.268120685183951
1478	0.268235617938428
1479	0.268387761062475
1480	0.268543837388218
1481	0.268713146592912
1482	0.268872097216845
1483	0.269081124199955
1484	0.269318933367489
1485	0.269498444806358
1486	0.269733673132689
1487	0.269914237228283
1488	0.270134021601269
1489	0.27030728123315
1490	0.270499054738287
1491	0.270664898113219
1492	0.270833875291372
1493	0.271014786399493
1494	0.271167856033546
1495	0.271310092494875
1496	0.271499094328988
1497	0.27165900558461
1498	0.271822941737837
1499	0.272000688171854
1500	0.272187638461515
1501	0.272374895672191
1502	0.272596658410517
1503	0.272753573402347
1504	0.272855533838011
1505	0.27299894528933
1506	0.27314755858206
1507	0.273291829038767
1508	0.273473965392356
1509	0.27363347098685
1510	0.273742287100932
1511	0.273885174624616
1512	0.274045929744756
1513	0.274202450124196
1514	0.274393189950888
1515	0.274591676432873
1516	0.274776564492448
1517	0.274883937053509
1518	0.275029392824201
1519	0.275172657740496
1520	0.275302589785199
1521	0.275462357290581
1522	0.2756221297927
1523	0.275776790154034
1524	0.275896200560916
1525	0.276020785856604
1526	0.276155459985112
1527	0.276301140152643
1528	0.276404012374866
1529	0.276539160016614
1530	0.276669782938717
1531	0.27681371043687
1532	0.276977942168809
1533	0.27719022383658
1534	0.277346436794158
1535	0.277486890287938
1536	0.277620180475694
1537	0.277716140052781
1538	0.27785939195831
1539	0.278034877849475
1540	0.278136687617221
1541	0.278285797569252
1542	0.278388315662756
1543	0.27846371774957
1544	0.278576132120993
1545	0.278728239839575
1546	0.278860134530504
1547	0.278978908994603
1548	0.279111674810244
1549	0.2792443766557
1550	0.279378041489378
1551	0.279493721495015
1552	0.279594407828237
1553	0.279655159900613
1554	0.279765961407095
1555	0.279908810493472
1556	0.280020442900669
1557	0.28017229939205
1558	0.280275198960698
1559	0.280310720428155
1560	0.280394954062469
1561	0.280467450954067
1562	0.28057154288673
1563	0.280649175217771
1564	0.28078850062374
1565	0.280943638510325
1566	0.281083956443524
1567	0.281254400318193
1568	0.281370735074885
1569	0.281447329460174
1570	0.281539339341879
1571	0.281644095423447
1572	0.28170176440615
1573	0.28182142779264
1574	0.281904887454038
1575	0.281954209712098
1576	0.282028245290487
1577	0.282126216707019
1578	0.282246232790334
1579	0.282354069316356
1580	0.282484989669526
1581	0.28261940145148
1582	0.28274120947597
1583	0.282872445583441
1584	0.28297961177694
1585	0.283097588138122
1586	0.283225960265645
1587	0.283387969766714
1588	0.28349157564866
1589	0.283611972289852
1590	0.283706168430523
1591	0.283765280094816
1592	0.283839497954745
1593	0.283861040574348
1594	0.283935726382456
1595	0.283983937436781
1596	0.284095826689664
1597	0.284259348961641
1598	0.284361742222979
1599	0.28450019944685
1600	0.284629869081146
1601	0.284743754072394
1602	0.284858418655274
1603	0.284983969963628
1604	0.285072951290591
1605	0.285192609159186
1606	0.285282375428835
1607	0.28541374366282
1608	0.285504315188413
1609	0.285575544954914
1610	0.285629115278225
1611	0.28567611201007
1612	0.285740930382157
1613	0.285826215945271
1614	0.28592963536883
1615	0.286042991681837
1616	0.286174534379025
1617	0.286307968890709
1618	0.286424242179216
1619	0.286559049248143
1620	0.286687425740921
1621	0.286789955561009
1622	0.286897207369411
1623	0.287071132367221
1624	0.28716828563155
1625	0.287216081445483
1626	0.287274954813874
1627	0.287269272679034
1628	0.287328507479263
1629	0.287423317209705
1630	0.287511150888438
1631	0.287639834157747
1632	0.287728481419079
1633	0.287830674377024
1634	0.28790327440358
1635	0.28794544116704
1636	0.288041567685797
1637	0.288192728181918
1638	0.288301395570763
1639	0.288476147585566
1640	0.288557375493927
1641	0.28863317295907
1642	0.288698087195598
1643	0.288791936474873
1644	0.288857571780879
1645	0.288958993370567
1646	0.289001783252917
1647	0.289003167451247
1648	0.289063557093137
1649	0.289093252892811
1650	0.289166047650788
1651	0.289277475167957
1652	0.289387003004526
1653	0.289539595156927
1654	0.289662393802765
1655	0.289744056683639
1656	0.289886831358101
1657	0.290020948545279
1658	0.290130002082703
1659	0.290255654410977
1660	0.290402985588196
1661	0.290442141143078
1662	0.290523618641073
1663	0.290553813176858
1664	0.290641619306336
1665	0.290699140067173
1666	0.290793400692909
1667	0.290818206986297
1668	0.29087550924694
1669	0.290953014925829
1670	0.291034743818328
1671	0.291172824684838
1672	0.291261043535053
1673	0.291401860329706
1674	0.291478225884206
1675	0.291594907151787
1676	0.291729203266876
1677	0.291853072950878
1678	0.291957212069332
1679	0.292059968979463
1680	0.292133529663035
1681	0.292102480143482
1682	0.292202749430686
1683	0.292300683471419
1684	0.292370095098911
1685	0.292484904206811
1686	0.292587299730404
1687	0.292591282582455
1688	0.292726758800797
1689	0.292858973786451
1690	0.292982440901645
1691	0.293114051896824
1692	0.293298473319007
1693	0.293488807388281
1694	0.293648005809995
1695	0.293863089034736
1696	0.294056954095165
1697	0.294164119273975
1698	0.294252355136499
1699	0.294295278019428
1700	0.294389798889205
1701	0.294499170089552
1702	0.294600119890463
1703	0.29464863469959
1704	0.294736368359012
1705	0.294816529163335
1706	0.294879701559972
1707	0.294932303838689
1708	0.295022372254176
1709	0.29507611202673
1710	0.295201019068907
1711	0.29535524048482
1712	0.295424520646118
1713	0.295480254508267
1714	0.295540379786963
1715	0.295525029496039
1716	0.295566806536386
1717	0.295641938732155
1718	0.295677496113328
1719	0.295706535365783
1720	0.295731326779217
1721	0.295644992096218
1722	0.295519782044237
1723	0.29541382903708
1724	0.295297832045608
1725	0.295238903389924
1726	0.295201703127845
1727	0.295113146397512
1728	0.295009705334682
1729	0.294940026206043
1730	0.294868868349638
1731	0.294768163744643
1732	0.29473820975778
1733	0.294726256092711
1734	0.294766661288363
1735	0.294726707661632
1736	0.294667434898551
1737	0.294646357611644
1738	0.294560611134181
1739	0.294496860572763
1740	0.294461864863675
1741	0.294505363417062
1742	0.294449631301651
1743	0.294476167192907
1744	0.294489616484256
1745	0.294433579597157
1746	0.294414843448547
1747	0.294401593489553
1748	0.294328583217124
1749	0.294224495535038
1750	0.294319854167222
1751	0.29427981612353
1752	0.29426671447076
1753	0.294204442138854
1754	0.294130526555541
1755	0.294077814736755
1756	0.294095910279753
1757	0.294095586525487
1758	0.29408431170464
1759	0.294103206698785
1760	0.294026910279919
1761	0.293987935847736
1762	0.293974093426603
1763	0.293888196954887
1764	0.293810059546749
1765	0.293775364491163
1766	0.293688335235282
1767	0.293606859655039
1768	0.293578231484028
1769	0.293522817312325
1770	0.293507074495431
1771	0.293535178496612
1772	0.293536390106513
1773	0.293479592354193
1774	0.293460361296787
1775	0.293404278240376
1776	0.293404508122866
1777	0.293424620571109
1778	0.29341910301072
1779	0.293445664970336
1780	0.293489951650614
1781	0.293481177414697
1782	0.293505771101199
1783	0.29347908754284
1784	0.293443316220764
1785	0.293434377837812
1786	0.293365631320613
1787	0.293334315736843
1788	0.29333160938152
1789	0.293408261177629
1790	0.293431473121028
1791	0.293419983686938
1792	0.29342365893947
1793	0.293519890886953
1794	0.293618478680082
1795	0.293673475646075
1796	0.293781225581891
1797	0.293849925913461
1798	0.293880889765381
1799	0.293993438845225
1800	0.294063703175473
1801	0.294052537590527
1802	0.294204729685985
1803	0.294258352648566
1804	0.294216090485148
1805	0.294295661994425
1806	0.294364666880944
1807	0.294339612108814
1808	0.294393060093048
1809	0.294421684852457
1810	0.294388017778442
1811	0.294410405898828
1812	0.294439949028657
1813	0.294570447595731
1814	0.294650942517144
1815	0.29474020568461
1816	0.294825546289613
1817	0.294851933914844
1818	0.294920384870809
1819	0.295052386830892
1820	0.29515364658971
1821	0.295362950448224
1822	0.295469107273539
1823	0.295516977743118
1824	0.295601913049468
1825	0.295548406476071
1826	0.295610734364796
1827	0.295747605556601
1828	0.295852619729073
1829	0.2958480105386
1830	0.295840451594677
1831	0.295740246514719
1832	0.295692056743742
1833	0.29573855657795
1834	0.295883702533225
1835	0.295827743133648
1836	0.295781716010474
1837	0.295757439300934
1838	0.295754580544744
1839	0.295696131857753
1840	0.29566087078957
1841	0.29573970683744
1842	0.295960413570683
1843	0.296109409617256
1844	0.296065665160786
1845	0.296141415036009
1846	0.296225125820288
1847	0.29625264256631
1848	0.296289128289473
1849	0.296419852737683
1850	0.296358243599824
1851	0.296196713267319
1852	0.296186632718749
1853	0.296216515528849
1854	0.296157581663528
1855	0.29617378660965
1856	0.296079381643006
1857	0.295917111009477
1858	0.295647115925683
1859	0.295524290460192
1860	0.295429323364381
1861	0.295331856088666
1862	0.295323517892941
1863	0.295252110745445
1864	0.295150754069982
1865	0.29502782420571
1866	0.294914514242238
1867	0.294725259989749
1868	0.294601936937869
1869	0.294284796693907
1870	0.293981126798731
1871	0.293708947628482
1872	0.293300118761228
1873	0.292834694952839
1874	0.292414129596372
1875	0.2918680059589
1876	0.291336235931861
1877	0.290810266908275
1878	0.290231175389976
1879	0.289629454044989
1880	0.289013965954671
1881	0.288302717032161
1882	0.287558508012629
1883	0.286779713833904
1884	0.285913617842642
1885	0.284987514084541
1886	0.284072304621497
1887	0.282998625409494
1888	0.281903021175547
1889	0.280738032737465
1890	0.279587860308189
1891	0.278566119106333
1892	0.277308148466305
1893	0.275937764776152
1894	0.274554540925073
1895	0.272958680700366
1896	0.271493607410973
1897	0.270134792545764
1898	0.268718788269889
1899	0.267204602798054
1900	0.265558564153316
1901	0.264148920143539
1902	0.262782726937706
1903	0.261487471758663
1904	0.260372969439736
1905	0.259283845271773
1906	0.258108070516607
1907	0.257040198936782
1908	0.256138268138448
1909	0.255437734962955
1910	0.254743064398795
1911	0.254108985808546
1912	0.253537776180189
1913	0.253098003687545
1914	0.252656172312509
1915	0.252297636620556
1916	0.252013642607465
1917	0.251811550183628
1918	0.25152608492178
1919	0.251458241790737
1920	0.251627975565216
1921	0.251663390226452
1922	0.251797410433939
1923	0.251869274571489
1924	0.251811516310631
1925	0.25191979120444
1926	0.252105234841988
1927	0.252227491056922
1928	0.252342074422672
1929	0.252481279883319
1930	0.252595289335929
1931	0.252614615459526
1932	0.252742937781675
1933	0.252904550740667
1934	0.253061736391866
1935	0.253249846044531
1936	0.253450168314178
1937	0.253599618066112
1938	0.253755959552851
1939	0.25401365621467
1940	0.254301292493883
1941	0.254565499971413
1942	0.254897459157777
1943	0.255219182357718
1944	0.255554508728284
1945	0.255803582195049
1946	0.256037919666295
1947	0.256222124575677
1948	0.256411275630756
1949	0.256520926188974
1950	0.256754761557375
1951	0.25712303294401
1952	0.257385042583309
1953	0.257651400768106
1954	0.257955441430307
1955	0.258211199195494
1956	0.258471027492608
1957	0.258661239189923
1958	0.258891736896988
1959	0.259115090391679
1960	0.25927490578448
1961	0.259514175804543
1962	0.259861246509476
1963	0.260116159379299
1964	0.260380357663351
1965	0.260651139036094
1966	0.260890298811565
1967	0.261177225295536
1968	0.261549580508426
1969	0.261831911437908
1970	0.262105606336796
1971	0.262387442011009
1972	0.262665776190402
1973	0.262812206138853
1974	0.263121245554454
1975	0.263600250217422
1976	0.263910203213084
1977	0.26419133195947
1978	0.264458134222667
1979	0.264582729651718
1980	0.26483479999982
1981	0.265195820073711
1982	0.26556503218678
1983	0.265917874292854
1984	0.266274559579601
1985	0.266628056377292
1986	0.267063452447004
1987	0.267425358663964
1988	0.267738752630388
1989	0.268074527495529
1990	0.268408416753919
1991	0.268818420862318
1992	0.269289155471183
1993	0.269839911375854
1994	0.270298773563557
1995	0.270686853913963
1996	0.271083680846221
1997	0.271455158190381
1998	0.271840207130273
1999	0.272234495070211
2000	0.272605185978529
2001	0.272951607018664
2002	0.273294425650153
2003	0.273529116468157
2004	0.273864764306288
2005	0.274262115308737
2006	0.274619101397716
2007	0.274994416724238
2008	0.275496752389805
2009	0.275873607899371
2010	0.276180781084782
2011	0.276542734684689
2012	0.276965480011591
2013	0.277291038706117
2014	0.277521154211334
2015	0.27790579296145
2016	0.278181869349977
2017	0.278470995139538
2018	0.278806475600188
2019	0.279003878135991
2020	0.279285611696413
2021	0.279538389688633
2022	0.279786726518383
2023	0.280079398709458
2024	0.280324156900681
2025	0.280421241834947
2026	0.28060718351511
2027	0.280826797359627
2028	0.281052023480194
2029	0.281231353523129
2030	0.28144026081841
2031	0.28158534847613
2032	0.28168630346189
2033	0.281875423746394
2034	0.282052618525425
2035	0.282268941976458
2036	0.282537443163934
2037	0.282737621077505
2038	0.282793839722754
2039	0.282908185288187
2040	0.282995288528099
2041	0.283095642746456
2042	0.28317314563002
2043	0.283306040639993
2044	0.283451872284529
2045	0.283575776409697
2046	0.283722139292306
2047	0.283995215238126
2048	0.284142269498229
2049	0.284173335978022
2050	0.284246251867755
2051	0.284344048181348
2052	0.284397836512994
2053	0.28453144122399
2054	0.284596405974067
2055	0.284521412059097
2056	0.284654696243339
2057	0.284846583186275
2058	0.28502812873696
2059	0.285213223661847
2060	0.285435354423644
2061	0.285590256147882
2062	0.285559043929052
2063	0.285687729034013
2064	0.285930986661498
2065	0.286099102346128
2066	0.286231332340475
2067	0.286450897008176
2068	0.286532002605747
2069	0.28668040358029
2070	0.286926608295874
2071	0.286969759609237
2072	0.287114345318405
2073	0.287294773282906
2074	0.287439945374946
2075	0.287563391009119
2076	0.287718132696361
2077	0.287896278048435
2078	0.287997637944573
2079	0.288038203224857
2080	0.287985537747025
2081	0.288059154817589
2082	0.288100824606151
2083	0.288313030309586
2084	0.288619435860268
2085	0.288750603718777
2086	0.288823082731723
2087	0.288932192705203
2088	0.289004346191845
2089	0.289063509093121
2090	0.289140318605099
2091	0.289245415255008
2092	0.289332877713577
2093	0.289370763737831
2094	0.289343347636517
2095	0.289297196564994
2096	0.289280303834757
2097	0.289307561643113
2098	0.289527479275659
2099	0.289649028502247
2100	0.289778934205479
2101	0.289842615289194
2102	0.289903838187768
2103	0.289915495181984
2104	0.289963293057793
2105	0.289965854818875
2106	0.290023339103997
2107	0.290131031530871
2108	0.290175895490211
2109	0.290185541687752
2110	0.290263455723706
2111	0.290325947846466
2112	0.29044649781117
2113	0.290612439768186
2114	0.290727783138838
2115	0.290836634410516
2116	0.290933299436634
2117	0.290943032096734
2118	0.290866834174948
2119	0.290843050558823
2120	0.290600981511194
2121	0.290543060343701
2122	0.290646343158577
2123	0.290745098503528
2124	0.290797349489673
2125	0.290903391443616
2126	0.290819357158212
2127	0.290693586484694
2128	0.290625280517687
2129	0.290550849735911
2130	0.290427808857041
2131	0.290166754354233
2132	0.289968080766734
2133	0.289656140194216
2134	0.289446269961106
2135	0.289432638372452
2136	0.289167570619959
2137	0.288855635242879
2138	0.288438066052371
2139	0.288029931234631
2140	0.287649103130622
2141	0.287469561639667
2142	0.287305680825822
2143	0.287081530987042
2144	0.286997130162594
2145	0.286755755522311
2146	0.286317625606543
2147	0.286094395095134
2148	0.285835723627579
2149	0.285636239013671
2150	0.285669228688625
2151	0.285549084033911
2152	0.285338808030734
2153	0.285202846774457
2154	0.28503646729709
2155	0.284844788715673
2156	0.284488028245312
2157	0.284229752257504
2158	0.284034773976402
2159	0.2836394079271
2160	0.283423009043249
2161	0.283266544064816
2162	0.282935794613882
2163	0.282656184878056
2164	0.282373082480757
2165	0.282222915859392
2166	0.281831703379947
2167	0.281357813289428
2168	0.281010527194759
2169	0.280606463645376
2170	0.2802001835096
2171	0.27996694933224
2172	0.279720576006156
2173	0.279197869218128
2174	0.278768939253807
2175	0.278488599533429
2176	0.278160247547847
2177	0.277990416038622
2178	0.277920415798909
2179	0.277715320236621
2180	0.277407834419732
2181	0.277165212439497
2182	0.276883650253108
2183	0.27648611628034
2184	0.27585564956663
2185	0.275494011071349
2186	0.275207867066693
2187	0.274876738578173
2188	0.27481020904493
2189	0.274585299523188
2190	0.274192561072431
2191	0.27366441145243
2192	0.273258145372692
2193	0.272944366520298
2194	0.272700848998638
2195	0.272605956540088
2196	0.272530606551347
2197	0.272212121150423
2198	0.271887228862035
2199	0.271570806083169
2200	0.271299805375194
2201	0.271139929337215
2202	0.27092405050374
2203	0.270680486255472
2204	0.270390081669279
2205	0.270014930875847
2206	0.269775489436385
2207	0.269704597073899
2208	0.269587425816641
2209	0.269475983042256
2210	0.26939228536268
2211	0.269107541276567
2212	0.268993556715977
2213	0.269181336008369
2214	0.269280593600628
2215	0.269495703109199
2216	0.269777178000078
2217	0.269732294248987
2218	0.269675652490579
2219	0.269933105313057
2220	0.270102824815504
2221	0.27023034320445
2222	0.270213559329958
2223	0.270339750663666
2224	0.270334577720619
2225	0.27051092553093
2226	0.271039619549093
2227	0.271358046731879
2228	0.271517873828886
2229	0.271728219112964
2230	0.271941137385681
2231	0.272196954878955
2232	0.272289557103399
2233	0.272237093664947
2234	0.272438744015015
2235	0.27275108159049
2236	0.273076345708335
2237	0.273442379996331
2238	0.273737640362644
2239	0.273725034714135
2240	0.27383284387274
2241	0.27400366664622
2242	0.274102053406427
2243	0.274226116829976
2244	0.274435078898082
2245	0.274795157963826
2246	0.27503656488235
2247	0.275389513439117
2248	0.275610670921614
2249	0.275781925234732
2250	0.276001647812686
2251	0.276170426583371
2252	0.276405692877486
2253	0.27654850076178
2254	0.276824945235939
2255	0.277262299096556
2256	0.277655995424313
2257	0.278086145418026
2258	0.278357541598992
2259	0.278618788049329
2260	0.278987290271053
2261	0.279192711361753
2262	0.279422011213387
2263	0.279449953236968
2264	0.279354364327384
2265	0.279368198165533
2266	0.279196855315657
2267	0.279161277503862
2268	0.279172906099181
2269	0.279056948926118
2270	0.279058056171885
2271	0.278865713120744
2272	0.27850730572734
2273	0.278166207914732
2274	0.277745919295254
2275	0.277359851484491
2276	0.277060177699205
2277	0.2767328110881
2278	0.276247948232673
2279	0.275858277020054
2280	0.275486788037427
2281	0.275178669943754
2282	0.274953036418511
2283	0.27457452575322
2284	0.274126424241841
2285	0.273559478816744
2286	0.272916528059016
2287	0.272269588066129
2288	0.2716291343707
2289	0.271148548646796
2290	0.270678629064578
2291	0.270124734847451
2292	0.269891550011211
2293	0.269353396428232
2294	0.268714328989427
2295	0.268354909120027
2296	0.268088786290304
2297	0.267906433953758
2298	0.267583095097398
2299	0.26736681534424
2300	0.267127468059274
2301	0.266829888229009
2302	0.2665292783378
2303	0.266319092768329
2304	0.265985494204656
2305	0.265379519604579
2306	0.264927672733787
2307	0.264459464416081
2308	0.264093585883698
2309	0.264031942291687
2310	0.263618702764834
2311	0.263136580431793
2312	0.262334616326161
2313	0.261281801913654
2314	0.260368498052592
2315	0.259694306909687
2316	0.259245361412003
2317	0.259094528317236
2318	0.258618754469765
2319	0.258110632904977
2320	0.257621569899571
2321	0.25690616131601
2322	0.256469400064305
2323	0.256147264077935
2324	0.255703299162577
2325	0.2556626559351
2326	0.255769148418183
2327	0.255760864053432
2328	0.255780562071395
2329	0.255788617280626
2330	0.255802303811337
2331	0.255899928842118
2332	0.256154156495942
2333	0.256254053820404
2334	0.256216804408487
2335	0.256377906976744
2336	0.256639011635915
2337	0.256849922682317
2338	0.25720144113318
2339	0.257631910028328
2340	0.258179657789539
2341	0.258602617368798
2342	0.258979948994299
2343	0.259285670726549
2344	0.259372121971952
2345	0.259447200391087
2346	0.259607905537266
2347	0.259818736925818
2348	0.259962981990791
2349	0.260213985686147
2350	0.260101219211998
2351	0.26003674382542
2352	0.260015820655649
2353	0.259865322496879
2354	0.259848219490494
2355	0.260077810047365
2356	0.260032688659675
2357	0.259677320962002
2358	0.259314671105318
2359	0.258895246469101
2360	0.258242656019467
2361	0.257701740179711
2362	0.257506898101995
2363	0.25697825712341
2364	0.256812448613499
2365	0.256929794334581
2366	0.256824353323148
2367	0.256843215383316
2368	0.256509586532833
2369	0.255904493039566
2370	0.255422755952475
2371	0.254932591105206
2372	0.254423596356783
2373	0.2540286162244
2374	0.253510494378159
2375	0.25273701156705
2376	0.252117512168276
2377	0.251594925512936
2378	0.251000686698264
2379	0.25032293434831
2380	0.249826966651611
2381	0.249412887260316
2382	0.249018996395387
2383	0.248726342630242
2384	0.248343683885654
2385	0.248018050549514
2386	0.247513379444689
2387	0.246926497495515
2388	0.246410455225511
2389	0.245910837717318
2390	0.245519980509188
2391	0.245222937223199
2392	0.244961880946853
2393	0.244561956588765
2394	0.244234571583043
2395	0.244183805067905
2396	0.243891848549491
2397	0.243388858008586
2398	0.24308934061422
2399	0.2427447906766
2400	0.242484857844993
2401	0.24235506245482
2402	0.242133775054971
2403	0.242047249476945
2404	0.241864261058689
2405	0.241337727656561
2406	0.241263036429572
2407	0.240907941361031
2408	0.240527978751866
2409	0.240566584817622
2410	0.240140532916172
2411	0.239989259876106
2412	0.239934970029874
2413	0.239720338882378
2414	0.239886754090638
2415	0.239647564742823
2416	0.238954074589202
2417	0.238798649319687
2418	0.238643089468463
2419	0.238533649971907
2420	0.238501931060954
2421	0.238385012111354
2422	0.238039009502826
2423	0.237588883499522
2424	0.237552395750856
2425	0.237404984305167
2426	0.237119123092655
2427	0.23693955239912
2428	0.236803415942004
2429	0.23652224856981
2430	0.236044263013914
2431	0.235684850481108
2432	0.235468825591916
2433	0.235229951919312
2434	0.235126813765642
2435	0.234930142077406
2436	0.234688981423498
2437	0.234408680847975
2438	0.234305857819654
2439	0.233922260841413
2440	0.233620710505472
2441	0.23348643326599
2442	0.233241995982722
2443	0.233177631064449
2444	0.233414064491121
2445	0.23356557084504
2446	0.23403127296505
2447	0.233817310848401
2448	0.233566425909773
2449	0.233158628705497
2450	0.232148473234908
2451	0.231416479682432
2452	0.23065186518925
2453	0.230179394265744
2454	0.22970002731837
2455	0.229480488266069
2456	0.229964998763771
2457	0.229601056823623
2458	0.228903160255207
2459	0.2283823624719
2460	0.227465405024233
2461	0.227075018203196
2462	0.227350930720494
2463	0.226954515358366
2464	0.225815651325906
2465	0.225307861981357
2466	0.2247340139333
2467	0.224198661758009
2468	0.224337733088097
2469	0.2240025891943
2470	0.223135979567054
2471	0.222785295071079
2472	0.222960788031401
2473	0.222471925929244
2474	0.221768058358501
2475	0.221526413329507
2476	0.221618650076315
2477	0.221218518996761
2478	0.221468868900187
2479	0.221290096696812
2480	0.22046641795664
2481	0.219970267384741
2482	0.219638572596361
2483	0.219376191495448
2484	0.219513231004367
2485	0.219138526403983
2486	0.219006892119235
2487	0.21859349842374
2488	0.217276703335863
2489	0.216869803071006
2490	0.217484638581625
2491	0.217247434192999
2492	0.216890241818238
2493	0.216721449867358
2494	0.215867758701874
2495	0.215566464244556
2496	0.216113935198497
2497	0.216347213164899
2498	0.216602280397646
2499	0.216391283049344
2500	0.216146507144237
