350	0.214038504685389
351	0.194361395959652
352	0.208015190796583
353	0.228319701583055
354	0.216894730339161
355	0.210146286226889
356	0.196461927651686
357	0.204872293717876
358	0.202896331937762
359	0.186445281592839
360	0.209867746379302
361	0.194744630876018
362	0.188847163175101
363	0.194502279921616
364	0.194444819166588
365	0.190607262165989
366	0.190506372970615
367	0.188543587354357
368	0.204731997225295
369	0.199787617568846
370	0.193286293534512
371	0.19725280910036
372	0.195578399446303
373	0.190292583352234
374	0.188373315952806
375	0.183466064509803
376	0.184698953134612
377	0.182998739525347
378	0.180233045080508
379	0.181438573158737
380	0.185946756637011
381	0.189525226825404
382	0.186069819899117
383	0.178094671897727
384	0.190566384982286
385	0.190595783567544
386	0.182538778081215
387	0.178287357924972
388	0.179789947678305
389	0.18445409015025
390	0.183304934047107
391	0.179307815195629
392	0.177757542687737
393	0.180549972129791
394	0.178747500460441
395	0.173224812066448
396	0.17693232721966
397	0.18134703036148
398	0.180703621658417
399	0.176937633672207
400	0.170993582010327
401	0.171882809709371
402	0.177198396194121
403	0.172996588246908
404	0.170496764851694
405	0.172257897680861
406	0.177606656878818
407	0.174234194308301
408	0.170770216839224
409	0.169366294271452
410	0.169300863971793
411	0.171164899433692
412	0.168580968629955
413	0.16669824950604
414	0.168735531306458
415	0.168810112090596
416	0.167957580476849
417	0.166292843993409
418	0.165824652549411
419	0.165369043621031
420	0.166850807680585
421	0.166393254334459
422	0.165311497641397
423	0.165150896741567
424	0.163788621843992
425	0.164528692522922
426	0.164432222607071
427	0.165678631628395
428	0.166327016159327
429	0.165649801627745
430	0.16480069398753
431	0.165037892150372
432	0.165911157317861
433	0.164392791295025
434	0.16476137173146
435	0.165747870292359
436	0.166689059725667
437	0.164895920203186
438	0.165248278140078
439	0.165889864400652
440	0.166476767760977
441	0.166276086485854
442	0.166083418712663
443	0.166359672522107
444	0.167148404646072
445	0.167755780428406
446	0.167907476651441
447	0.168038385695512
448	0.168593135046407
449	0.168500892751597
450	0.168678791609236
451	0.168817253478109
452	0.169853431683244
453	0.1701328066633
454	0.170319146217309
455	0.169870288747321
456	0.170497954185201
457	0.17080542679238
458	0.170685732294035
459	0.171147292229844
460	0.17125747913623
461	0.171580037105969
462	0.171948364056471
463	0.172175454517018
464	0.171818213521518
465	0.172234259904528
466	0.172835569202055
467	0.172787278062249
468	0.17290108781172
469	0.173080730707334
470	0.173315990859521
471	0.173676905447241
472	0.173817836633862
473	0.173802439186373
474	0.174365954231158
475	0.174846502979656
476	0.174905726150098
477	0.174698001159656
478	0.17477950805422
479	0.175077619850727
480	0.175315733076144
481	0.175615445582287
482	0.175865175357591
483	0.176134778846792
484	0.176176881771345
485	0.176294100860073
486	0.176590920918664
487	0.177013601634484
488	0.1774389684429
489	0.17746860146047
490	0.177799014501582
491	0.178447159658946
492	0.178962306218393
493	0.179016895012744
494	0.179043434542019
495	0.179570154965156
496	0.180406696249535
497	0.180380465559267
498	0.180632557506908
499	0.180748879563649
500	0.181257584602299
501	0.181858691681059
502	0.182401206996129
503	0.182746870490031
504	0.183277466031069
505	0.183888666403698
506	0.184193682862613
507	0.184498633536231
508	0.18521841018732
509	0.186002276475585
510	0.186554885745034
511	0.186995268963658
512	0.18751937128682
513	0.188031013402027
514	0.188347233402002
515	0.188793284979561
516	0.189406944168435
517	0.189878775120419
518	0.190487573156147
519	0.190968795838763
520	0.19143389079639
521	0.191938851046709
522	0.192452166840354
523	0.192970256136924
524	0.19356383571542
525	0.193949297677142
526	0.194506697351251
527	0.194952879012647
528	0.195310011241749
529	0.195917162903986
530	0.196418171668752
531	0.1968041123471
532	0.197271560297192
533	0.197628142862202
534	0.198215416538457
535	0.198797451220944
536	0.199256365250349
537	0.199622810532879
538	0.199915319322669
539	0.200434692001439
540	0.200847939182491
541	0.201297203943112
542	0.201727055506419
543	0.20218147467074
544	0.202467955826683
545	0.203004951391817
546	0.203586141735596
547	0.204046838099125
548	0.204366491634046
549	0.204750201264638
550	0.205238207962485
551	0.205759461164235
552	0.206151063806307
553	0.206573412005292
554	0.207008328726765
555	0.207508920406307
556	0.208042813546293
557	0.208468317989965
558	0.208835218319368
559	0.209236482102864
560	0.209720282833154
561	0.210348290704451
562	0.21080056979647
563	0.211153979720306
564	0.21156717491614
565	0.212173921325462
566	0.212653796760429
567	0.213053648336561
568	0.213545599968666
569	0.214180310635436
570	0.214665046938856
571	0.215016130629415
572	0.215416747178157
573	0.215928321679613
574	0.216327970978497
575	0.216677998640437
576	0.217107918302862
577	0.217651748645448
578	0.218009691797266
579	0.218441625854302
580	0.218695815577284
581	0.219025831533765
582	0.219431708736693
583	0.21991963320681
584	0.220230295736826
585	0.220548218466261
586	0.220836803838347
587	0.221061003708091
588	0.221427926045851
589	0.22177666442371
590	0.222054814211316
591	0.222382662265582
592	0.222703252698253
593	0.223000718265609
594	0.223265318319908
595	0.223628818055425
596	0.22382996497298
597	0.223968131130822
598	0.224186448093853
599	0.224454629129505
600	0.224625560066739
601	0.224718724621447
602	0.224901385733062
603	0.225212670556155
604	0.225493953791085
605	0.22555475119938
606	0.225658876573769
607	0.225925088520254
608	0.226201248959848
609	0.226441899114568
610	0.226573414688717
611	0.226694102933981
612	0.226956153986352
613	0.227092788193864
614	0.22719052291224
615	0.227248086875223
616	0.227416879327846
617	0.227570302073809
618	0.227731583331406
619	0.227918853314927
620	0.228101845046336
621	0.228286010376105
622	0.22840419422762
623	0.228451367996534
624	0.228607675319683
625	0.228867517764052
626	0.229045804103047
627	0.229141081665343
628	0.229212725564853
629	0.229391462882593
630	0.229529101859632
631	0.229652174449002
632	0.229733012574622
633	0.229847686778712
634	0.23012836304316
635	0.230139639246738
636	0.230218038155829
637	0.230429815304373
638	0.230652084114636
639	0.230733424564329
640	0.230788330997577
641	0.230902003700148
642	0.231112934208995
643	0.2312434583082
644	0.231290202031046
645	0.231333021147679
646	0.231471041098545
647	0.231631165506697
648	0.231734062025005
649	0.231747020404727
650	0.231833263149954
651	0.23203211930292
652	0.232163659981554
653	0.232184206429532
654	0.232235986343274
655	0.232309544000093
656	0.232344641856573
657	0.232398961935582
658	0.232482125143623
659	0.23257934172044
660	0.232665932076776
661	0.232668626926936
662	0.23272312755384
663	0.232745145419056
664	0.232837692500387
665	0.232953229346707
666	0.233021474396488
667	0.232958990370359
668	0.233002960044958
669	0.233111705092565
670	0.233185884974183
671	0.233258012714878
672	0.233426948489729
673	0.233575135546934
674	0.233639321572076
675	0.233721036487327
676	0.233867097877943
677	0.234005191644605
678	0.234148686451764
679	0.234335809153449
680	0.234503757530444
681	0.234678511250452
682	0.234853159397156
683	0.235008669835211
684	0.235115677164938
685	0.235305414064921
686	0.235451558001157
687	0.23554951854826
688	0.235739382794928
689	0.235880906320053
690	0.236003406254299
691	0.236168867680299
692	0.236348969733614
693	0.236524547079449
694	0.236851216345789
695	0.23735393061721
696	0.238040398395913
697	0.238443549211699
698	0.238379732553044
699	0.238022749435155
700	0.237848295532205
701	0.23786297168468
702	0.238014593995404
703	0.238101947495549
704	0.238256897493459
705	0.23841297089031
706	0.238531128182541
707	0.238753701781499
708	0.238907684804397
709	0.239044187704289
710	0.239202742560115
711	0.239366455414113
712	0.239534158146073
713	0.239643195826114
714	0.239775493908613
715	0.239933267431522
716	0.240142252203377
717	0.240270957610968
718	0.240374285348218
719	0.240520288042027
720	0.240646376925803
721	0.240713882300849
722	0.240818873448846
723	0.240920749626645
724	0.241063450320466
725	0.24122650322762
726	0.241354989872557
727	0.241400028889741
728	0.241465620479909
729	0.241526994263111
730	0.241666399332282
731	0.241772446398361
732	0.24179508671628
733	0.241946012757169
734	0.242093681287792
735	0.242165709448259
736	0.242193033878853
737	0.242290221196405
738	0.242402063512508
739	0.242499899375402
740	0.242550286748998
741	0.242644016439726
742	0.242777886914773
743	0.242799403205722
744	0.242863565247028
745	0.242921375250166
746	0.243044991565169
747	0.243136710821754
748	0.243146594678298
749	0.243188290876275
750	0.243327147743376
751	0.243390852586407
752	0.243447560958719
753	0.243448043195947
754	0.243463589856607
755	0.243523305839384
756	0.243599830503014
757	0.243655648729412
758	0.243674974161845
759	0.243715842437588
760	0.24379009117062
761	0.243874666479657
762	0.243904279015349
763	0.24398548824845
764	0.244066626088795
765	0.244063117307366
766	0.24410374354144
767	0.244205920723849
768	0.244276899453225
769	0.244314186626298
770	0.244424577179066
771	0.244469364541142
772	0.244519204874989
773	0.244565944190621
774	0.244557275226361
775	0.244617932812917
776	0.244772016311669
777	0.244812044543722
778	0.244803463229866
779	0.244809331453262
780	0.244863844383698
781	0.244920929307323
782	0.245010997331046
783	0.245062310301082
784	0.245081837141496
785	0.245110561630078
786	0.245141770624224
787	0.245137594184589
788	0.245193920081826
789	0.245227568208743
790	0.245259953104109
791	0.24528989531346
792	0.245328872629476
793	0.245375740575154
794	0.245409109804383
795	0.245362238321868
796	0.24538409666658
797	0.245432873908703
798	0.245465285279044
799	0.245430516357537
800	0.245417081294676
801	0.245421784851154
802	0.245493786834763
803	0.245507722855213
804	0.245441785982599
805	0.245403787663608
806	0.245448233481728
807	0.245429146762891
808	0.245411908609302
809	0.245408875887592
810	0.245383741131701
811	0.245363475960392
812	0.2453719461831
813	0.245314843356861
814	0.245319056929642
815	0.245320507666893
816	0.24526412564377
817	0.245211394398175
818	0.245245235195295
819	0.24521575338242
820	0.245194779349575
821	0.245153105068112
822	0.245197260401919
823	0.245184327617942
824	0.245143785151076
825	0.24506301857722
826	0.245015757812932
827	0.245011412482964
828	0.244973268915091
829	0.244873883145307
830	0.244799003457629
831	0.244798813220225
832	0.244817331129531
833	0.24475548798812
834	0.24462429966215
835	0.244572657680698
836	0.244586192523987
837	0.24453992152427
838	0.244451218090105
839	0.244356237819641
840	0.244307836017268
841	0.244200431276072
842	0.244162523643289
843	0.244057008094209
844	0.244048857160746
845	0.24395047686703
846	0.243895428277986
847	0.243811625792949
848	0.243742136285135
849	0.243713889475971
850	0.24363628046499
851	0.243536246333585
852	0.243553385903038
853	0.243480021866976
854	0.243343937974118
855	0.243159880348512
856	0.243150654269535
857	0.243167195209493
858	0.243077211258495
859	0.242957177887708
860	0.242878620342004
861	0.242850922713634
862	0.242787696264499
863	0.242671776692799
864	0.242555271219863
865	0.242487905147262
866	0.242420514124142
867	0.242341061641819
868	0.242265682210189
869	0.24216774115016
870	0.242133855410043
871	0.24202101239602
872	0.241923175270296
873	0.24188688040799
874	0.241829699749434
875	0.241741102149881
876	0.241657462895318
877	0.24151435988684
878	0.241398430550937
879	0.241343005475335
880	0.24122833465937
881	0.241176989221413
882	0.241126843960321
883	0.241052351881817
884	0.240926976464789
885	0.240910613351092
886	0.240845025304878
887	0.2407866202615
888	0.240673947885066
889	0.240525662195963
890	0.240474450480344
891	0.240429318255532
892	0.240377440686289
893	0.240159303644012
894	0.240078941047693
895	0.240119700743605
896	0.240010793604231
897	0.239865689708336
898	0.23978292629221
899	0.239741857688308
900	0.23969685654222
901	0.239509566795875
902	0.239480739663341
903	0.239550764795988
904	0.23942081821541
905	0.239300797261867
906	0.239156596917374
907	0.239133709413311
908	0.239145673454676
909	0.239109487197663
910	0.238908963841007
911	0.238940023258507
912	0.238820625536742
913	0.238708219960967
914	0.238741956762699
915	0.2387077626238
916	0.238659846002741
917	0.238550889030227
918	0.238516300149329
919	0.238379202085302
920	0.238344256873249
921	0.238296557292678
922	0.238203099338627
923	0.238133844462572
924	0.238202289296308
925	0.23808442971632
926	0.237962605886106
927	0.237931100475963
928	0.237900844257788
929	0.2378280034214
930	0.237830185837776
931	0.237886298876455
932	0.237793420367213
933	0.237734494238088
934	0.237570494190412
935	0.237600218528885
936	0.237732503767374
937	0.237612962068991
938	0.237473214391263
939	0.237446972448495
940	0.237424402096696
941	0.237330890967173
942	0.237119513978105
943	0.237101414102034
944	0.237091456796872
945	0.237123202033231
946	0.237066638246649
947	0.237116010222123
948	0.237089109433494
949	0.237014303864335
950	0.236848198961387
951	0.236876619513502
952	0.237105207887237
953	0.237005866631809
954	0.236924108890595
955	0.236847983658054
956	0.236742723748796
957	0.236838187277839
958	0.236881627806551
959	0.236718944179314
960	0.236615294777554
961	0.236751122661209
962	0.236683123082172
963	0.236568774427854
964	0.236553109318795
965	0.236813783604982
966	0.236800853580515
967	0.236700590771519
968	0.236571122269655
969	0.236675961530841
970	0.236460185855009
971	0.236569445297083
972	0.236620679234268
973	0.23660476837437
974	0.236654219402361
975	0.236641858422761
976	0.236581040079891
977	0.236572707427
978	0.236640970598752
979	0.236586822044399
980	0.236539873118038
981	0.236624333253373
982	0.236672795950684
983	0.23654672925298
984	0.236673930867779
985	0.236803967521136
986	0.236800824362522
987	0.236566782264115
988	0.236401231232896
989	0.236327627402098
990	0.236566499694708
991	0.236494374449695
992	0.236656976133083
993	0.236568337790095
994	0.236732779300074
995	0.236807450663457
996	0.236573263913565
997	0.236573791191754
998	0.23684121849801
999	0.236624080916851
1000	0.236647270787127
1001	0.235476889703597
1002	0.235491951470858
1003	0.235542157058906
1004	0.235658345655475
1005	0.235655994993544
1006	0.235575370815914
1007	0.235544157325818
1008	0.235340906088576
1009	0.235340611813355
1010	0.235357797624904
1011	0.235479199212315
1012	0.235573912075166
1013	0.235692501961444
1014	0.235639993581624
1015	0.235686705066798
1016	0.235566211232975
1017	0.235463736834344
1018	0.235462727060285
1019	0.235303135402119
1020	0.235303082355724
1021	0.23543629700337
1022	0.235408639126458
1023	0.235435349118588
1024	0.235381510319005
1025	0.235209817383292
1026	0.235243046312861
1027	0.235236411564027
1028	0.23521737404046
1029	0.235198569395028
1030	0.235203844059528
1031	0.23515997083393
1032	0.235176065150441
1033	0.235132897125487
1034	0.235004007922758
1035	0.234937665904379
1036	0.235034434135775
1037	0.234968706683762
1038	0.235074841544501
1039	0.23498552411841
1040	0.234976917635238
1041	0.234913100449928
1042	0.234815744890125
1043	0.234817821302169
1044	0.234756031628362
1045	0.234711865943415
1046	0.234697675529709
1047	0.234733069779446
1048	0.234644246896471
1049	0.234644911717283
1050	0.234602790557665
1051	0.234650245663989
1052	0.234630955303544
1053	0.234611090705093
1054	0.234592180510233
1055	0.234570376145238
1056	0.234598581586261
1057	0.234476121195599
1058	0.234509548378111
1059	0.234543725793098
1060	0.234569283500028
1061	0.234578311466321
1062	0.234623351424118
1063	0.234568284411904
1064	0.234656288656057
1065	0.234586124306073
1066	0.23456244618073
1067	0.234499092389854
1068	0.234367073336715
1069	0.234337074362081
1070	0.234431809699594
1071	0.234477563295483
1072	0.234533967199356
1073	0.234525003754567
1074	0.234460580188822
1075	0.234407481181738
1076	0.23439036819523
1077	0.234443694343982
1078	0.234436727984823
1079	0.234513171024141
1080	0.234534420556337
1081	0.234496699382465
1082	0.234522575308694
1083	0.234483023272426
1084	0.234522274307812
1085	0.234510797986137
1086	0.23455801712361
1087	0.234601686503066
1088	0.234662338165845
1089	0.234639301970306
1090	0.234672271415382
1091	0.234697085090383
1092	0.234626979160736
1093	0.234611545985809
1094	0.234562439100828
1095	0.234634267615763
1096	0.234631223051208
1097	0.234632423245093
1098	0.234726454641021
1099	0.234769169897898
1100	0.234769074529644
1101	0.234828044992766
1102	0.234740609064301
1103	0.23470409948688
1104	0.234747855091197
1105	0.234783641419543
1106	0.234737708461605
1107	0.234823880008848
1108	0.234895952074383
1109	0.234899704720046
1110	0.234968831617131
1111	0.23498596761322
1112	0.234991638062161
1113	0.234945485504018
1114	0.234978573333346
1115	0.234962371880124
1116	0.234907068944351
1117	0.234926459649622
1118	0.234887853979991
1119	0.234888272718104
1120	0.234927539146097
1121	0.234970155577347
1122	0.235072917672001
1123	0.235093223431072
1124	0.235093605151406
1125	0.235104804240573
1126	0.235106482737871
1127	0.235091181246189
1128	0.235121245160043
1129	0.235179492622059
1130	0.235205519291774
1131	0.235278486581986
1132	0.235302219455223
1133	0.235236051823458
1134	0.235287098287913
1135	0.23528867383297
1136	0.235325321407395
1137	0.23533029000826
1138	0.235342567062699
1139	0.235403784073416
1140	0.235418426281029
1141	0.235424187757184
1142	0.235425085213221
1143	0.235486495013825
1144	0.235507412652583
1145	0.235605178268441
1146	0.235672228768275
1147	0.235690557389693
1148	0.235726454451809
1149	0.235777930445579
1150	0.235772799510951
1151	0.235868671197667
1152	0.235849700106608
1153	0.235854734385758
1154	0.235886356299587
1155	0.235952972991597
1156	0.23599272502988
1157	0.23608345722444
1158	0.236148295928213
1159	0.236215161017387
1160	0.236275895249576
1161	0.236364429896918
1162	0.236421146382627
1163	0.236475889780022
1164	0.236525058665852
1165	0.236600886673712
1166	0.236659730996097
1167	0.236733878458026
1168	0.236808514959641
1169	0.236866101942459
1170	0.236981648823981
1171	0.237050156561807
1172	0.237133228153553
1173	0.237177706739876
1174	0.237210481040192
1175	0.237269690996984
1176	0.237368152845271
1177	0.237473601094559
1178	0.237600153501572
1179	0.237680416335736
1180	0.237773807216257
1181	0.237851039996239
1182	0.237931471960417
1183	0.237961856775093
1184	0.238021171448183
1185	0.238123832404548
1186	0.238159807311656
1187	0.238252402573291
1188	0.238329902530615
1189	0.238383974689092
1190	0.238406350646576
1191	0.238460768120043
1192	0.238522990776973
1193	0.238601126813296
1194	0.238670560543913
1195	0.238745402441817
1196	0.238803084708765
1197	0.238920594110051
1198	0.238966595975195
1199	0.239022345994973
1200	0.239096423727854
1201	0.239219358486383
1202	0.239318120441324
1203	0.239362660514949
1204	0.239415815557867
1205	0.239463587406975
1206	0.239457511558744
1207	0.239546834726322
1208	0.239644058588971
1209	0.239750935329765
1210	0.239893118261827
1211	0.239979262605386
1212	0.24000454579152
1213	0.240118611077392
1214	0.240188940051056
1215	0.240234078092629
1216	0.24033823295248
1217	0.240440923799024
1218	0.24053629014069
1219	0.240579640172216
1220	0.240655719788371
1221	0.240726445851315
1222	0.240743024758758
1223	0.240798918353633
1224	0.240887649735874
1225	0.241002296381918
1226	0.241092133667816
1227	0.241200886412929
1228	0.24127053587332
1229	0.241347763451261
1230	0.241474917684325
1231	0.241580335773044
1232	0.241687393084695
1233	0.241782289947723
1234	0.241898714786508
1235	0.242008680901267
1236	0.24209569707829
1237	0.242183302967673
1238	0.242279732310633
1239	0.242358354399064
1240	0.242464230216299
1241	0.242604794063676
1242	0.242727517613071
1243	0.242816990602029
1244	0.242920886783295
1245	0.243016408610936
1246	0.24304313147254
1247	0.243128195129598
1248	0.24324897154846
1249	0.24334363698982
1250	0.243477281864845
1251	0.243591093542786
1252	0.243729967200007
1253	0.24386302835741
1254	0.243915685030549
1255	0.244048067075985
1256	0.244119818632832
1257	0.244301182893609
1258	0.244456979738764
1259	0.244589301325562
1260	0.244651204853921
1261	0.244803141887197
1262	0.244915959072507
1263	0.24504838169993
1264	0.245094287449668
1265	0.245200083636408
1266	0.245322794965874
1267	0.245464082821089
1268	0.245576980455907
1269	0.245750479434378
1270	0.245863373107726
1271	0.245983899376416
1272	0.24607663404922
1273	0.246200791349555
1274	0.24634278496495
1275	0.246455562023395
1276	0.246557491750571
1277	0.246695625335284
1278	0.246797601650277
1279	0.246871891428903
1280	0.247024496355877
1281	0.247130431050345
1282	0.247253189872963
1283	0.247477763410713
1284	0.247591666332452
1285	0.247730362140726
1286	0.247866669679942
1287	0.248024697352039
1288	0.248128560498917
1289	0.248278189515117
1290	0.24842398667215
1291	0.248565356496332
1292	0.248680577099824
1293	0.248835152288318
1294	0.248952176249328
1295	0.249109527694179
1296	0.249286359095645
1297	0.249403063097207
1298	0.249510269276875
1299	0.249617853293702
1300	0.249760116906379
1301	0.249891248075771
1302	0.25007646375532
1303	0.250230979182024
1304	0.250301977665774
1305	0.250434954361855
1306	0.250534548453584
1307	0.250634248183049
1308	0.25080838153344
1309	0.250981320169651
1310	0.251168098991109
1311	0.251284515276368
1312	0.25142543538042
1313	0.251522264064199
1314	0.251682856411636
1315	0.251852830547915
1316	0.251988382151642
1317	0.252109333999506
1318	0.252252442050719
1319	0.252368485241472
1320	0.252486926895011
1321	0.252547623336612
1322	0.252673665577358
1323	0.252783477289049
1324	0.252937161863893
1325	0.253115274273401
1326	0.253263951054842
1327	0.253322192428657
1328	0.253436201857565
1329	0.253489858726935
1330	0.253570109626447
1331	0.253763372809265
1332	0.253879247804633
1333	0.254013384987814
1334	0.254132426524408
1335	0.254213510605224
1336	0.254317805763024
1337	0.25442355600237
1338	0.254484070262796
1339	0.254595583368577
1340	0.254745633285824
1341	0.25483311321177
1342	0.254990867347114
1343	0.255083977643031
1344	0.255112487333268
1345	0.255194795604125
1346	0.255342032440135
1347	0.255484440724289
1348	0.255638682978224
1349	0.255767141971843
1350	0.255889356227887
1351	0.255970234924427
1352	0.256038832488878
1353	0.256127227120938
1354	0.256174531687001
1355	0.256252983034632
1356	0.256400646000598
1357	0.256509355771395
1358	0.256632023285279
1359	0.256704752375307
1360	0.256824375193791
1361	0.2568644438198
1362	0.256889159886314
1363	0.256929948996575
1364	0.256901939439886
1365	0.256825978185515
1366	0.25672741202122
1367	0.256604533388216
1368	0.256447606676559
1369	0.256294536066108
1370	0.256121291888352
1371	0.255908393922332
1372	0.255696168344421
1373	0.255487840464114
1374	0.255297641223932
1375	0.255082836623408
1376	0.254913626913226
1377	0.254767203085042
1378	0.254677690473352
1379	0.254664809871371
1380	0.254554980498661
1381	0.254430520091932
1382	0.254277696699618
1383	0.254088126201991
1384	0.253856063566707
1385	0.253555780332674
1386	0.253282930515015
1387	0.252959341916409
1388	0.252652576562104
1389	0.252321447114215
1390	0.252001893746999
1391	0.251638522668059
1392	0.251310488688199
1393	0.251113538589366
1394	0.250957004669968
1395	0.250840384717345
1396	0.250770053508478
1397	0.250805394706176
1398	0.250852502522829
1399	0.250952589886601
1400	0.251183876651012
1401	0.251384404796044
1402	0.251615368973739
1403	0.251822862509117
1404	0.252006324388827
1405	0.252206502320416
1406	0.252354369454227
1407	0.252540096678318
1408	0.252717343826579
1409	0.252888711448762
1410	0.25309857768883
1411	0.253298824619343
1412	0.253508074932653
1413	0.253730033178982
1414	0.253965531791633
1415	0.254245261582326
1416	0.254527358332775
1417	0.254807757985711
1418	0.25511846773648
1419	0.255392417960695
1420	0.255652456300799
1421	0.255942940016998
1422	0.25621746445697
1423	0.256461172201044
1424	0.256763445268993
1425	0.25705113040501
1426	0.257316486957859
1427	0.2575904320483
1428	0.257865059495344
1429	0.258100131813715
1430	0.258314120449853
1431	0.258508293364745
1432	0.258745200163422
1433	0.258975288474584
1434	0.259191428551419
1435	0.259441212524881
1436	0.259665528967767
1437	0.259848420351426
1438	0.260080923389775
1439	0.260314207789693
1440	0.260533535239403
1441	0.260729099031598
1442	0.260935245279484
1443	0.261150737515833
1444	0.261336111181357
1445	0.261511850451894
1446	0.261713198641578
1447	0.261880798489557
1448	0.262076663295764
1449	0.262299270933804
1450	0.262482078027237
1451	0.26269124413492
1452	0.262853240869146
1453	0.263022590499687
1454	0.263171392361969
1455	0.263344814194094
1456	0.263539519793092
1457	0.263732127789413
1458	0.263927858530284
1459	0.264119093441912
1460	0.264252218260798
1461	0.26437806399039
1462	0.264526584476601
1463	0.264687641402913
1464	0.264820223917001
1465	0.264989051324224
1466	0.265155717626673
1467	0.265286517347387
1468	0.265413728735964
1469	0.265568449951578
1470	0.265736049410871
1471	0.265891559412694
1472	0.266041344350763
1473	0.266189589152431
1474	0.266300883201405
1475	0.266457887817403
1476	0.266598609862242
1477	0.266740193706783
1478	0.266908488874283
1479	0.267058922615759
1480	0.267239712010809
1481	0.267399088095547
1482	0.2675624231579
1483	0.267700239269569
1484	0.267850558431516
1485	0.267989125944924
1486	0.268140297108552
1487	0.268302101191479
1488	0.268461616407934
1489	0.268624255830921
1490	0.268773308121236
1491	0.26892846274218
1492	0.269078396516836
1493	0.269209296589556
1494	0.269373137796811
1495	0.269535740844736
1496	0.269701132129093
1497	0.269819053922059
1498	0.269934263435891
1499	0.270069645216577
1500	0.270205569911662
1501	0.27035012638972
1502	0.270523993452706
1503	0.270660867180912
1504	0.270781455115022
1505	0.270873153972866
1506	0.270951149139695
1507	0.271066338282654
1508	0.271171940009497
1509	0.271287744115954
1510	0.271441661585503
1511	0.27155814160535
1512	0.271663736417677
1513	0.271746171517911
1514	0.271874484182231
1515	0.272026032676244
1516	0.272154540252863
1517	0.272283799599244
1518	0.272420623186488
1519	0.272506868811482
1520	0.272629553171792
1521	0.272756370317013
1522	0.272861861491648
1523	0.272931111167274
1524	0.273037168806724
1525	0.273142576675018
1526	0.273199133157608
1527	0.273319628280116
1528	0.273417970511636
1529	0.273497468274368
1530	0.273605269817119
1531	0.273759255879003
1532	0.273909408909619
1533	0.274051390197048
1534	0.274151664683052
1535	0.274233580504229
1536	0.274334407344818
1537	0.27443946993005
1538	0.274558994631239
1539	0.274639503599561
1540	0.274744794066456
1541	0.274869462667614
1542	0.274975454572502
1543	0.275104468382972
1544	0.275211177628512
1545	0.275299448397129
1546	0.275382605906376
1547	0.275491808629917
1548	0.275566328796507
1549	0.275609314147786
1550	0.27567499191883
1551	0.275748874005312
1552	0.275814973009367
1553	0.275944286712841
1554	0.276029592433301
1555	0.276112297823688
1556	0.276207554212711
1557	0.276320685024242
1558	0.276407207439073
1559	0.276539582250467
1560	0.276626756664613
1561	0.276665864848177
1562	0.27675354948792
1563	0.276862785544289
1564	0.276916688764113
1565	0.277012192121021
1566	0.277116448366595
1567	0.277169325039591
1568	0.277274170386726
1569	0.277358430478674
1570	0.27745809770522
1571	0.27753156682985
1572	0.277641578167007
1573	0.277746869305824
1574	0.277822658359991
1575	0.277919921430227
1576	0.277996288556722
1577	0.278077561863432
1578	0.278164294919534
1579	0.278230663174477
1580	0.278308149653886
1581	0.278384503424498
1582	0.278488165517754
1583	0.278512794814921
1584	0.278607118039305
1585	0.278696727928435
1586	0.278785855523411
1587	0.27887907272025
1588	0.278998933463
1589	0.279064387158418
1590	0.279149046752152
1591	0.279270679569187
1592	0.279392275522686
1593	0.279448720070763
1594	0.279534822854188
1595	0.279602341560132
1596	0.279668699025803
1597	0.27977399556141
1598	0.279810200271048
1599	0.279866999465324
1600	0.279919679406618
1601	0.280018065039174
1602	0.280054977900002
1603	0.280114930989515
1604	0.280209931630744
1605	0.280280144330257
1606	0.280349087657836
1607	0.280474337861003
1608	0.280543935692137
1609	0.280638185550399
1610	0.280729421301901
1611	0.280839862000491
1612	0.280904848869826
1613	0.280956461789128
1614	0.281049137106682
1615	0.281097084965678
1616	0.281169094688903
1617	0.281282701435647
1618	0.281366091163853
1619	0.28141834354001
1620	0.281513128625907
1621	0.281596303999306
1622	0.281681050635828
1623	0.281719621005476
1624	0.28181584496036
1625	0.281897115409224
1626	0.281994124908824
1627	0.282118384602511
1628	0.282216294001065
1629	0.282335865842335
1630	0.282423626148255
1631	0.282447036064985
1632	0.282513223603303
1633	0.282605180844515
1634	0.282683095535401
1635	0.282708511607937
1636	0.282758603372005
1637	0.282869961567212
1638	0.282903368332317
1639	0.282963684094312
1640	0.283059951715327
1641	0.2831092129967
1642	0.283148781432607
1643	0.2832168299008
1644	0.283268275672949
1645	0.283288459481931
1646	0.283357885374286
1647	0.283420420634001
1648	0.283519643094011
1649	0.283617903441567
1650	0.283677175962793
1651	0.283764172705878
1652	0.283847403098918
1653	0.283925298414379
1654	0.283979773988693
1655	0.284041168122434
1656	0.284101873426669
1657	0.284166660230978
1658	0.284257491106898
1659	0.284355447734734
1660	0.284483248779943
1661	0.284590628774613
1662	0.284707938351306
1663	0.284859666028474
1664	0.284972574055697
1665	0.285052691423211
1666	0.285142435884704
1667	0.285159464316036
1668	0.285231706484318
1669	0.285361048258871
1670	0.285483651050749
1671	0.285622576231022
1672	0.285727826303574
1673	0.28585422036481
1674	0.286004145903417
1675	0.286080406590471
1676	0.286187746948759
1677	0.28631041363276
1678	0.286431440206343
1679	0.286566141369952
1680	0.28670106673591
1681	0.286762669332521
1682	0.286924300986188
1683	0.287051238059097
1684	0.287227345318539
1685	0.287442639023294
1686	0.287575735134505
1687	0.287767718178717
1688	0.287889366033323
1689	0.287973530047405
1690	0.28809635765343
1691	0.288167486913889
1692	0.288278315249999
1693	0.288395369694382
1694	0.288526808256942
1695	0.288673828086185
1696	0.288826123190741
1697	0.28905010516233
1698	0.289204072908552
1699	0.28930785883382
1700	0.289422754756128
1701	0.289512401155646
1702	0.289587636303323
1703	0.289673932511862
1704	0.289796850979459
1705	0.289838312532957
1706	0.289917948911865
1707	0.290041225179078
1708	0.290153455825562
1709	0.290232310099041
1710	0.29021198432474
1711	0.290277869426
1712	0.290430183650523
1713	0.29043874314694
1714	0.290465494382905
1715	0.290554983004719
1716	0.290550446128918
1717	0.290585494208894
1718	0.290627316014325
1719	0.290679028075131
1720	0.290659623415839
1721	0.290629049040597
1722	0.290565710658347
1723	0.290518497892319
1724	0.290490740525706
1725	0.29049354527474
1726	0.290499762397741
1727	0.290450274710855
1728	0.290353286012781
1729	0.290278306638934
1730	0.290173513797765
1731	0.290089139148711
1732	0.290080210037871
1733	0.290020961225422
1734	0.289968907065248
1735	0.289886980764801
1736	0.289839358698556
1737	0.28980390241995
1738	0.289759270843104
1739	0.289653588985639
1740	0.289584383486641
1741	0.289517644664913
1742	0.289534691655636
1743	0.289568094619742
1744	0.28962263267271
1745	0.289591809934239
1746	0.289598067849262
1747	0.289589476046373
1748	0.289538328258281
1749	0.289498628648426
1750	0.289484799216368
1751	0.289464136671576
1752	0.289435152530812
1753	0.289444758234925
1754	0.289437509654265
1755	0.289391038562327
1756	0.289349968160355
1757	0.289321051953469
1758	0.289313223501613
1759	0.28930472172092
1760	0.289219400623262
1761	0.289162446262806
1762	0.28912142424267
1763	0.289031533051424
1764	0.288993551623911
1765	0.288914013530361
1766	0.288818879416268
1767	0.288802986718449
1768	0.288812406998298
1769	0.28881072899861
1770	0.288803771335854
1771	0.288721000935984
1772	0.288660247492184
1773	0.288625117808907
1774	0.288581973571399
1775	0.288524812289324
1776	0.288592969880599
1777	0.288623252237359
1778	0.288574867629845
1779	0.288561288877945
1780	0.288550227411158
1781	0.28862545842816
1782	0.288570796146033
1783	0.288553913517717
1784	0.288567056638845
1785	0.288582444451171
1786	0.288640422965521
1787	0.288667863601131
1788	0.288736563198329
1789	0.28867304986034
1790	0.288655084679701
1791	0.288555074328516
1792	0.288579433595157
1793	0.288590129071509
1794	0.288565221315281
1795	0.288635637330109
1796	0.288628395469325
1797	0.288611502586084
1798	0.288676706756026
1799	0.288803009581592
1800	0.288833056210814
1801	0.288935974600216
1802	0.288895657341741
1803	0.288873936243568
1804	0.288853712298175
1805	0.288908618837293
1806	0.288944165839462
1807	0.289038923198702
1808	0.289144778210928
1809	0.289140885396786
1810	0.289207970462631
1811	0.289196878896001
1812	0.289164759973521
1813	0.289201513247213
1814	0.289286230066433
1815	0.28926874934326
1816	0.289331211966029
1817	0.289371509157517
1818	0.289432354255564
1819	0.289473014718296
1820	0.289485653871963
1821	0.289412002013682
1822	0.289436674314235
1823	0.289588084082811
1824	0.289636161703392
1825	0.289787872652937
1826	0.289851360840656
1827	0.289780591384197
1828	0.289807840373767
1829	0.289911721011531
1830	0.289987283546742
1831	0.289904627434171
1832	0.290028525410847
1833	0.289996173563457
1834	0.29008975403332
1835	0.290215120770563
1836	0.290231600884426
1837	0.29009622925242
1838	0.290097216722192
1839	0.290120897530725
1840	0.290098719950442
1841	0.29036647203645
1842	0.290517683433055
1843	0.290435857777839
1844	0.290550717189976
1845	0.29053984050008
1846	0.290367407289655
1847	0.290377041814023
1848	0.290410970078798
1849	0.290511589798904
1850	0.290475025433376
1851	0.290461869286276
1852	0.290485146506524
1853	0.290379347254223
1854	0.290372776809843
1855	0.290400003539474
1856	0.29048315024058
1857	0.290580844413187
1858	0.290588724354876
1859	0.290564341920955
1860	0.290510823201096
1861	0.290352796065536
1862	0.29020036073017
1863	0.290103235881955
1864	0.290096189517612
1865	0.289991377420113
1866	0.289850802732104
1867	0.289724264041133
1868	0.289638509366394
1869	0.289571892546737
1870	0.289387492610805
1871	0.289325064437066
1872	0.289216783229698
1873	0.289023649945425
1874	0.28875930162451
1875	0.288442584319971
1876	0.288261661108693
1877	0.28807107870204
1878	0.28786776391871
1879	0.287707987863844
1880	0.287476962802409
1881	0.287156778798422
1882	0.286589555061869
1883	0.286175585927804
1884	0.285914605700368
1885	0.285520153475001
1886	0.285208036044334
1887	0.284738446705378
1888	0.284270851662683
1889	0.283516017507859
1890	0.282781633895361
1891	0.281998753642453
1892	0.281214872228586
1893	0.280356538056118
1894	0.279562287155641
1895	0.27869783177579
1896	0.277923329696906
1897	0.277244750695651
1898	0.276479309937475
1899	0.275733336361376
1900	0.275037884787692
1901	0.27433493080635
1902	0.273580415867866
1903	0.272907549056836
1904	0.272301802239798
1905	0.271749518672361
1906	0.271201366324498
1907	0.270666402337669
1908	0.270129290156483
1909	0.26952615673146
1910	0.269149616525157
1911	0.268777361459804
1912	0.268522091924948
1913	0.26851725349023
1914	0.268368202548689
1915	0.268175494919553
1916	0.268043123656387
1917	0.268058923344465
1918	0.267937379294065
1919	0.267991184981087
1920	0.268246428317446
1921	0.268307683011098
1922	0.268389738754687
1923	0.268466527351224
1924	0.268417651732301
1925	0.268488539881653
1926	0.26871428951807
1927	0.26880055150853
1928	0.268886661699025
1929	0.268867656708101
1930	0.268974964008503
1931	0.269065475847735
1932	0.26921734780818
1933	0.269643824740281
1934	0.269882513636912
1935	0.269936698986405
1936	0.270108607472746
1937	0.270342175072343
1938	0.270534600236466
1939	0.27068977331566
1940	0.270901746099721
1941	0.271116733848818
1942	0.271275087246457
1943	0.271389344798972
1944	0.271622634934259
1945	0.271723262846975
1946	0.271567067389772
1947	0.27161235492428
1948	0.271809012486093
1949	0.271963288693075
1950	0.272170681691877
1951	0.272547020907614
1952	0.27274616543513
1953	0.272849775950716
1954	0.273004101456344
1955	0.273198816753976
1956	0.273365855346083
1957	0.273507824867356
1958	0.273666623890704
1959	0.273834030930768
1960	0.273938523880201
1961	0.27408385647221
1962	0.274213752056553
1963	0.274330169121024
1964	0.274392240101218
1965	0.274511221792402
1966	0.274591622769913
1967	0.274781139673372
1968	0.275157417510409
1969	0.275331928096008
1970	0.275381623643468
1971	0.275508776149671
1972	0.275582672353009
1973	0.275502414268899
1974	0.275574340108563
1975	0.275802578342159
1976	0.275919308791529
1977	0.275996987078893
1978	0.276147631124178
1979	0.276256645418692
1980	0.27639964144017
1981	0.276579256912568
1982	0.276722548231755
1983	0.276899699365632
1984	0.277056143086456
1985	0.277246402720576
1986	0.277370106888995
1987	0.277534937953799
1988	0.277734388476944
1989	0.277960597197318
1990	0.278255557379348
1991	0.278490419188057
1992	0.278868463908232
1993	0.279097376427773
1994	0.279349394563236
1995	0.279534834567548
1996	0.279790996656989
1997	0.280101827115809
1998	0.280296100248313
1999	0.280489157788919
2000	0.280700504846628
2001	0.280865566388556
2002	0.281069499086273
2003	0.281213340017749
2004	0.281521044327177
2005	0.281752311884824
2006	0.282011908714956
2007	0.282318586701806
2008	0.282729706513663
2009	0.282999874953107
2010	0.283332709607905
2011	0.283498882032162
2012	0.283325992633234
2013	0.28345858084536
2014	0.28372042924042
2015	0.283901918534022
2016	0.284164742336766
2017	0.284500160691804
2018	0.284629986948442
2019	0.284753912314256
2020	0.284998636361846
2021	0.28535784055244
2022	0.285574033334316
2023	0.285682469489054
2024	0.285865438751616
2025	0.285996426318864
2026	0.286188714086665
2027	0.286378526980624
2028	0.286728927908897
2029	0.28705857527155
2030	0.287279441869452
2031	0.287495920911462
2032	0.28766616883094
2033	0.287857574573395
2034	0.287989418438073
2035	0.288112547506283
2036	0.288221230501311
2037	0.288318702621479
2038	0.288279769804626
2039	0.288390289572416
2040	0.288593806039696
2041	0.288706262096318
2042	0.288820236890921
2043	0.289033396315967
2044	0.289141085679799
2045	0.289181334225149
2046	0.289232427796275
2047	0.289246748558036
2048	0.289306833670072
2049	0.289455278464478
2050	0.289485062835511
2051	0.289484766377048
2052	0.28955820316916
2053	0.289645973960095
2054	0.289767820777355
2055	0.290031182141274
2056	0.290253158972925
2057	0.290445666006577
2058	0.29061594162475
2059	0.290687021020626
2060	0.290588832595881
2061	0.290672981307355
2062	0.290722847565801
2063	0.290869325778722
2064	0.291132816032066
2065	0.291403021121042
2066	0.291494983674028
2067	0.291530848457314
2068	0.29158724834686
2069	0.291809132894162
2070	0.291991693731885
2071	0.292134395258146
2072	0.292167435581078
2073	0.292085870924733
2074	0.292096740667406
2075	0.292121003762408
2076	0.292190868943321
2077	0.292342946122711
2078	0.292409349463032
2079	0.292457915149167
2080	0.292464008880185
2081	0.292481430583834
2082	0.292601097041651
2083	0.292772000951683
2084	0.292859691124508
2085	0.293000103642992
2086	0.293124753073963
2087	0.293247188932642
2088	0.293345893540048
2089	0.29345013062051
2090	0.293527833808848
2091	0.293645707812162
2092	0.293789481955978
2093	0.29387411617893
2094	0.293876828541237
2095	0.294034554978879
2096	0.293985610882041
2097	0.293912084655933
2098	0.29408204212069
2099	0.294146449657643
2100	0.294184475549148
2101	0.294246236978237
2102	0.294299752605892
2103	0.294219367291657
2104	0.294269188615165
2105	0.294455985241389
2106	0.294544693960494
2107	0.294680228250183
2108	0.294632287388627
2109	0.294579306983978
2110	0.294711745254367
2111	0.294877491954457
2112	0.294850368780059
2113	0.294844674295494
2114	0.294755113617551
2115	0.294666639684756
2116	0.29455868612264
2117	0.294492992320416
2118	0.294494886410202
2119	0.294462195313844
2120	0.294353666686035
2121	0.294334380154892
2122	0.294416640227051
2123	0.29440459804374
2124	0.294404331857429
2125	0.29453360799334
2126	0.294530661215228
2127	0.294347211664196
2128	0.294238013208314
2129	0.294021893655136
2130	0.293726732478465
2131	0.293539411918556
2132	0.293318186675903
2133	0.293133117615101
2134	0.292914713750497
2135	0.292733474859456
2136	0.292528094557875
2137	0.292352372899802
2138	0.292168484981421
2139	0.291899634142008
2140	0.291616355345785
2141	0.291427188565427
2142	0.291114841062426
2143	0.290851298554571
2144	0.290712264317075
2145	0.290417372238117
2146	0.290148247074979
2147	0.289840919250549
2148	0.289383965861785
2149	0.289020074017938
2150	0.288774922186949
2151	0.288424243039793
2152	0.288144887367228
2153	0.287932674070559
2154	0.287782822755802
2155	0.28761745116889
2156	0.287567735017766
2157	0.287442211212166
2158	0.287169266748221
2159	0.286874678192048
2160	0.286637527599716
2161	0.286373018370279
2162	0.285978385519089
2163	0.285646348585133
2164	0.285367883169756
2165	0.285147210677761
2166	0.284867262858062
2167	0.284657771704843
2168	0.284335511165359
2169	0.283802760611078
2170	0.283488417102811
2171	0.283301124456958
2172	0.283024136181442
2173	0.282803467974927
2174	0.282391788199377
2175	0.281907686272196
2176	0.281534622120555
2177	0.28107724287357
2178	0.280727197055706
2179	0.280295509750131
2180	0.279739576964442
2181	0.279398834157146
2182	0.279155313867594
2183	0.278804042429272
2184	0.278431340161764
2185	0.278111525184002
2186	0.277657778383371
2187	0.27728862100573
2188	0.27709772134396
2189	0.276796726918249
2190	0.276478107191383
2191	0.276146159709878
2192	0.275773440636362
2193	0.27538410547505
2194	0.274988173774831
2195	0.274548647811319
2196	0.274159178575027
2197	0.273719001660315
2198	0.273351798038846
2199	0.273165704929505
2200	0.272885511260869
2201	0.272577403617928
2202	0.27224223092942
2203	0.271771774191012
2204	0.271489136990504
2205	0.271317256341518
2206	0.271074899923773
2207	0.270997081112885
2208	0.270793030118342
2209	0.27051162196454
2210	0.270169174463773
2211	0.270131664728225
2212	0.270220294743555
2213	0.270129892023037
2214	0.270240497343021
2215	0.270442152316621
2216	0.270374892620049
2217	0.270496567217417
2218	0.270754270440173
2219	0.270761587237661
2220	0.27081273985144
2221	0.270931750588014
2222	0.27097073040937
2223	0.271210100501951
2224	0.271692260795134
2225	0.271862798645112
2226	0.272033656479154
2227	0.272156557763737
2228	0.271911974460402
2229	0.272019826413018
2230	0.272392008565669
2231	0.272685854856695
2232	0.273021236706978
2233	0.273292603143359
2234	0.273394823154291
2235	0.273520634501908
2236	0.273766250570781
2237	0.274023647396344
2238	0.274311504305366
2239	0.274781077827675
2240	0.275063481211643
2241	0.275261008545695
2242	0.27550178476167
2243	0.275745647050113
2244	0.275998540382481
2245	0.276261765067622
2246	0.276579152765324
2247	0.276823335096564
2248	0.277108351239199
2249	0.277629005490528
2250	0.277926399482749
2251	0.277788590603733
2252	0.278056049231481
2253	0.278285251979176
2254	0.27869762279979
2255	0.279311088109061
2256	0.280025369347193
2257	0.280251227003731
2258	0.280553288672871
2259	0.280823430941794
2260	0.280949645911929
2261	0.28121190804563
2262	0.281253391415512
2263	0.281395717289067
2264	0.281722872714084
2265	0.281800650436013
2266	0.281985552189353
2267	0.282195508907711
2268	0.282191520722953
2269	0.282091354433109
2270	0.282017201972216
2271	0.281875058859369
2272	0.281487131665564
2273	0.281301590861666
2274	0.281264848645946
2275	0.281057826671761
2276	0.280810256740092
2277	0.280600831058727
2278	0.280282600352219
2279	0.28003516496878
2280	0.279761866289463
2281	0.279404947194095
2282	0.279104129471468
2283	0.278717281904437
2284	0.278184022547081
2285	0.277822007155851
2286	0.277360864453912
2287	0.276771179413664
2288	0.276311262632484
2289	0.275679062978123
2290	0.275093217176968
2291	0.274679926759272
2292	0.274333122848725
2293	0.273979559308333
2294	0.273646052518375
2295	0.273246619729647
2296	0.272911918763083
2297	0.272566997465142
2298	0.272465830694513
2299	0.272561067097781
2300	0.272333584478581
2301	0.272073058554803
2302	0.271812728097733
2303	0.271357217151115
2304	0.270994239413613
2305	0.270770518545817
2306	0.270412638663252
2307	0.269760423485591
2308	0.269303633319154
2309	0.268975700832467
2310	0.268494727701491
2311	0.26819001020299
2312	0.26761145509348
2313	0.266859249630432
2314	0.266344302133021
2315	0.265724141377922
2316	0.265188641167182
2317	0.264905021577274
2318	0.264570164421733
2319	0.264220022050595
2320	0.263879420474569
2321	0.263221669991888
2322	0.262295402198833
2323	0.261666165672121
2324	0.261180149759844
2325	0.260875305049158
2326	0.261079672702684
2327	0.261062861367504
2328	0.26117288180452
2329	0.261174100748231
2330	0.261237900473737
2331	0.261313484874718
2332	0.261384794733732
2333	0.261430634075035
2334	0.261504161922763
2335	0.261597687393579
2336	0.261563663230812
2337	0.261889037143455
2338	0.262443226452446
2339	0.2629137523985
2340	0.26355072225821
2341	0.263937295502013
2342	0.26419407050697
2343	0.264554449500799
2344	0.264926560290423
2345	0.265185331698344
2346	0.265588993123527
2347	0.265812953002769
2348	0.265954421162143
2349	0.265961720344467
2350	0.266056594984619
2351	0.2659248127397
2352	0.265809206772307
2353	0.26582332636738
2354	0.265784915861359
2355	0.265792172754693
2356	0.265957881582772
2357	0.266106756036275
2358	0.266233159165897
2359	0.266122321351367
2360	0.265986449813701
2361	0.265840496826324
2362	0.265092767422145
2363	0.264691360304666
2364	0.264412259923786
2365	0.263980540157551
2366	0.26375374222727
2367	0.263929238197735
2368	0.263718269245435
2369	0.263422406555286
2370	0.262894974068075
2371	0.262196893501535
2372	0.261587799358994
2373	0.261046270446457
2374	0.260530410591811
2375	0.260411057461351
2376	0.259868457979071
2377	0.259079726327777
2378	0.258452933624158
2379	0.257730527734683
2380	0.257090899050159
2381	0.256698022461566
2382	0.256194931076574
2383	0.255446587750536
2384	0.254989428314722
2385	0.254863238833128
2386	0.254417235331746
2387	0.253906003125574
2388	0.253583242277561
2389	0.253291086475605
2390	0.252845475167495
2391	0.252592486900106
2392	0.252372339521613
2393	0.251802271775649
2394	0.251575515704827
2395	0.251731310510772
2396	0.251661041711778
2397	0.251550349151239
2398	0.251337027911903
2399	0.251039104993821
2400	0.250525995053645
2401	0.250113914934891
2402	0.250201221377233
2403	0.250277867507929
2404	0.25019573058053
2405	0.250034333016049
2406	0.249753971220501
2407	0.249430880190768
2408	0.249518720003505
2409	0.249677151685136
2410	0.249468056621774
2411	0.24930829775903
2412	0.248937591202866
2413	0.248560736090819
2414	0.248705409628283
2415	0.248826057240259
2416	0.248923489350201
2417	0.248813448164295
2418	0.248951439694412
2419	0.249056289675459
2420	0.248649268863601
2421	0.248545735217567
2422	0.248375319755935
2423	0.247986222534288
2424	0.248168650017284
2425	0.248157637283252
2426	0.247956627213635
2427	0.247944185531414
2428	0.247974114721262
2429	0.247792921588604
2430	0.247591990896527
2431	0.247479466782852
2432	0.247225296124584
2433	0.247010305063907
2434	0.246949988484299
2435	0.246830493266537
2436	0.246843833444986
2437	0.24664576137576
2438	0.246469658186408
2439	0.246395861737108
2440	0.246267724789376
2441	0.24613890851474
2442	0.246152396706308
2443	0.245967593401462
2444	0.245397572134286
2445	0.24520472427791
2446	0.245592443076483
2447	0.245535235016217
2448	0.245592245258511
2449	0.245399459836115
2450	0.244780274022262
2451	0.244495814262415
2452	0.244393496716371
2453	0.244270414719234
2454	0.24424414167632
2455	0.244034519980934
2456	0.243534182090462
2457	0.243404674104596
2458	0.243422006514774
2459	0.243026883468313
2460	0.242191484194062
2461	0.241692707928162
2462	0.240873244301847
2463	0.240392344220728
2464	0.240013973537849
2465	0.239911550181756
2466	0.239970953303641
2467	0.239831969578363
2468	0.240215525143583
2469	0.23991486372708
2470	0.238764930466075
2471	0.238349807065116
2472	0.237888498954496
2473	0.237520398412278
2474	0.23771434209076
2475	0.237331263129527
2476	0.236408100966934
2477	0.235997223932496
2478	0.235480617227817
2479	0.235042615938651
2480	0.235155157926821
2481	0.235086824717023
2482	0.234763719204871
2483	0.234526003531596
2484	0.234006332757628
2485	0.233697176023067
2486	0.233284562917396
2487	0.233134628830436
2488	0.233946837026201
2489	0.233633201533285
2490	0.232700603722857
2491	0.232038033780172
2492	0.230112215855248
2493	0.229899137508691
2494	0.231561509973934
2495	0.23177376823363
2496	0.232543074477428
2497	0.232599828430694
2498	0.231825023465046
2499	0.231501428220996
2500	0.230899445170753
