350	0.473038183979499
351	0.484470763624317
352	0.464657910083366
353	0.457546384009623
354	0.453623130501951
355	0.466500934809854
356	0.453012065470955
357	0.453469585497482
358	0.462240385391488
359	0.458402391829665
360	0.460541465811047
361	0.461874550354008
362	0.460271018344906
363	0.458722287047841
364	0.453236353409011
365	0.452462260332499
366	0.448394470882004
367	0.450086421968586
368	0.450474973684415
369	0.445299883019531
370	0.441486346952913
371	0.443157601192587
372	0.438975987299067
373	0.439266006249584
374	0.434088479637187
375	0.430633919352505
376	0.426814495728473
377	0.421930805246256
378	0.421240877834488
379	0.420238416216192
380	0.416258727228954
381	0.41436651902607
382	0.410987331330392
383	0.409967428497517
384	0.406282079790912
385	0.404211026651268
386	0.403459243757274
387	0.405497894050781
388	0.403455329076352
389	0.404010631036699
390	0.403891177534491
391	0.401956094622837
392	0.398188149676806
393	0.397404500767578
394	0.396469521911102
395	0.394926796426187
396	0.391429714546388
397	0.38996970291667
398	0.38851454747307
399	0.385139915905466
400	0.385410831260597
401	0.383284286408852
402	0.382525856527246
403	0.382140737563499
404	0.381488965499482
405	0.378494598599112
406	0.376705447080745
407	0.375896970010847
408	0.376946347478251
409	0.377190228825647
410	0.377216119195216
411	0.372288848728774
412	0.370261463088227
413	0.371179963126415
414	0.370565040670163
415	0.368396512127286
416	0.366666030112643
417	0.365333956734443
418	0.363130626263619
419	0.362946936092454
420	0.36209038883212
421	0.359303149294663
422	0.358295872007034
423	0.358563259647265
424	0.357158239331281
425	0.355986463435399
426	0.355302677723215
427	0.353595504863836
428	0.352257861885906
429	0.352000567553224
430	0.351165774560066
431	0.350433740036206
432	0.349366279596124
433	0.34849230131568
434	0.347622404125348
435	0.346690382841328
436	0.346043073044968
437	0.345308866343756
438	0.345476203065668
439	0.345378639356581
440	0.344985794801396
441	0.344307489788442
442	0.343734685318457
443	0.343384446878423
444	0.342400492700158
445	0.34142114891934
446	0.341397382453684
447	0.341262545122284
448	0.340332733512165
449	0.339575964865471
450	0.339554951101192
451	0.339429106133909
452	0.339009798321346
453	0.338663204637063
454	0.338141065585411
455	0.337705000512416
456	0.337234981615783
457	0.336899517881388
458	0.336822591689193
459	0.336192317886982
460	0.335667746546057
461	0.335736973809706
462	0.335760891405428
463	0.335122081666701
464	0.334572565756138
465	0.33427977499549
466	0.333902855531863
467	0.333574195402609
468	0.333596717578506
469	0.333593710625328
470	0.333249206023059
471	0.332839265815265
472	0.332456391449592
473	0.332093723946767
474	0.332055277732866
475	0.331731319613045
476	0.331307225232606
477	0.331348419221031
478	0.331128412411713
479	0.330976007564435
480	0.330824869199881
481	0.330640049275797
482	0.330651094176996
483	0.330303392591228
484	0.330207200354371
485	0.330174055526784
486	0.329879987099154
487	0.329808566227724
488	0.329685529749594
489	0.329694696232419
490	0.329757902519048
491	0.329696869212003
492	0.329824309150166
493	0.329818554352006
494	0.329745525784966
495	0.329937802870419
496	0.330070523790023
497	0.329901658346267
498	0.329898411068178
499	0.330267966292934
500	0.330454199489429
501	0.330219224260832
502	0.330086763926565
503	0.330350297447948
504	0.33023976406127
505	0.330290634889663
506	0.330520820164998
507	0.330784773524187
508	0.330869381017284
509	0.330883730311016
510	0.330877650983262
511	0.33090852603174
512	0.331199573570932
513	0.331211040327237
514	0.331190299048489
515	0.331245177469926
516	0.331326584430711
517	0.331519044297127
518	0.331701377989431
519	0.331717293355125
520	0.331747471674953
521	0.331702035238575
522	0.331875492922668
523	0.33231964460227
524	0.33241767269294
525	0.332447190033594
526	0.33267767524103
527	0.332915006392177
528	0.333003189543126
529	0.333095999476951
530	0.333360445847059
531	0.333617898581463
532	0.333840514777108
533	0.333912127730101
534	0.334141210495173
535	0.334356302688828
536	0.334494180036452
537	0.334745220769771
538	0.334937635785895
539	0.335170029406968
540	0.335316938952971
541	0.335521024803601
542	0.33576217330538
543	0.336045682571203
544	0.336168360990113
545	0.336394743174396
546	0.336630632674011
547	0.3369653240196
548	0.337223436361744
549	0.337455423908339
550	0.337753106363205
551	0.338027643103131
552	0.338191958426974
553	0.338450000144107
554	0.33878093438733
555	0.33908208377698
556	0.339330047632488
557	0.339566764443798
558	0.339797438924946
559	0.340026739042897
560	0.340324292860558
561	0.340649861685553
562	0.340910141816963
563	0.341137602642885
564	0.341444559040629
565	0.341742749384515
566	0.341994006003726
567	0.342271026682821
568	0.342505668599229
569	0.342804306160318
570	0.34303988088188
571	0.343192369945635
572	0.343382357683938
573	0.343601665269378
574	0.343730971030745
575	0.343957713941151
576	0.344180876645733
577	0.344370922757393
578	0.344489973465386
579	0.344707379722541
580	0.344960457856081
581	0.345167645499628
582	0.345339311003458
583	0.345436483936859
584	0.345597962051094
585	0.345824500178686
586	0.346063255433711
587	0.346170928095016
588	0.346313665191124
589	0.346443187941476
590	0.34652708904742
591	0.34670522956018
592	0.346762106499201
593	0.346859816522663
594	0.347012018628501
595	0.347204939955842
596	0.347370514960412
597	0.347526317515363
598	0.347733630696514
599	0.347883800228226
600	0.347993833305667
601	0.348089241996715
602	0.348227756551469
603	0.34834948892227
604	0.348416559672214
605	0.348422382305573
606	0.348517513721794
607	0.348631326388561
608	0.348676003208339
609	0.348689270736927
610	0.348761524391042
611	0.348875478628902
612	0.349009915211699
613	0.349093847629287
614	0.349066931394895
615	0.349101065765876
616	0.349129717412476
617	0.34915614221726
618	0.349163913766461
619	0.349283725227306
620	0.349415107085936
621	0.349442246582854
622	0.349458030089564
623	0.349582853740239
624	0.349671091300036
625	0.349728047201452
626	0.349812797095765
627	0.34985304020217
628	0.34986399462393
629	0.349924297105043
630	0.349899956995144
631	0.350026347027374
632	0.350127525918506
633	0.35014696892687
634	0.3502751480248
635	0.35038832142226
636	0.350465651842523
637	0.350490929264643
638	0.350573732182989
639	0.350631937985268
640	0.350718604990692
641	0.350875621313763
642	0.350910874523019
643	0.350975114650509
644	0.351028889013579
645	0.351115078632297
646	0.351161192324078
647	0.35116652849231
648	0.351224116023232
649	0.351357486794467
650	0.35139450554073
651	0.351430347271888
652	0.35150238647954
653	0.351571319609041
654	0.351628848523878
655	0.351654136473137
656	0.35177056978882
657	0.351864404187345
658	0.351883158450784
659	0.351910632469039
660	0.352016648687578
661	0.352157111333427
662	0.352339630320286
663	0.352479407918695
664	0.352577630985038
665	0.352643336488511
666	0.352670485592113
667	0.352737967561701
668	0.352810308173326
669	0.352913292831126
670	0.353006384249081
671	0.35306896884752
672	0.353170905970977
673	0.353268452281495
674	0.35332148949418
675	0.353441650711166
676	0.353584762096962
677	0.353651293260645
678	0.353757939289869
679	0.353836647698759
680	0.353836923394973
681	0.35398056358834
682	0.354145477844711
683	0.35424979986115
684	0.35431762954878
685	0.354393017120218
686	0.354446062802632
687	0.354503593548584
688	0.354587436002203
689	0.354534997084452
690	0.354549982983402
691	0.354684134237946
692	0.354851942043232
693	0.354963951362459
694	0.355204109917792
695	0.355688330012471
696	0.356248631475759
697	0.356411219371744
698	0.356194793424491
699	0.355801662829742
700	0.355662165806682
701	0.35568947603589
702	0.355791756066863
703	0.35584149758637
704	0.355871854077515
705	0.356004101672455
706	0.356135412263297
707	0.35617462708227
708	0.356243678210071
709	0.356337684297766
710	0.356409406363151
711	0.356466890938034
712	0.356545100006215
713	0.356627876740981
714	0.356685988761987
715	0.356742883989311
716	0.35688847428943
717	0.357016458310953
718	0.35700015979179
719	0.357036396164151
720	0.357110472871498
721	0.357086625145868
722	0.357151353985622
723	0.357220743864894
724	0.357324486410002
725	0.357391110293631
726	0.357492000236574
727	0.357597494663143
728	0.357618263290252
729	0.357616715578376
730	0.357670366844915
731	0.35775016643311
732	0.357834339735323
733	0.357871193281791
734	0.357901745633044
735	0.357965061175318
736	0.358042347704285
737	0.358113623985458
738	0.358157728002571
739	0.358209808493767
740	0.358265442327166
741	0.358329052037636
742	0.358442096414474
743	0.358542285732699
744	0.358515401442681
745	0.358530577969092
746	0.358644987434386
747	0.35872217775223
748	0.358755178270482
749	0.358806187185909
750	0.358914453378497
751	0.358973233115312
752	0.359022042487761
753	0.359050833268779
754	0.359138607272406
755	0.359182385202129
756	0.359213134120923
757	0.359236523612742
758	0.359352824816806
759	0.359414509321233
760	0.359413552378448
761	0.359365584870846
762	0.35932972102133
763	0.359299448146998
764	0.359255034844682
765	0.359264846653612
766	0.359426851070484
767	0.359550769621082
768	0.359607392489913
769	0.359691435855493
770	0.359861739290235
771	0.359999083331504
772	0.360056556949765
773	0.360091162079745
774	0.360163976146818
775	0.36021680442273
776	0.360262759754202
777	0.360295432517391
778	0.3602911231006
779	0.360373224668772
780	0.360494013213656
781	0.360477470330465
782	0.360494058507024
783	0.360566066073489
784	0.360632786952005
785	0.36065839939819
786	0.360639605160079
787	0.36068022966056
788	0.360708044755117
789	0.360771666370855
790	0.360800593823689
791	0.360774053297188
792	0.360841095419219
793	0.360960012973276
794	0.360991963197278
795	0.360970266889512
796	0.360987696677948
797	0.361060002702201
798	0.361151187618402
799	0.361109347196867
800	0.361135292967683
801	0.361188617880904
802	0.361251211219087
803	0.361299757132243
804	0.36127660710335
805	0.361270813566867
806	0.361358850412721
807	0.361428473023531
808	0.361410145605099
809	0.361358892967272
810	0.361406299735269
811	0.361519376963471
812	0.361606065260034
813	0.361645553498551
814	0.361596260472958
815	0.361609189021043
816	0.361666468941451
817	0.361677572676224
818	0.361718773893933
819	0.361714754051172
820	0.361726840171557
821	0.361852034260582
822	0.36186320991632
823	0.361864315173087
824	0.361885336159783
825	0.361926206741428
826	0.362040969376073
827	0.362080051848722
828	0.362088379825964
829	0.362110941685033
830	0.362185054789265
831	0.362248963699168
832	0.362189006487778
833	0.362179773108399
834	0.3622289009333
835	0.36230352692045
836	0.362322591996844
837	0.362330704825918
838	0.362334222539914
839	0.362374801129399
840	0.362435570152841
841	0.362446504128253
842	0.362452563874438
843	0.362450818580801
844	0.362431290149546
845	0.362463257048931
846	0.36256966609804
847	0.362626741743172
848	0.362581177688453
849	0.362537768131155
850	0.362578371419726
851	0.362618528263577
852	0.362699149130722
853	0.362693756553568
854	0.362650698101168
855	0.362681472259329
856	0.362776601171508
857	0.362795515548897
858	0.362746927005719
859	0.362764695856625
860	0.362808148351011
861	0.362868232705411
862	0.362911177572981
863	0.362890397365481
864	0.362876373069672
865	0.362867079206661
866	0.362846009691507
867	0.362871786647321
868	0.36294175276071
869	0.362942709401864
870	0.362893058930294
871	0.362887185079307
872	0.363028621972539
873	0.363049565002342
874	0.363050093942029
875	0.362992867368669
876	0.363033501076568
877	0.363109601994742
878	0.36315992156991
879	0.363092741552566
880	0.363097397273731
881	0.363072824992924
882	0.363121506340755
883	0.363207687154337
884	0.36321895989067
885	0.363233549559973
886	0.363236455850109
887	0.363208190062918
888	0.36327789413092
889	0.363333784859351
890	0.363371529879702
891	0.363310182296886
892	0.363260992391999
893	0.36332929890612
894	0.363404177423884
895	0.363421023540636
896	0.363333599970267
897	0.363346672224863
898	0.363362489516368
899	0.363429346413123
900	0.36343516035185
901	0.363451844475546
902	0.363415884571693
903	0.363402444979177
904	0.363358683076055
905	0.363383437101631
906	0.363505968862407
907	0.363518076955117
908	0.363512341749938
909	0.363516252440668
910	0.363519642984572
911	0.363460278363118
912	0.363478887007525
913	0.363544054900495
914	0.363551775660793
915	0.3635096002497
916	0.36344125600705
917	0.363521785671598
918	0.363572711571675
919	0.363567301162572
920	0.363567820637283
921	0.363601199852488
922	0.36357281460402
923	0.363583952458918
924	0.363723332895651
925	0.363812287553279
926	0.363692538933264
927	0.36369007938049
928	0.363712842713767
929	0.363776085982634
930	0.363749908109518
931	0.363700570593688
932	0.363662027433277
933	0.363658365040219
934	0.363645356886009
935	0.363681903355853
936	0.363692914256256
937	0.363825423541047
938	0.363903255244385
939	0.363724713128123
940	0.363646612100594
941	0.363676634735695
942	0.363760699984398
943	0.363813826001036
944	0.363768911036988
945	0.363633944783111
946	0.363583470313419
947	0.363773678022388
948	0.363736077928444
949	0.363631090471635
950	0.36357715027811
951	0.363639861267875
952	0.363673615819015
953	0.363640581922757
954	0.363624610298172
955	0.363680199877147
956	0.36380171252887
957	0.363915654601208
958	0.363825367413488
959	0.363659297876585
960	0.363871176772395
961	0.363898211804232
962	0.363846146282926
963	0.363937540913137
964	0.363811748490724
965	0.363966157001321
966	0.364022168349449
967	0.364006465474347
968	0.36404583289033
969	0.364229763265118
970	0.364221550310413
971	0.3642816438379
972	0.364278151430924
973	0.364255703564327
974	0.36430426711323
975	0.364423111844311
976	0.364441574613262
977	0.364572356969501
978	0.36457277631657
979	0.364478028766445
980	0.364409259629045
981	0.364407982644763
982	0.364637411134793
983	0.364695133517773
984	0.364602680535929
985	0.364568921187979
986	0.364569377005356
987	0.364666543269203
988	0.364823096522762
989	0.36494973056421
990	0.364934224931161
991	0.364661716627275
992	0.364743122672462
993	0.365014371385048
994	0.364981433642841
995	0.364677579282516
996	0.364812861178969
997	0.36506482022353
998	0.36506660871892
999	0.365009443402077
1000	0.365151577603825
1001	0.370339676603662
1002	0.370413220543047
1003	0.370482987747238
1004	0.370378126792927
1005	0.370346598050608
1006	0.370232838643325
1007	0.370158221890008
1008	0.370075162388739
1009	0.370164696141286
1010	0.370303730163948
1011	0.370390795552332
1012	0.370343295135422
1013	0.370356299996658
1014	0.370317540130239
1015	0.370211645310729
1016	0.370183144837974
1017	0.370173788161258
1018	0.370145840675999
1019	0.370016681693846
1020	0.36994893209242
1021	0.370075659848551
1022	0.370187015286888
1023	0.370203527567113
1024	0.370164402231692
1025	0.370085111484057
1026	0.370007538236797
1027	0.370064906295873
1028	0.370094136554813
1029	0.370084110468449
1030	0.370029642038304
1031	0.370085550362776
1032	0.370130328425373
1033	0.370044364985434
1034	0.37001559990915
1035	0.369931347223113
1036	0.369825465322788
1037	0.369743338362461
1038	0.369762028891906
1039	0.369780252296186
1040	0.369745019411731
1041	0.369763128710313
1042	0.36978730140992
1043	0.369714574955391
1044	0.369732546841219
1045	0.369795845233393
1046	0.369788389559739
1047	0.369765521845396
1048	0.369793114479229
1049	0.369822251960507
1050	0.369825010009828
1051	0.369907454698117
1052	0.369851618623998
1053	0.369779755799992
1054	0.369758867096641
1055	0.36982238270073
1056	0.369908044472587
1057	0.369887097674234
1058	0.369837028517118
1059	0.369822500687627
1060	0.369757216736079
1061	0.369815886719079
1062	0.369800658684076
1063	0.369816572467094
1064	0.369940401460823
1065	0.36991387320517
1066	0.369968256211829
1067	0.36995473685496
1068	0.369876849518512
1069	0.369845473249533
1070	0.3698067751812
1071	0.369880722997623
1072	0.369818517647066
1073	0.369834877365286
1074	0.36988549984555
1075	0.369874276802971
1076	0.369815873141366
1077	0.369856860933088
1078	0.36983203720944
1079	0.369737306698175
1080	0.369717200529405
1081	0.369645393753333
1082	0.369646322476456
1083	0.369734043752063
1084	0.369690461448529
1085	0.369677393494328
1086	0.36967394056636
1087	0.369572295029317
1088	0.369434186202692
1089	0.369429037761659
1090	0.369513276539938
1091	0.369483559254675
1092	0.369550943109793
1093	0.369578090633042
1094	0.369493522578469
1095	0.369477838335436
1096	0.369541435103161
1097	0.369525619708985
1098	0.369521483158032
1099	0.369521710825565
1100	0.36948800876173
1101	0.369453646258277
1102	0.369462167796816
1103	0.369501927713615
1104	0.36954676746558
1105	0.369582566271436
1106	0.369593080514126
1107	0.369578682989912
1108	0.369602597264588
1109	0.369646514945973
1110	0.369673844312762
1111	0.369689869201093
1112	0.36969429621328
1113	0.369641361576048
1114	0.369652152586316
1115	0.369634969215453
1116	0.369623113267999
1117	0.369604852387085
1118	0.369598064598277
1119	0.369587293996229
1120	0.36954005302052
1121	0.369529819740766
1122	0.369595819199691
1123	0.369631577626593
1124	0.369682106411824
1125	0.369693499545055
1126	0.369690240469037
1127	0.36967636421271
1128	0.369703463578346
1129	0.369758221130996
1130	0.36979195474834
1131	0.369800311397602
1132	0.369848504924603
1133	0.369813344050985
1134	0.369857820050218
1135	0.369899254771876
1136	0.369920672121503
1137	0.36993546602692
1138	0.37001621822664
1139	0.370033132019615
1140	0.370109960371393
1141	0.370149783506977
1142	0.370187742282718
1143	0.370170755903226
1144	0.370227176551349
1145	0.370229983900615
1146	0.370298598274495
1147	0.370380208516467
1148	0.370403398648521
1149	0.370471163223355
1150	0.370453737388547
1151	0.370526624000501
1152	0.370579857381965
1153	0.370611179440658
1154	0.370666577038422
1155	0.370673782397394
1156	0.370754885783894
1157	0.37076495582556
1158	0.370846704528146
1159	0.370842304422754
1160	0.370899850556586
1161	0.370956817365199
1162	0.370990582361105
1163	0.371063413200546
1164	0.371125754624286
1165	0.371168224627331
1166	0.371217242022977
1167	0.371257604727968
1168	0.371295283754914
1169	0.37136263919736
1170	0.371397445695306
1171	0.371459419323308
1172	0.371510269304716
1173	0.371524119359182
1174	0.371589968770257
1175	0.371628006529149
1176	0.3716828374454
1177	0.371744767038774
1178	0.371811391644838
1179	0.371816008114013
1180	0.371834747655625
1181	0.371873816032778
1182	0.371913303943725
1183	0.37196259513934
1184	0.37199214019535
1185	0.372046769358798
1186	0.372114178246003
1187	0.37216176065488
1188	0.372206876142585
1189	0.372243791807674
1190	0.372267295633307
1191	0.372272509588478
1192	0.372267620130088
1193	0.372255685889075
1194	0.372269977648412
1195	0.372279673901946
1196	0.372312963648961
1197	0.372284248550296
1198	0.372297565894625
1199	0.372364308238286
1200	0.372367581002929
1201	0.372406017189201
1202	0.372456319670694
1203	0.372452340522035
1204	0.372429648738032
1205	0.372432670107544
1206	0.372437612247623
1207	0.37246165759872
1208	0.372469318115139
1209	0.372490509730815
1210	0.37248910812676
1211	0.372500452607152
1212	0.37247798421158
1213	0.372517913809218
1214	0.372558344758056
1215	0.372564354568657
1216	0.372558738047068
1217	0.372516669514877
1218	0.37248344460018
1219	0.372469956339008
1220	0.372500911504601
1221	0.372521614883701
1222	0.372542928206686
1223	0.372562735782962
1224	0.372574818738685
1225	0.372576234886747
1226	0.372557494218104
1227	0.372551378175979
1228	0.372561118876693
1229	0.372555873426806
1230	0.37257984854211
1231	0.372627222063178
1232	0.372627222063178
1233	0.372613118095761
1234	0.372641597452922
1235	0.372700264238937
1236	0.372757254242461
1237	0.372754893888891
1238	0.372749684712009
1239	0.372736678757036
1240	0.372745722992983
1241	0.372792968650738
1242	0.372803947825239
1243	0.372819839182992
1244	0.372849036989202
1245	0.372900980270951
1246	0.372963267737173
1247	0.372991245049493
1248	0.373032579053846
1249	0.373065179673212
1250	0.373018336722856
1251	0.373017118432258
1252	0.373048715909316
1253	0.373076219620328
1254	0.373115663476852
1255	0.373133476416166
1256	0.373164642745138
1257	0.373225731409944
1258	0.373357399801275
1259	0.373370313627294
1260	0.373393913375887
1261	0.373421357675539
1262	0.373413733274741
1263	0.37347025969747
1264	0.373473813236687
1265	0.37354355232431
1266	0.373605123524019
1267	0.373606652459956
1268	0.37360963134147
1269	0.373683811870071
1270	0.373691649628712
1271	0.373680108116711
1272	0.37371217947625
1273	0.373721776835608
1274	0.373768399219696
1275	0.373810593715384
1276	0.373872086539949
1277	0.373898956988395
1278	0.373905854399564
1279	0.373988473492455
1280	0.374010346676682
1281	0.374066193507637
1282	0.374062873090864
1283	0.374142852139944
1284	0.374164988278458
1285	0.374158208825543
1286	0.374144559158918
1287	0.374187440485027
1288	0.374185717710516
1289	0.374234215177398
1290	0.374314071240721
1291	0.374353002112773
1292	0.374409631795157
1293	0.374444118962012
1294	0.374446592827053
1295	0.37445503617377
1296	0.374509328322019
1297	0.374475289910192
1298	0.374511686506359
1299	0.374488447455986
1300	0.374437463470415
1301	0.374463124899154
1302	0.374433211014053
1303	0.374486716708266
1304	0.374504322962249
1305	0.374536633936315
1306	0.374541683417628
1307	0.374585407438975
1308	0.374614630285046
1309	0.3745769748938
1310	0.374626658108686
1311	0.374595132531603
1312	0.374612202644615
1313	0.3746399619274
1314	0.374640838642195
1315	0.374621697795227
1316	0.37463371317758
1317	0.374648628798594
1318	0.374676782934876
1319	0.374677798923165
1320	0.37470043915097
1321	0.374739217300302
1322	0.374798406387362
1323	0.374851024977654
1324	0.374872665216474
1325	0.374872200489505
1326	0.374847116224238
1327	0.374805599939985
1328	0.374811818274545
1329	0.37480577256996
1330	0.374796866486881
1331	0.374816296467914
1332	0.374867252136331
1333	0.374880589544711
1334	0.374944393908947
1335	0.374995621076103
1336	0.375071552421301
1337	0.375104711853111
1338	0.375128342309833
1339	0.375189087740565
1340	0.375227288778504
1341	0.375323810355738
1342	0.375378022878375
1343	0.37543055633909
1344	0.375416000893793
1345	0.375472102170131
1346	0.375451333362269
1347	0.375470604024516
1348	0.375546822121939
1349	0.37558276409461
1350	0.375616367126539
1351	0.375651327107046
1352	0.375687982134866
1353	0.375778015646045
1354	0.375898866522675
1355	0.375956812961814
1356	0.376011021175205
1357	0.37608416035792
1358	0.376133201982286
1359	0.376179430580775
1360	0.376246976433577
1361	0.376259017173101
1362	0.376299391653136
1363	0.376291989053558
1364	0.376275775482297
1365	0.376267984996174
1366	0.376267790916357
1367	0.376248873395433
1368	0.376237359437432
1369	0.376204660767334
1370	0.376198112073867
1371	0.376161903049237
1372	0.376079895866438
1373	0.375954289266133
1374	0.375757023554713
1375	0.375529597276003
1376	0.375313307592279
1377	0.37510277494099
1378	0.374833174602284
1379	0.374552036001765
1380	0.374207081263543
1381	0.373804530065087
1382	0.373344760720306
1383	0.372805036084128
1384	0.372221435092448
1385	0.37152256689879
1386	0.370842267582981
1387	0.370132322949839
1388	0.369403298122161
1389	0.36861901049463
1390	0.367931967036335
1391	0.367229623044351
1392	0.366598809048175
1393	0.366152349790675
1394	0.365852047936222
1395	0.365692296924072
1396	0.365746133257415
1397	0.365833342803626
1398	0.366022094012155
1399	0.366229634791378
1400	0.36659186593877
1401	0.366869624910586
1402	0.367259737438045
1403	0.367511061432221
1404	0.36778229349244
1405	0.368007444819746
1406	0.368184871847247
1407	0.368373496875758
1408	0.368606983648208
1409	0.3687983880108
1410	0.368968506300955
1411	0.369173365689358
1412	0.369387143115312
1413	0.369587543379053
1414	0.369811260513299
1415	0.37005403991328
1416	0.370307540153086
1417	0.370564262568757
1418	0.370832714013448
1419	0.371092940035263
1420	0.371339700132196
1421	0.371599488389604
1422	0.371851828560296
1423	0.372146896754993
1424	0.372432667503251
1425	0.372728115331361
1426	0.372976573745392
1427	0.373197591805258
1428	0.373403971103702
1429	0.37363757411536
1430	0.373809650130068
1431	0.373943478837225
1432	0.374079859207488
1433	0.374230564188576
1434	0.374349277875549
1435	0.374456779234583
1436	0.374575856790784
1437	0.374726101646697
1438	0.374878205507491
1439	0.375055561858302
1440	0.375211871335759
1441	0.375370801734309
1442	0.375509537713045
1443	0.375611117053456
1444	0.375732154094926
1445	0.375818727043883
1446	0.37591097239058
1447	0.37603591199718
1448	0.376121312950114
1449	0.376197631357684
1450	0.376276132979059
1451	0.376266061385435
1452	0.376355900402764
1453	0.376442894648983
1454	0.376525860600772
1455	0.376640410325429
1456	0.376738841479954
1457	0.376849871280327
1458	0.376971246605807
1459	0.377042209475271
1460	0.377135628724934
1461	0.377200638631997
1462	0.377238127980362
1463	0.377278173182192
1464	0.377344430152714
1465	0.377384694458517
1466	0.377430553276363
1467	0.377496531413305
1468	0.377570534326525
1469	0.377619135551394
1470	0.377708888668915
1471	0.377799421547873
1472	0.377929980723512
1473	0.377990771875116
1474	0.378080293127244
1475	0.37812997431673
1476	0.378173309083323
1477	0.378230663189474
1478	0.378246767940831
1479	0.378292807148801
1480	0.378375755620498
1481	0.378403049130108
1482	0.378486708606933
1483	0.378525833053429
1484	0.378563208746614
1485	0.378644959397282
1486	0.378688880806711
1487	0.378740165498731
1488	0.378832184837441
1489	0.378883806472944
1490	0.378951444727548
1491	0.37896059398715
1492	0.379007219025065
1493	0.379023993178548
1494	0.379021760470846
1495	0.379014958845637
1496	0.379016229156638
1497	0.379052503109445
1498	0.37908061302652
1499	0.379140821595997
1500	0.379227187413123
1501	0.379299671440404
1502	0.379347939639449
1503	0.379401227739559
1504	0.379424848022761
1505	0.379439179372989
1506	0.379547596193313
1507	0.37957418164763
1508	0.379619036010663
1509	0.379609602715038
1510	0.379566662373146
1511	0.379532936456162
1512	0.379503513925177
1513	0.379461067759992
1514	0.37945360694558
1515	0.379502916869988
1516	0.379543153847832
1517	0.37963579685742
1518	0.379667479982813
1519	0.379717897374489
1520	0.379813104027239
1521	0.379877838132082
1522	0.379930130669456
1523	0.379977153385046
1524	0.380017420377411
1525	0.380016350363404
1526	0.380052232630094
1527	0.380036871877399
1528	0.380040195389822
1529	0.380040359582303
1530	0.380031237124084
1531	0.379970750782506
1532	0.379973996048088
1533	0.379909672990574
1534	0.379900307101179
1535	0.379955512617703
1536	0.379971323023853
1537	0.380057405306545
1538	0.380111257560819
1539	0.38018312200126
1540	0.380250021135874
1541	0.380297359336418
1542	0.380318559589322
1543	0.380366629760627
1544	0.380375262823792
1545	0.380387955618759
1546	0.380375818757435
1547	0.380359636880696
1548	0.380347411946839
1549	0.380353390850463
1550	0.380341115016761
1551	0.380325111216927
1552	0.380346704310868
1553	0.380394421628453
1554	0.380408054211139
1555	0.380448738377087
1556	0.380488536156145
1557	0.380495115935724
1558	0.380556398980383
1559	0.380669941534729
1560	0.380705531358967
1561	0.380747305329512
1562	0.380761753999758
1563	0.380732510497305
1564	0.380755254794175
1565	0.380747847771216
1566	0.380792241781667
1567	0.380746261647897
1568	0.380790792105072
1569	0.380863875060605
1570	0.380892069083186
1571	0.380960379981464
1572	0.381015652557561
1573	0.381093789526158
1574	0.381136077515895
1575	0.381155145796509
1576	0.381184199018095
1577	0.381140454003887
1578	0.381098472253358
1579	0.381055335272002
1580	0.381048727785604
1581	0.381043108885811
1582	0.381080796889945
1583	0.381083988935539
1584	0.381144125861441
1585	0.381147792886129
1586	0.381227188688126
1587	0.38127717079739
1588	0.38134853250692
1589	0.38141502552364
1590	0.381478334055297
1591	0.38150720959134
1592	0.381570968254561
1593	0.381560257583121
1594	0.381573728662069
1595	0.381529898951157
1596	0.381492493583559
1597	0.381439238143221
1598	0.381419034330048
1599	0.381404867650237
1600	0.381407473431826
1601	0.381406198623351
1602	0.381423017888827
1603	0.381409284372998
1604	0.381454692248755
1605	0.381551307240036
1606	0.381634709889365
1607	0.381715914872965
1608	0.381776679729034
1609	0.381841538051292
1610	0.381893871673947
1611	0.381953374205136
1612	0.381997209059525
1613	0.382051523772591
1614	0.382043007593611
1615	0.382053935305011
1616	0.38203978641535
1617	0.381984327053651
1618	0.381931481810612
1619	0.38190271203563
1620	0.381888128604071
1621	0.381881391456404
1622	0.381851879033098
1623	0.381877151590468
1624	0.381871602617617
1625	0.381851480853377
1626	0.381875741547996
1627	0.381980855600848
1628	0.382035530893565
1629	0.382124671497528
1630	0.382179911502295
1631	0.382256305156498
1632	0.382296917062223
1633	0.382312149594513
1634	0.382353057854943
1635	0.382404018873456
1636	0.38240530788416
1637	0.382405418939033
1638	0.382406716860137
1639	0.382412377721448
1640	0.382388769958878
1641	0.382378355837923
1642	0.382385570899406
1643	0.38239642868088
1644	0.382394137966658
1645	0.382459394289508
1646	0.382513865549445
1647	0.382600901010265
1648	0.382640246512797
1649	0.382680236082896
1650	0.382719973027106
1651	0.382787716626802
1652	0.382834097771547
1653	0.382921464248288
1654	0.383010233600217
1655	0.383063894440993
1656	0.383101671777319
1657	0.383184847811597
1658	0.383229489570951
1659	0.383260536801296
1660	0.383312042918288
1661	0.383321758156377
1662	0.383416543963084
1663	0.383529727709664
1664	0.383635731497256
1665	0.383788513894912
1666	0.38392260478323
1667	0.38390626208448
1668	0.384018160734525
1669	0.384113752842039
1670	0.384247120745067
1671	0.384431739565971
1672	0.384542953105014
1673	0.384616818801707
1674	0.384695017542551
1675	0.384786892570971
1676	0.384848782100585
1677	0.384917115631631
1678	0.385068828443862
1679	0.385271748490723
1680	0.385397467949268
1681	0.385602385888984
1682	0.38579904113726
1683	0.385876965489688
1684	0.386065076423205
1685	0.386274472745239
1686	0.386510286708157
1687	0.386771342254361
1688	0.386964000024333
1689	0.387143865174974
1690	0.387338619346932
1691	0.387488786106392
1692	0.387667654883332
1693	0.387875616677328
1694	0.387984251713585
1695	0.388109523969273
1696	0.388182975813002
1697	0.388312567185449
1698	0.38837912331606
1699	0.38841107041137
1700	0.388507064557421
1701	0.388610151318116
1702	0.388651716941827
1703	0.388773955290268
1704	0.388882234603846
1705	0.38897220055093
1706	0.389154604206305
1707	0.389336997692575
1708	0.389509346373981
1709	0.389681277594952
1710	0.389829499355611
1711	0.38997563402837
1712	0.390103781457728
1713	0.390203591325943
1714	0.39024104092917
1715	0.390341724553648
1716	0.390307530950505
1717	0.390238841631647
1718	0.390224282648392
1719	0.390082739588987
1720	0.390020690868466
1721	0.389898814429746
1722	0.389764532534095
1723	0.389620204827651
1724	0.389480892590415
1725	0.389396206303514
1726	0.389356465207502
1727	0.389337389047524
1728	0.389305085695723
1729	0.389241642442435
1730	0.389174632704326
1731	0.389152027369538
1732	0.389093951373474
1733	0.388983057787358
1734	0.388890028814198
1735	0.388782491537641
1736	0.388691534910056
1737	0.388618018799373
1738	0.388470307231475
1739	0.388356096597411
1740	0.388193891376974
1741	0.387984394116141
1742	0.387932756772345
1743	0.387730338486581
1744	0.387543748164377
1745	0.387464421772584
1746	0.387325780339316
1747	0.387227126907417
1748	0.387174292010046
1749	0.387138641792206
1750	0.387133388723061
1751	0.38709055506117
1752	0.387085138965209
1753	0.386976369865591
1754	0.386909843626889
1755	0.386875114022617
1756	0.386850167245649
1757	0.386865985555334
1758	0.386840246998744
1759	0.386781300290523
1760	0.386739609198551
1761	0.386595102599109
1762	0.386408139916405
1763	0.386258082801816
1764	0.386088939284406
1765	0.385977685162003
1766	0.38583348046636
1767	0.38573457818622
1768	0.385576798216927
1769	0.38543394037926
1770	0.385334763688019
1771	0.385183563625295
1772	0.385094975148268
1773	0.385136509042711
1774	0.38510565968587
1775	0.385030782976274
1776	0.384980108892979
1777	0.384853408291399
1778	0.384790045211388
1779	0.38474430891196
1780	0.384698167705673
1781	0.384598300897099
1782	0.384561952207198
1783	0.384468526405292
1784	0.384383582927939
1785	0.384301653755791
1786	0.384254482417402
1787	0.38420487024307
1788	0.384217325261349
1789	0.384242201724179
1790	0.384256233482573
1791	0.384197036203286
1792	0.384272927638219
1793	0.384359710205562
1794	0.384406818691765
1795	0.384457387938298
1796	0.384428239911959
1797	0.384488134882273
1798	0.384585998734087
1799	0.384556849494094
1800	0.384547071097079
1801	0.38458862760427
1802	0.384600718727022
1803	0.384560502492819
1804	0.384437731233816
1805	0.38437621547165
1806	0.384254860747364
1807	0.384173544584834
1808	0.384147385720821
1809	0.384139494167658
1810	0.384099945675928
1811	0.384022404328343
1812	0.383973193676542
1813	0.383960171967775
1814	0.3839236910673
1815	0.38387974350981
1816	0.383968748051612
1817	0.384017613219546
1818	0.384141481031627
1819	0.384233152021213
1820	0.384257555489222
1821	0.38437333699321
1822	0.384446375461524
1823	0.384552670851852
1824	0.384633394705433
1825	0.384636977991975
1826	0.384708675143417
1827	0.38469375836809
1828	0.384711290820068
1829	0.384743154710655
1830	0.384715922837331
1831	0.384866322561728
1832	0.384557179000366
1833	0.384285568269207
1834	0.384408713701332
1835	0.384440818895507
1836	0.384457268852339
1837	0.384551548594309
1838	0.384651146425693
1839	0.384699355421578
1840	0.384834307258099
1841	0.384907806556593
1842	0.385054190986485
1843	0.385112810119149
1844	0.385143051454844
1845	0.385181919854306
1846	0.385161691923557
1847	0.385218000877513
1848	0.385341954075193
1849	0.385514369124461
1850	0.385627482233704
1851	0.385737714912738
1852	0.385775078653992
1853	0.385728668940689
1854	0.385705649169289
1855	0.385674763029464
1856	0.385612729865691
1857	0.385542110133851
1858	0.385476846563271
1859	0.385378690256748
1860	0.385276604761576
1861	0.385129887032763
1862	0.385038407595489
1863	0.384982007500901
1864	0.38489304021731
1865	0.384863685659649
1866	0.385032873243063
1867	0.385070877148518
1868	0.385028447412329
1869	0.385003734149991
1870	0.384884084926838
1871	0.38484320608326
1872	0.38489291382147
1873	0.385118348188246
1874	0.385190879522889
1875	0.385337209002645
1876	0.38533293487601
1877	0.385190053839106
1878	0.385101378712262
1879	0.385037985140581
1880	0.384904179182188
1881	0.384817146701065
1882	0.384793422770844
1883	0.384692958712008
1884	0.384482913118377
1885	0.384383035422825
1886	0.384294466291207
1887	0.384176171836389
1888	0.384007192621303
1889	0.383948367267486
1890	0.383862739822589
1891	0.383766990341573
1892	0.383618710660256
1893	0.383507260276167
1894	0.383416818893958
1895	0.383272723632719
1896	0.38315213231129
1897	0.383051430934972
1898	0.382940069459084
1899	0.382803460618811
1900	0.382533817952332
1901	0.382319297532906
1902	0.382089502212741
1903	0.381850810946491
1904	0.381626024105551
1905	0.381423729783502
1906	0.381220587551487
1907	0.381165145364498
1908	0.381100781054163
1909	0.381071063335053
1910	0.380995646137432
1911	0.380917325890428
1912	0.38086497689584
1913	0.380734739417134
1914	0.380757596964505
1915	0.380871250593927
1916	0.38102779233672
1917	0.381289471076316
1918	0.381456286043749
1919	0.381563969345905
1920	0.381617652646946
1921	0.381706734889435
1922	0.381653451010136
1923	0.38169475771528
1924	0.381847717387389
1925	0.381888760818938
1926	0.381909731531255
1927	0.381939449096011
1928	0.381899443472483
1929	0.381828297464785
1930	0.38180387767243
1931	0.381804902073483
1932	0.381755637260566
1933	0.381663370467802
1934	0.381603192322931
1935	0.381456872505233
1936	0.381381714371538
1937	0.381288698659863
1938	0.381260767100969
1939	0.381232890531292
1940	0.381263860736046
1941	0.381258068605198
1942	0.381271418988688
1943	0.381320624508961
1944	0.381337611277485
1945	0.381455291554995
1946	0.381696801556818
1947	0.3818182288107
1948	0.382003852950081
1949	0.382108466116122
1950	0.382226823054589
1951	0.382282027871738
1952	0.38236897510775
1953	0.382469712830187
1954	0.382549801046731
1955	0.382625390191839
1956	0.382601711857571
1957	0.382551567366826
1958	0.382503506656605
1959	0.382470169886604
1960	0.3823363615495
1961	0.382268137118689
1962	0.382102668060327
1963	0.382027697557474
1964	0.381897864851696
1965	0.381891099352488
1966	0.382053631923801
1967	0.382068764925499
1968	0.382032072011211
1969	0.382022736047609
1970	0.38211074542004
1971	0.382142075787749
1972	0.382174045241672
1973	0.382183152115287
1974	0.382259084788215
1975	0.382263154029964
1976	0.382407750066229
1977	0.382784449616234
1978	0.382969366342866
1979	0.383062326841123
1980	0.383218804424507
1981	0.383306476171284
1982	0.383371713904452
1983	0.38341315103304
1984	0.383470540432371
1985	0.383592143150967
1986	0.383648921001933
1987	0.383730723381335
1988	0.38391500463273
1989	0.383990371528627
1990	0.383843553074359
1991	0.383878768209846
1992	0.383978746198291
1993	0.384105258923708
1994	0.38426835306123
1995	0.384505267484617
1996	0.384610588473238
1997	0.384626084304574
1998	0.384801277666095
1999	0.385038809024174
2000	0.385225838434397
2001	0.385452532309446
2002	0.385604209147961
2003	0.385680604714241
2004	0.385766403360682
2005	0.385900955349415
2006	0.386084769718108
2007	0.386305876331693
2008	0.386582341475362
2009	0.386856754806163
2010	0.38727339194104
2011	0.387590218436713
2012	0.387751919308133
2013	0.387976227839453
2014	0.388092845140019
2015	0.388207944282872
2016	0.388369209459103
2017	0.388650246788587
2018	0.388851643749564
2019	0.389021546826615
2020	0.389232181255572
2021	0.389479416002749
2022	0.389672590103684
2023	0.389758505731571
2024	0.38995741769523
2025	0.390157438905721
2026	0.390428960440271
2027	0.390753489337342
2028	0.391076913712021
2029	0.391343944903373
2030	0.391561967248329
2031	0.391752493460722
2032	0.39193482173611
2033	0.392119583803437
2034	0.392189074199331
2035	0.392313894442166
2036	0.392464048371024
2037	0.392655607902923
2038	0.39296973683085
2039	0.393192811039035
2040	0.393386898361015
2041	0.393549697534946
2042	0.393546187283528
2043	0.393523545409764
2044	0.393564816066669
2045	0.393638409850439
2046	0.393766465335892
2047	0.393942437071235
2048	0.394114902234489
2049	0.394278163847163
2050	0.394383998301103
2051	0.394498094643433
2052	0.394574058208853
2053	0.394596527438307
2054	0.394591726194883
2055	0.394520818168918
2056	0.394540499094364
2057	0.394782607853402
2058	0.394987574702662
2059	0.395188002848032
2060	0.395541647190234
2061	0.395711837585639
2062	0.395629610150517
2063	0.3957625259387
2064	0.395932353879156
2065	0.396100847815755
2066	0.396389211349439
2067	0.396529504276213
2068	0.396538664161245
2069	0.396612906132128
2070	0.396755042589613
2071	0.396897154971684
2072	0.396931237293666
2073	0.396915105470512
2074	0.396949292348404
2075	0.396903785270832
2076	0.396862183668081
2077	0.396916851918783
2078	0.396881706839551
2079	0.396691068113007
2080	0.396530219415901
2081	0.396449884339392
2082	0.396259373431645
2083	0.396264645491218
2084	0.396261885460209
2085	0.396283624147906
2086	0.396269361561424
2087	0.396387183111219
2088	0.396612115607423
2089	0.396749881468963
2090	0.396982745969465
2091	0.397114551787994
2092	0.39717418841375
2093	0.397112789160226
2094	0.397193808037679
2095	0.39746166362593
2096	0.397802084502088
2097	0.39814109620016
2098	0.398456853401643
2099	0.398560260411076
2100	0.398727186772045
2101	0.398858913898976
2102	0.398954975948598
2103	0.399068891432192
2104	0.399145946203222
2105	0.399084026025917
2106	0.399062928734328
2107	0.399133909758607
2108	0.399015832814377
2109	0.398878763237655
2110	0.398733329804225
2111	0.398635207331315
2112	0.398534172293788
2113	0.398444243575398
2114	0.39830025468962
2115	0.398097855079282
2116	0.397805276343603
2117	0.397628092704054
2118	0.397386437432615
2119	0.397221347912113
2120	0.397169329659251
2121	0.397030047911607
2122	0.396807505262795
2123	0.396749951590284
2124	0.396481760838861
2125	0.396302676871099
2126	0.396360320649462
2127	0.396206967184008
2128	0.396016657476353
2129	0.395981226255948
2130	0.395794162297269
2131	0.395596925018261
2132	0.395383569460971
2133	0.395334118434518
2134	0.395099647301159
2135	0.394730645673311
2136	0.394411795877058
2137	0.39405749715715
2138	0.39360009889657
2139	0.39303989413851
2140	0.392684138018546
2141	0.392319141595906
2142	0.391920516825162
2143	0.391604951037952
2144	0.391243250327011
2145	0.390676127144502
2146	0.39019773265104
2147	0.38975400085626
2148	0.389302252861388
2149	0.388821665600922
2150	0.388401754369613
2151	0.387835387086736
2152	0.387184611019915
2153	0.386586433097955
2154	0.385977711022298
2155	0.385200936238137
2156	0.384348954028701
2157	0.383601300832776
2158	0.382709502592391
2159	0.381826552936941
2160	0.381162051646925
2161	0.380236855932539
2162	0.37920573167165
2163	0.378404310543199
2164	0.37757486946086
2165	0.376631455348273
2166	0.375918090971854
2167	0.375349671250926
2168	0.374704152505756
2169	0.373959085476399
2170	0.373592902896747
2171	0.373389862427778
2172	0.373349346596224
2173	0.373456667082284
2174	0.373464501338578
2175	0.373237484415637
2176	0.372994384874579
2177	0.372882143924078
2178	0.372898568839448
2179	0.372816616830891
2180	0.37287524886861
2181	0.37297313875542
2182	0.372771023857346
2183	0.372622303203041
2184	0.37231456455218
2185	0.372107840847132
2186	0.371808133357694
2187	0.371686545013557
2188	0.371727807327861
2189	0.371538628070615
2190	0.371328154955243
2191	0.371062534631895
2192	0.370594417159987
2193	0.370261897893403
2194	0.369863708510173
2195	0.369335409393171
2196	0.368848768831529
2197	0.368294541125787
2198	0.367867194962452
2199	0.367318517457759
2200	0.366846070994756
2201	0.366427099964581
2202	0.366031997866111
2203	0.36564513252481
2204	0.365171934260038
2205	0.364608732911879
2206	0.364266702500771
2207	0.363890315700447
2208	0.363598828021399
2209	0.363436786344001
2210	0.363285050136967
2211	0.362916790421524
2212	0.36281868312452
2213	0.362876139181622
2214	0.362884896088957
2215	0.363025736330664
2216	0.363284912930671
2217	0.363553695247164
2218	0.363666712536299
2219	0.363879661162382
2220	0.364079095279406
2221	0.36433860291983
2222	0.36472339721434
2223	0.365185192260804
2224	0.365810830978467
2225	0.366307048964271
2226	0.366892545588398
2227	0.367443320208174
2228	0.367875627743951
2229	0.368429044459415
2230	0.368968533999918
2231	0.369594885875256
2232	0.370366927950902
2233	0.370988134378093
2234	0.37152984675686
2235	0.372096847361466
2236	0.372514053659916
2237	0.372958487594759
2238	0.373510249121701
2239	0.374132264476139
2240	0.374661081102018
2241	0.375190524610153
2242	0.375829968173574
2243	0.376450493718234
2244	0.377018270120658
2245	0.37763499990486
2246	0.378289346889777
2247	0.378950192647267
2248	0.379552626515297
2249	0.380206229987857
2250	0.38093606259803
2251	0.38164913914732
2252	0.382383028258604
2253	0.383176212542874
2254	0.383892637966617
2255	0.38454464025218
2256	0.385175060950507
2257	0.385903280944176
2258	0.386527938545722
2259	0.38714988927891
2260	0.387907844054467
2261	0.388715932190462
2262	0.389457972996547
2263	0.390450505288161
2264	0.391322726823647
2265	0.392061267861668
2266	0.392870057752318
2267	0.393365680068768
2268	0.393725774233935
2269	0.394236574477251
2270	0.394829638089594
2271	0.395327944796882
2272	0.396000044122334
2273	0.39638819682639
2274	0.396439866924288
2275	0.396645349050302
2276	0.396842893666692
2277	0.397070476543539
2278	0.397231452800232
2279	0.397461632995449
2280	0.397760906659558
2281	0.3979870725303
2282	0.398268546420352
2283	0.398376144933967
2284	0.398403972814841
2285	0.398300619219428
2286	0.398260301361711
2287	0.39831384085099
2288	0.398380820030568
2289	0.398556379908258
2290	0.39891498112293
2291	0.399248924177762
2292	0.399519928490932
2293	0.399628597183025
2294	0.39969372003611
2295	0.399766781087284
2296	0.399892231936456
2297	0.400206984198085
2298	0.400462754065072
2299	0.400829937842678
2300	0.401079519251584
2301	0.401279041502885
2302	0.401283870883461
2303	0.40091369218686
2304	0.400895381975444
2305	0.400871995597303
2306	0.40092983584881
2307	0.401287950041278
2308	0.401314322296444
2309	0.401236591781728
2310	0.401063005288268
2311	0.400639190112874
2312	0.400292611334885
2313	0.399834428398645
2314	0.399296686404957
2315	0.398881887478591
2316	0.398558912361386
2317	0.398276042056019
2318	0.397660194250117
2319	0.397292992302439
2320	0.396976125545833
2321	0.396715416750674
2322	0.396699950124767
2323	0.396507330106441
2324	0.39601197728586
2325	0.395663428997677
2326	0.395564670490589
2327	0.395455392401343
2328	0.395544941310189
2329	0.395563475206861
2330	0.395697699129836
2331	0.39564525039283
2332	0.395586736406313
2333	0.395712839255591
2334	0.395767349515266
2335	0.395809778800043
2336	0.396079022682656
2337	0.39618278803431
2338	0.396176088501715
2339	0.39620713569645
2340	0.396270091998419
2341	0.396277316849969
2342	0.396359680737683
2343	0.396342597560102
2344	0.396327626905852
2345	0.396272096190533
2346	0.396258353903353
2347	0.396099764641614
2348	0.395960417242341
2349	0.395866311301283
2350	0.395406059669004
2351	0.39497657186168
2352	0.394455363344711
2353	0.394110670329645
2354	0.393780506068397
2355	0.393336220376046
2356	0.393113717802373
2357	0.392570405600315
2358	0.39191060985525
2359	0.391617773647125
2360	0.391141049279746
2361	0.39048841287208
2362	0.390014732888208
2363	0.389447165454408
2364	0.38869323166902
2365	0.388116702917169
2366	0.387716926576366
2367	0.387640067810224
2368	0.387277364176352
2369	0.386912544780371
2370	0.386456899021659
2371	0.385794380057155
2372	0.385186691747689
2373	0.384572563668086
2374	0.383969922431623
2375	0.383244310002965
2376	0.382674995328928
2377	0.382248652163543
2378	0.381679995872688
2379	0.381098395828562
2380	0.380602730626773
2381	0.380151915752907
2382	0.379543268536501
2383	0.378858943450083
2384	0.378312829002294
2385	0.378089532245362
2386	0.377438919701764
2387	0.376689587873545
2388	0.375947071216142
2389	0.374748266686609
2390	0.374064991633765
2391	0.374111594040133
2392	0.373781855293655
2393	0.373549901938291
2394	0.373143260001715
2395	0.372609225789386
2396	0.372001130897266
2397	0.371141393891577
2398	0.370723047127179
2399	0.370549062364762
2400	0.370339238846938
2401	0.37017617798893
2402	0.369980164658369
2403	0.369256902017268
2404	0.368550859359304
2405	0.367922996943615
2406	0.367355191006172
2407	0.36708282381199
2408	0.366679022668278
2409	0.366213267808287
2410	0.365839291096674
2411	0.365497009085669
2412	0.365194500924199
2413	0.364886755174616
2414	0.36481752114289
2415	0.364591120618512
2416	0.364371275079271
2417	0.363892840682255
2418	0.363822681038409
2419	0.36389760455234
2420	0.363586736084193
2421	0.363737692030386
2422	0.363900683707033
2423	0.363556973837242
2424	0.363318178086242
2425	0.363402473274832
2426	0.363363670545552
2427	0.363457944871517
2428	0.363955400647403
2429	0.364063686540173
2430	0.364013282227827
2431	0.363979848866499
2432	0.363923747708141
2433	0.364152507171566
2434	0.364259104746296
2435	0.364364377214268
2436	0.364918067737459
2437	0.364656577238433
2438	0.363932324228046
2439	0.363584664012617
2440	0.363090858704023
2441	0.363039423167117
2442	0.363434233125838
2443	0.36342317554927
2444	0.363456421047418
2445	0.363268280301943
2446	0.362987024873639
2447	0.362783205916474
2448	0.362370813985073
2449	0.362190818088156
2450	0.362260238624036
2451	0.362117896272758
2452	0.361672542541035
2453	0.361482907332003
2454	0.361259141420217
2455	0.3607814456573
2456	0.360199014695065
2457	0.359975541459512
2458	0.359582988613793
2459	0.359438074461452
2460	0.359786265861551
2461	0.359606981775857
2462	0.35944958504493
2463	0.358812375090392
2464	0.357294011167406
2465	0.356633833781712
2466	0.355940531356869
2467	0.355476167086254
2468	0.35571298712781
2469	0.355420531034861
2470	0.354655633655188
2471	0.354266848290119
2472	0.35373157232551
2473	0.353645798096222
2474	0.354117640362696
2475	0.354231410675734
2476	0.354863684590494
2477	0.354868362543099
2478	0.354714434435709
2479	0.354388699426995
2480	0.353487939935131
2481	0.353444080977588
2482	0.353778614889321
2483	0.353953630601261
2484	0.354565359041375
2485	0.35426935380961
2486	0.353283587756931
2487	0.352548365607421
2488	0.352041566635209
2489	0.351120571563422
2490	0.349780350903136
2491	0.349036454714411
2492	0.347949104524594
2493	0.34749995096418
2494	0.348392991017459
2495	0.348358107286906
2496	0.348093663184868
2497	0.347484196733979
2498	0.346221586342881
2499	0.345560392361716
2500	0.345248507252648
