350	0.31018891318484
351	0.321332990221307
352	0.32419101778769
353	0.302669535101565
354	0.294013399729376
355	0.293521510123939
356	0.310563835102299
357	0.288416293767588
358	0.280422076785777
359	0.295271105903795
360	0.298349387133377
361	0.2887317472977
362	0.271922817898479
363	0.267538344652319
364	0.273053804083179
365	0.277751220754388
366	0.269987976728417
367	0.264121228993862
368	0.266923074914552
369	0.268903992144313
370	0.262402190594698
371	0.254334895116376
372	0.25159124113483
373	0.254809197332812
374	0.254438363616133
375	0.246637014155982
376	0.243121072996185
377	0.246257257489956
378	0.245740376338036
379	0.243561532987772
380	0.239693674844564
381	0.237784588514577
382	0.241818758798018
383	0.238741553554895
384	0.232189105763613
385	0.23148247865549
386	0.233347008952045
387	0.235911409238111
388	0.23119013259175
389	0.230409996409721
390	0.233400820494972
391	0.232548140085656
392	0.230326803795141
393	0.226625587960285
394	0.22545144352417
395	0.224483409181432
396	0.223196331950691
397	0.222620252469383
398	0.224237667245893
399	0.224837264654696
400	0.221254359498873
401	0.221117740623457
402	0.223428053098277
403	0.223243606476002
404	0.223372362828062
405	0.223326916872108
406	0.221024138820466
407	0.2221769748052
408	0.220764974470235
409	0.220070585383169
410	0.219618767830077
411	0.219688499473007
412	0.218011993404367
413	0.217599005852578
414	0.216072267340145
415	0.216301870757399
416	0.216424953876162
417	0.21630065967708
418	0.21565399419551
419	0.214814362084294
420	0.213502637510473
421	0.213192540914997
422	0.212464080425047
423	0.212214449378811
424	0.21153239237972
425	0.211464324581713
426	0.210617810212955
427	0.209958517561883
428	0.20955901386586
429	0.209111626434402
430	0.208054749225173
431	0.20749968889194
432	0.20796082991438
433	0.207186460084447
434	0.207198266816671
435	0.207183233389313
436	0.206833827771124
437	0.207698131324322
438	0.20745920009902
439	0.206982008899561
440	0.20691988159496
441	0.207130017299847
442	0.207615929956539
443	0.207305444941637
444	0.207314565741994
445	0.207535631180352
446	0.207525968285365
447	0.207443520153789
448	0.207259472929563
449	0.207797936584497
450	0.208092016768384
451	0.207775660023756
452	0.208116393487433
453	0.208308242468537
454	0.208071321166
455	0.207894189639852
456	0.207724610960892
457	0.2079037079481
458	0.207806791975064
459	0.207753286294802
460	0.207892258539942
461	0.207519391311274
462	0.207911514363322
463	0.207752077349647
464	0.207637871042392
465	0.207792130930084
466	0.207502212861146
467	0.207239597396931
468	0.20750747551672
469	0.207351667430136
470	0.207609108776834
471	0.207608207880992
472	0.207370627406375
473	0.207234598697677
474	0.207157648567692
475	0.207319256293353
476	0.20727196705427
477	0.207420477459642
478	0.207288361736619
479	0.20741586676386
480	0.207748413447777
481	0.207585141364508
482	0.207715614450619
483	0.207990624978803
484	0.208024910506786
485	0.208217159767663
486	0.20797039237816
487	0.207988323458231
488	0.208123594426728
489	0.208028294227903
490	0.208426306190023
491	0.208556287310655
492	0.208299090491937
493	0.208670645662305
494	0.209340050240496
495	0.20963344478587
496	0.209607640219065
497	0.209799946820093
498	0.210115689182231
499	0.210374342134172
500	0.210353150543916
501	0.210489552746272
502	0.210886231873051
503	0.211046731733085
504	0.211384503672978
505	0.211791435987989
506	0.212138619680669
507	0.212166631381626
508	0.212285732006317
509	0.21267823765608
510	0.213210746941667
511	0.213361374372899
512	0.213474936933831
513	0.213730839614996
514	0.213992143103227
515	0.214276462941738
516	0.214612516908737
517	0.214714381814797
518	0.215040691861247
519	0.215283246541335
520	0.215665897837654
521	0.215942268072425
522	0.216289156397233
523	0.216646485941331
524	0.217094884069199
525	0.217345870797184
526	0.217631685324221
527	0.218052723200814
528	0.218660342668126
529	0.218883811995308
530	0.219090620499855
531	0.219416646310093
532	0.219902197397123
533	0.22029484926268
534	0.220486777801001
535	0.220862754747467
536	0.221211165277311
537	0.221555914801545
538	0.22201119975207
539	0.222321485556032
540	0.222748578340031
541	0.222937048999306
542	0.223195503998807
543	0.223520435988438
544	0.223876208002944
545	0.224436783063907
546	0.22476629884054
547	0.224988890545096
548	0.22549387780758
549	0.225941255427594
550	0.226259972659394
551	0.226604341064021
552	0.227073669816453
553	0.227419100013912
554	0.227727516074675
555	0.228215535299618
556	0.228742934431722
557	0.229128570979986
558	0.229526643154726
559	0.229879559435251
560	0.230237386336862
561	0.230653100074088
562	0.231067433916786
563	0.231540750278621
564	0.231916343800911
565	0.232324168572381
566	0.23276701607221
567	0.233189950615277
568	0.233592877902874
569	0.233969629999911
570	0.234434916681466
571	0.234817281583884
572	0.235158409524704
573	0.23554725131988
574	0.235935062722018
575	0.236292503449625
576	0.236649073202746
577	0.236991011574471
578	0.23738830504955
579	0.237716211398706
580	0.23800179271507
581	0.238357573146587
582	0.238734114912643
583	0.239053940693496
584	0.239492130561705
585	0.239833948711678
586	0.240138686384016
587	0.240507850711953
588	0.240806358789831
589	0.241004459420568
590	0.241211530127425
591	0.241362258344242
592	0.241665645639424
593	0.24205915501964
594	0.242322119612857
595	0.242574501008263
596	0.242899313556855
597	0.243267880176851
598	0.243548277414063
599	0.243733548288263
600	0.243942440325267
601	0.24419049201619
602	0.244475857180669
603	0.244680941953942
604	0.244926246307623
605	0.245309353020093
606	0.24556736442125
607	0.24575137180393
608	0.246009250094738
609	0.246308996526921
610	0.246524695374004
611	0.246636692501026
612	0.246839232524825
613	0.247094433773049
614	0.247374195928451
615	0.247582898715296
616	0.247741343297553
617	0.248002359196839
618	0.248204977087329
619	0.248386539871781
620	0.248587789699664
621	0.248861679652572
622	0.249070642617243
623	0.249280078410595
624	0.24943706369269
625	0.249606660978589
626	0.249784727964261
627	0.250038390785992
628	0.250244672828873
629	0.250424927842634
630	0.250574442424889
631	0.250802853532809
632	0.251002516203022
633	0.251134358849459
634	0.251320156038038
635	0.251524645732038
636	0.25171094738191
637	0.251885254842312
638	0.252039880195002
639	0.252281992360612
640	0.252533227607214
641	0.252703490912546
642	0.252838891674144
643	0.253030623717384
644	0.253161358226399
645	0.253326099357518
646	0.253485632806751
647	0.253665338868298
648	0.253846101505491
649	0.253988511098397
650	0.254098398710631
651	0.254232389124692
652	0.254357487494743
653	0.254564341145299
654	0.254728721746354
655	0.254795483909808
656	0.2549576919145
657	0.255138459843159
658	0.255255756647483
659	0.255300189505465
660	0.255445644130914
661	0.255691335036869
662	0.255940066231616
663	0.256067354950405
664	0.256247643575973
665	0.256419157606097
666	0.25661301017804
667	0.256725242091427
668	0.256825360100478
669	0.25699796067978
670	0.257185602615468
671	0.257363955549469
672	0.25751531971234
673	0.257713778659253
674	0.25788826800886
675	0.258050945263838
676	0.258224940892071
677	0.258402853321254
678	0.258578552871291
679	0.258744169438758
680	0.258950099865627
681	0.259107360899287
682	0.259281282192461
683	0.259477056436789
684	0.259641119303577
685	0.259819318420372
686	0.259975552925637
687	0.260156479336435
688	0.260279056121244
689	0.260260453598477
690	0.260338390321597
691	0.260530134495393
692	0.260713231996176
693	0.260976774952903
694	0.261430582482769
695	0.261965945104335
696	0.262730460356823
697	0.26306009879527
698	0.262891398749075
699	0.262442476793065
700	0.262404652679826
701	0.262468170001067
702	0.262587484264246
703	0.262781386040012
704	0.262930443706668
705	0.263046141565543
706	0.263212668362503
707	0.263465967911267
708	0.263597722857927
709	0.263772182652105
710	0.263973795530878
711	0.264126574963569
712	0.264294706905918
713	0.264470998328112
714	0.264651938834899
715	0.264786104738677
716	0.264956696555401
717	0.265105686700634
718	0.265236464213245
719	0.265310292319173
720	0.265342137760303
721	0.265406188071004
722	0.265538057431646
723	0.265763191805707
724	0.265975562675098
725	0.26613898790165
726	0.266268328326689
727	0.266403542220752
728	0.266539185089922
729	0.266625309967996
730	0.266770057457041
731	0.26691108526335
732	0.267054483033146
733	0.267205475007812
734	0.267334162475733
735	0.26745654139805
736	0.267579376733285
737	0.267748688156863
738	0.267919920059108
739	0.26805135993364
740	0.268177956611861
741	0.268327193546288
742	0.268437344265397
743	0.268553389929498
744	0.268699465676954
745	0.268844942836459
746	0.26894405539051
747	0.269052534446595
748	0.269185390638946
749	0.269318734670956
750	0.269411674547415
751	0.269547281612111
752	0.269695437004627
753	0.269793710257733
754	0.269853458452881
755	0.269964398658101
756	0.270111948989646
757	0.270276490459424
758	0.270303545343852
759	0.270400227959094
760	0.270532397593903
761	0.270525286723694
762	0.270421661146095
763	0.270329663703407
764	0.270367318399015
765	0.270503212755698
766	0.270577219630237
767	0.270768876972301
768	0.271038340689627
769	0.271272826488146
770	0.271462965043154
771	0.271617127819806
772	0.27176704957457
773	0.271891139395658
774	0.271984074338223
775	0.27208106527304
776	0.272152159612606
777	0.272289479618927
778	0.272385369255997
779	0.272451689137701
780	0.272567456368493
781	0.272657650716541
782	0.272788910821863
783	0.27288314420058
784	0.272940052000848
785	0.273026080138187
786	0.273122780257333
787	0.273201509804096
788	0.273268639610719
789	0.273368200959406
790	0.273438889668076
791	0.273500415498405
792	0.273538819042101
793	0.273646255234808
794	0.273795367804065
795	0.273867904212899
796	0.273954064545357
797	0.274059088156319
798	0.274112819704987
799	0.274230805410567
800	0.274318728699616
801	0.274407472168494
802	0.274503471472255
803	0.274582078881123
804	0.274666480366769
805	0.27474667116143
806	0.274872682376364
807	0.274958133493329
808	0.275021005438177
809	0.275094186788428
810	0.275209208697735
811	0.275321184481356
812	0.275432287151825
813	0.275518073301425
814	0.275563720132958
815	0.275628212188017
816	0.275687475792103
817	0.275731238265585
818	0.275797324958061
819	0.275872054591773
820	0.276002147791256
821	0.27613493680715
822	0.276198340231541
823	0.276260442343664
824	0.276372838710809
825	0.27642690653114
826	0.27651540168282
827	0.276590022423245
828	0.276711240081852
829	0.276845905783578
830	0.276900150910815
831	0.276948608917444
832	0.27703469496837
833	0.277091616397848
834	0.277156869121645
835	0.277227716817813
836	0.277295373608476
837	0.277353963899204
838	0.27740547500742
839	0.277476134969569
840	0.277569170674146
841	0.277634422293502
842	0.277684986755467
843	0.277764976902213
844	0.277828496960752
845	0.277831435683045
846	0.277925946165719
847	0.278030764441964
848	0.27803373743156
849	0.278093199790662
850	0.278191647784223
851	0.278267995004262
852	0.27825348687684
853	0.278259441880735
854	0.278333845165158
855	0.278370293368224
856	0.278423792710336
857	0.278514375077597
858	0.278574500153648
859	0.278701544516754
860	0.278749964640232
861	0.278791950952676
862	0.278850559890254
863	0.278884546280841
864	0.278949519754088
865	0.278998477836527
866	0.279082559999573
867	0.279173824229041
868	0.279215119068068
869	0.279273386503503
870	0.279300575497163
871	0.279311539852319
872	0.279542245867065
873	0.279616128626625
874	0.279625227315818
875	0.279703339524525
876	0.279840572575548
877	0.279915270860243
878	0.279998635984894
879	0.280083886473449
880	0.280217530853461
881	0.280308819853745
882	0.280354863796247
883	0.280507455467348
884	0.2805426654721
885	0.28063183958773
886	0.280753846303792
887	0.280835342617444
888	0.280929022620477
889	0.281056758821084
890	0.281179643035647
891	0.281178775116737
892	0.28130345654984
893	0.281385606972898
894	0.281517267576131
895	0.281596670245897
896	0.28160523610746
897	0.281659978093223
898	0.28180037710948
899	0.28186992264535
900	0.281970210591492
901	0.28209252528599
902	0.282220389156716
903	0.282305466211559
904	0.282371178721994
905	0.282428367204969
906	0.282557115543972
907	0.282527657962904
908	0.282667541536445
909	0.282764142962258
910	0.282795593340271
911	0.282809867630729
912	0.282911400138881
913	0.282980581341696
914	0.283054967504802
915	0.283240376211252
916	0.283334135324427
917	0.283489322898471
918	0.283497879661393
919	0.2835542163823
920	0.283636617381892
921	0.283712517412523
922	0.283852004082604
923	0.283956401614758
924	0.283995489999224
925	0.284011279558957
926	0.284122733786622
927	0.284277435776118
928	0.284326490799171
929	0.284399263134018
930	0.284417517257835
931	0.284397803061445
932	0.284448214330146
933	0.284650768832298
934	0.284752074533958
935	0.284735344127034
936	0.284785129986954
937	0.284845726396782
938	0.284995218557469
939	0.28513104230677
940	0.28508358652978
941	0.285183887125748
942	0.28527254919473
943	0.285409182505548
944	0.285565418087044
945	0.285688074349635
946	0.28573961397652
947	0.285650892355391
948	0.285706669847094
949	0.285835182541263
950	0.285815677939891
951	0.285908251996327
952	0.286021165625927
953	0.286120021155674
954	0.286219809533839
955	0.286228019124988
956	0.286297040558146
957	0.286306628842466
958	0.286511979117837
959	0.286598323717166
960	0.286859075327612
961	0.286977409653456
962	0.287109104431486
963	0.287133130080521
964	0.287125096072523
965	0.287271529308763
966	0.287295187303468
967	0.287326584620712
968	0.287694466318574
969	0.287760695099298
970	0.287846815617004
971	0.287925967892808
972	0.288020461157435
973	0.287936571066647
974	0.288018644631918
975	0.28837194905765
976	0.288466444429193
977	0.288579206140699
978	0.288561262707563
979	0.288586973530352
980	0.288751332397312
981	0.288834619907435
982	0.288921067790293
983	0.289166359812471
984	0.289496892223569
985	0.289468073615156
986	0.289378357682616
987	0.289154960160918
988	0.289545634041202
989	0.289714018100177
990	0.289850851781058
991	0.289979109565653
992	0.290220145198273
993	0.290352527296766
994	0.290307657005248
995	0.290419360583743
996	0.290330678612277
997	0.290447976645573
998	0.290493702336236
999	0.290886423205976
1000	0.291276776550186
1001	0.28614738104502
1002	0.286186597816139
1003	0.286250199389449
1004	0.286401930832155
1005	0.286414898019509
1006	0.286440602295264
1007	0.286572727459541
1008	0.286555441733393
1009	0.286685242037232
1010	0.286744713241991
1011	0.286871786061673
1012	0.286975441466795
1013	0.28709960997957
1014	0.287163576089871
1015	0.287177299006814
1016	0.287152345646907
1017	0.287145753304441
1018	0.287121280660418
1019	0.28714435813694
1020	0.287230765907815
1021	0.287280751672964
1022	0.287333963231643
1023	0.287462158471453
1024	0.287621679726557
1025	0.287633507673322
1026	0.28775948983349
1027	0.287744558284781
1028	0.28770221757211
1029	0.287765224743409
1030	0.287865812111231
1031	0.287897276385496
1032	0.287993502120277
1033	0.28799436007905
1034	0.287974740755207
1035	0.288076810740454
1036	0.288089872468176
1037	0.288161252902495
1038	0.288196817584818
1039	0.288266724557165
1040	0.288336336331732
1041	0.288432746017309
1042	0.288489778439699
1043	0.288593790090111
1044	0.288618877680052
1045	0.288701127290017
1046	0.288752744426276
1047	0.288812005207988
1048	0.288889593750413
1049	0.289025191947507
1050	0.289061677613072
1051	0.289198106052398
1052	0.28928659747273
1053	0.289185455357156
1054	0.289182024417649
1055	0.289257195460556
1056	0.289387397669192
1057	0.289447910102201
1058	0.289505691825498
1059	0.289532124757922
1060	0.28958282790773
1061	0.28970296934216
1062	0.289866966869649
1063	0.289945341905908
1064	0.290037041811114
1065	0.290099887050174
1066	0.290116573762567
1067	0.290200403842338
1068	0.290335578300996
1069	0.290354537228665
1070	0.290455169285495
1071	0.290442408333574
1072	0.290466842277608
1073	0.290601100474109
1074	0.290665096947627
1075	0.290738665304989
1076	0.290846315489257
1077	0.290925370079814
1078	0.290971024045787
1079	0.291117824165839
1080	0.2912129359054
1081	0.291254131584168
1082	0.291257888840102
1083	0.291404481322731
1084	0.291448145767368
1085	0.291595155939421
1086	0.291643008214634
1087	0.29165904664417
1088	0.291702258878497
1089	0.291830711399597
1090	0.291923768033873
1091	0.29196024725502
1092	0.292054959609579
1093	0.292160832080772
1094	0.292271874385543
1095	0.292326364286748
1096	0.292358247805082
1097	0.292391711863528
1098	0.29242227543969
1099	0.292485191530231
1100	0.292578219211679
1101	0.292688999169523
1102	0.292729898771728
1103	0.292747589248962
1104	0.292789187501478
1105	0.292876125327215
1106	0.292949592910124
1107	0.293064194630763
1108	0.293121848796654
1109	0.293140868924537
1110	0.293240277660269
1111	0.293245863380125
1112	0.29334331959538
1113	0.293471512761435
1114	0.293596141821635
1115	0.293630660664471
1116	0.293688499646879
1117	0.293716439345914
1118	0.293722848423621
1119	0.293770212762139
1120	0.293798098838513
1121	0.293821611593289
1122	0.293888805786288
1123	0.293999133311582
1124	0.29407306448468
1125	0.294088367960472
1126	0.294148621477598
1127	0.294180497421563
1128	0.294213973337036
1129	0.294317060236769
1130	0.29438533086126
1131	0.294497253285433
1132	0.294598602222502
1133	0.294651590950557
1134	0.294648117922825
1135	0.294698172679799
1136	0.294730892325211
1137	0.294850397644839
1138	0.294864147510573
1139	0.294945290204489
1140	0.295058952900204
1141	0.295113148256339
1142	0.295116411666379
1143	0.295193316535964
1144	0.295224518779631
1145	0.295311082637881
1146	0.295347768176573
1147	0.295420278103564
1148	0.295512499150414
1149	0.295431086964119
1150	0.295462427133093
1151	0.295573630042209
1152	0.295630217309847
1153	0.295773326768268
1154	0.29584457293318
1155	0.295872714706945
1156	0.295866218673835
1157	0.295927267203191
1158	0.295978892522072
1159	0.296124637361197
1160	0.296226443240529
1161	0.296323342094467
1162	0.296430900377055
1163	0.296473581916728
1164	0.296546133473573
1165	0.296597261132901
1166	0.296608035700069
1167	0.296693620046792
1168	0.296752979084006
1169	0.296831988013847
1170	0.296964170660058
1171	0.29706933113801
1172	0.297135443488773
1173	0.297239851071992
1174	0.297278232457261
1175	0.297316938066888
1176	0.29740231971792
1177	0.297455680495235
1178	0.297480346178937
1179	0.297576754810728
1180	0.297699107568225
1181	0.297797672008576
1182	0.297875905326102
1183	0.297957607531165
1184	0.298015353776656
1185	0.298079566889287
1186	0.29816229344689
1187	0.298219682353486
1188	0.298236889922372
1189	0.298259227555961
1190	0.298343679899838
1191	0.298392125921064
1192	0.298481117500788
1193	0.298553350245913
1194	0.29861032707624
1195	0.298606274692358
1196	0.29867055398369
1197	0.298746261430338
1198	0.298755766832304
1199	0.298812540283734
1200	0.298868156161756
1201	0.298863553366166
1202	0.298919263351039
1203	0.298957465979395
1204	0.299013012883492
1205	0.299048092200895
1206	0.299055473509087
1207	0.299082678809577
1208	0.299120415343426
1209	0.299159449554536
1210	0.299240207646529
1211	0.299263715643555
1212	0.299288237975156
1213	0.299296325055473
1214	0.299301078737631
1215	0.299332023522851
1216	0.29933959000093
1217	0.299404771048178
1218	0.299516779656115
1219	0.299555114506638
1220	0.299577987410983
1221	0.299632925401512
1222	0.299604304335008
1223	0.299613665846787
1224	0.299637580528151
1225	0.299722199360728
1226	0.299752716833692
1227	0.299796928185475
1228	0.299850258960066
1229	0.299873395728567
1230	0.299911476674974
1231	0.300006977285292
1232	0.30005648989609
1233	0.300087450991069
1234	0.300148401264282
1235	0.300190882659691
1236	0.300236630559423
1237	0.300305965394875
1238	0.300363193782754
1239	0.300413393459681
1240	0.300432535897709
1241	0.300453414244867
1242	0.30043487460383
1243	0.300451406774649
1244	0.300545541674022
1245	0.30058393413711
1246	0.300715825028971
1247	0.300765807363299
1248	0.300792672909479
1249	0.300827494347296
1250	0.300829094847111
1251	0.300887010860606
1252	0.300910196063875
1253	0.300952965640696
1254	0.301058045380732
1255	0.301135659643814
1256	0.301187147420414
1257	0.301211230191582
1258	0.301221841333132
1259	0.301280826680504
1260	0.301338591090155
1261	0.301382467693217
1262	0.301457104822397
1263	0.301512860699089
1264	0.3014990526405
1265	0.301526052500158
1266	0.30155125102553
1267	0.3015405502054
1268	0.301601063491566
1269	0.301700880176395
1270	0.30176986937899
1271	0.301803057993692
1272	0.301865019348992
1273	0.301893775930556
1274	0.301933131444578
1275	0.302036429451633
1276	0.302077079349314
1277	0.302158473338327
1278	0.302176490664818
1279	0.302170586020385
1280	0.302205436914922
1281	0.302201622338779
1282	0.30222552981259
1283	0.302331205934272
1284	0.302372756838201
1285	0.302405703129004
1286	0.302485000244522
1287	0.302523862447804
1288	0.302524661791502
1289	0.302560178538319
1290	0.302622744589794
1291	0.302684274276068
1292	0.302741047075851
1293	0.302735971399761
1294	0.302780098830834
1295	0.302812576426
1296	0.302834534839112
1297	0.302892198959763
1298	0.302989394113377
1299	0.303033684360871
1300	0.303127172457239
1301	0.303174757824427
1302	0.303266068876123
1303	0.30329425374516
1304	0.303318031099298
1305	0.303356744158825
1306	0.303391113513875
1307	0.303497250677722
1308	0.303589015937631
1309	0.303607785601636
1310	0.303678706209391
1311	0.303751964491899
1312	0.303802183096855
1313	0.303817376496643
1314	0.303890275681791
1315	0.303947129898657
1316	0.303955914650376
1317	0.304005480502779
1318	0.304045813253716
1319	0.304095584535481
1320	0.304120612284164
1321	0.304166123288193
1322	0.304176103072878
1323	0.304185377267441
1324	0.304197064697971
1325	0.304213744695039
1326	0.30423952587913
1327	0.304226221961578
1328	0.304258736439623
1329	0.3042764033061
1330	0.304290808396959
1331	0.304352909208438
1332	0.304380477126873
1333	0.304382562042864
1334	0.304402418248686
1335	0.304310121380322
1336	0.304271018552373
1337	0.304264878239354
1338	0.304228223677059
1339	0.304217555507616
1340	0.304227066314547
1341	0.30417772145826
1342	0.304157992026505
1343	0.304124252387842
1344	0.304104357035786
1345	0.304104492907802
1346	0.304137597534611
1347	0.304112660807905
1348	0.304117803389485
1349	0.304120929560903
1350	0.304146779264998
1351	0.304125505769803
1352	0.304154736169424
1353	0.304138110926004
1354	0.304127924417611
1355	0.304074868160859
1356	0.304027297145405
1357	0.303981410295736
1358	0.303999877070098
1359	0.303989938752471
1360	0.304014123005435
1361	0.304038862750414
1362	0.304048285114609
1363	0.304021141039326
1364	0.303992633209472
1365	0.303965463313918
1366	0.30392126538496
1367	0.303893988221838
1368	0.303845303187203
1369	0.303793572081461
1370	0.303698896469069
1371	0.303574863991547
1372	0.303442030711197
1373	0.303324090364561
1374	0.303165364503709
1375	0.303002290320968
1376	0.302766912605338
1377	0.30246011036079
1378	0.302181570799017
1379	0.30192383887248
1380	0.301550831156796
1381	0.301132087907514
1382	0.300615416872532
1383	0.300004796088048
1384	0.299346951296037
1385	0.298595411777627
1386	0.297795466995344
1387	0.296988571155318
1388	0.296142843380808
1389	0.295253877211389
1390	0.294392095682651
1391	0.29359051266774
1392	0.292873206269711
1393	0.292393061285419
1394	0.291985486895387
1395	0.291781460309929
1396	0.291756478276084
1397	0.291792283425047
1398	0.291971982782771
1399	0.292143772812967
1400	0.292405294891766
1401	0.29260168499014
1402	0.292837742530036
1403	0.292972983782047
1404	0.29313533354327
1405	0.293189516181244
1406	0.293170301098464
1407	0.293212619764864
1408	0.293209382664562
1409	0.293228057106335
1410	0.293303011232909
1411	0.293383662305362
1412	0.29349353127775
1413	0.293579121152468
1414	0.293714636562384
1415	0.293816997086056
1416	0.293924676285938
1417	0.294040486613578
1418	0.294187947945108
1419	0.294280364694605
1420	0.294374101291016
1421	0.294478692656014
1422	0.294564417438267
1423	0.294694916852591
1424	0.294819001626221
1425	0.294983909168239
1426	0.295148253409286
1427	0.295329496776136
1428	0.295477699339514
1429	0.295601047289053
1430	0.295738912839721
1431	0.295859235360589
1432	0.295985713115411
1433	0.296089732602952
1434	0.296204823833378
1435	0.296306206835025
1436	0.296401346049784
1437	0.296477865066687
1438	0.296532630130124
1439	0.296632844977835
1440	0.296713618794669
1441	0.296778055135078
1442	0.296867736440704
1443	0.296976210039667
1444	0.29707490881879
1445	0.297195607659082
1446	0.297303386465021
1447	0.297349510671707
1448	0.297437161697155
1449	0.297466445853554
1450	0.297542567115724
1451	0.297672807568494
1452	0.297737475937299
1453	0.297833993210399
1454	0.297916535998572
1455	0.298012998603702
1456	0.298092865788897
1457	0.298161520014672
1458	0.298212244158725
1459	0.298290538677356
1460	0.298341230251335
1461	0.298345269878645
1462	0.298405051573781
1463	0.298445828018206
1464	0.298491348699453
1465	0.298569893103698
1466	0.298632203230331
1467	0.298720442405469
1468	0.298813764143208
1469	0.29892617394587
1470	0.299104987866312
1471	0.299230190352418
1472	0.29934267015488
1473	0.299477554355173
1474	0.299620461309998
1475	0.299707704623899
1476	0.299782839504537
1477	0.299822001019913
1478	0.299885279950254
1479	0.29992466379899
1480	0.299936055039522
1481	0.29999389124705
1482	0.30007590166769
1483	0.300152430104856
1484	0.300259382124803
1485	0.300357819923089
1486	0.300515857600522
1487	0.300645642999293
1488	0.300790039631224
1489	0.300880460487444
1490	0.300978152913333
1491	0.301059763450099
1492	0.301147721687431
1493	0.301201766622708
1494	0.301254123901292
1495	0.301286731841577
1496	0.301300876018638
1497	0.301352383625235
1498	0.301362289695775
1499	0.301401616757706
1500	0.301499694851899
1501	0.301548762977892
1502	0.301587813736816
1503	0.301668535023037
1504	0.301738213448407
1505	0.301778394772161
1506	0.301877717986287
1507	0.301959310991029
1508	0.302028006778176
1509	0.302100478699658
1510	0.302131808573444
1511	0.302195026087129
1512	0.302219886668388
1513	0.302280803624716
1514	0.302313480268726
1515	0.302346320959656
1516	0.302389479469851
1517	0.302392244830554
1518	0.302436350687551
1519	0.302492809805795
1520	0.302517527868321
1521	0.302563466402628
1522	0.302612621744293
1523	0.302627571680273
1524	0.302689754207297
1525	0.302790185214501
1526	0.302855765238404
1527	0.302948079602607
1528	0.302958813986885
1529	0.302888831271899
1530	0.302886640038588
1531	0.302884262870291
1532	0.302924729790621
1533	0.302989509978744
1534	0.303020310535699
1535	0.303121388442192
1536	0.303162471629175
1537	0.303175319597246
1538	0.303193580068244
1539	0.303198194003637
1540	0.303193442145555
1541	0.303259510761315
1542	0.30326793469771
1543	0.303253571041813
1544	0.303272132749565
1545	0.303266619876932
1546	0.303272088757222
1547	0.303279123474218
1548	0.303328421218969
1549	0.30331899160583
1550	0.303392008436236
1551	0.303474996313425
1552	0.30355878689929
1553	0.30369491979466
1554	0.303789691826093
1555	0.303813161489696
1556	0.303830005689932
1557	0.303843266402541
1558	0.303805267527559
1559	0.303736076869215
1560	0.303732067030126
1561	0.303669647344721
1562	0.303641553300035
1563	0.303646244684108
1564	0.30365253940342
1565	0.30362739585222
1566	0.303668326556001
1567	0.303719192563323
1568	0.303816310477508
1569	0.303934410036458
1570	0.303973092070146
1571	0.304025876292039
1572	0.304064876784846
1573	0.304163903269824
1574	0.304227768245188
1575	0.304271558825249
1576	0.304279094125876
1577	0.304203912137732
1578	0.304211353914707
1579	0.304183768259306
1580	0.304202009232961
1581	0.304209566251718
1582	0.304227921458274
1583	0.304240456916877
1584	0.304280718052864
1585	0.30434458873343
1586	0.304407077196387
1587	0.304429607425418
1588	0.304514495236664
1589	0.304621321719115
1590	0.304659685656385
1591	0.304729085457441
1592	0.304782023666083
1593	0.304797897116436
1594	0.304814660661469
1595	0.304845693648947
1596	0.304851442726423
1597	0.304856176912463
1598	0.304839531131879
1599	0.304872610135029
1600	0.304892868282681
1601	0.304927965054342
1602	0.304971017880538
1603	0.305029762371283
1604	0.305058678023941
1605	0.305077171230563
1606	0.30509489729013
1607	0.305143056635047
1608	0.305160987069896
1609	0.305168964908317
1610	0.305198522888776
1611	0.305278309269638
1612	0.305270372328597
1613	0.305308510531116
1614	0.305288999730978
1615	0.305225597204947
1616	0.30523234929647
1617	0.305256475322695
1618	0.305298408652829
1619	0.305388791237412
1620	0.305442954840564
1621	0.305541826753705
1622	0.305611594201148
1623	0.305695987251297
1624	0.305727556996263
1625	0.30574983284707
1626	0.30579357474586
1627	0.305769872424394
1628	0.305813853880007
1629	0.305800074873501
1630	0.305820258717767
1631	0.305848610790426
1632	0.305844825107648
1633	0.305804676137233
1634	0.30581290961916
1635	0.305814781819167
1636	0.305819785359709
1637	0.30590409379486
1638	0.30596156965933
1639	0.306086508005377
1640	0.306169270068752
1641	0.306168732657511
1642	0.306196045889391
1643	0.306316627158714
1644	0.306369320591214
1645	0.306456385338118
1646	0.306484696908428
1647	0.306444838588673
1648	0.306394569740978
1649	0.306384953044073
1650	0.306375492888901
1651	0.306371892737295
1652	0.30634632288878
1653	0.306303793065048
1654	0.306290668855553
1655	0.306325531549538
1656	0.306376449861479
1657	0.30641841297438
1658	0.306521441576979
1659	0.306602908909876
1660	0.30671672691999
1661	0.306887911443248
1662	0.307003360872942
1663	0.307123900704224
1664	0.307257341517758
1665	0.307352865344216
1666	0.307477929662988
1667	0.307570988844333
1668	0.307600679879544
1669	0.307627427559643
1670	0.307650739127977
1671	0.307615172146373
1672	0.307598145716391
1673	0.307516874746244
1674	0.307516473417067
1675	0.307603273270775
1676	0.307616664643719
1677	0.307721708899612
1678	0.307749109306256
1679	0.307777371624294
1680	0.307859992488987
1681	0.308030105465977
1682	0.308200172240709
1683	0.308344836630906
1684	0.30851673515956
1685	0.308670841601443
1686	0.308844600905594
1687	0.30900340848882
1688	0.309164932389478
1689	0.309265178973192
1690	0.309354046161471
1691	0.30931548637629
1692	0.309376429133272
1693	0.30943346516653
1694	0.309466341490613
1695	0.309578381026693
1696	0.30964393272955
1697	0.309630506907653
1698	0.309682016764205
1699	0.309788323717515
1700	0.309840479765849
1701	0.309927396001918
1702	0.309998109725977
1703	0.309995633842163
1704	0.310066834680597
1705	0.310167119995034
1706	0.310239540726879
1707	0.310243473811205
1708	0.310330538673296
1709	0.310367637538024
1710	0.310423643500381
1711	0.310467666498105
1712	0.310425050135427
1713	0.310403661103522
1714	0.310470628280625
1715	0.310452387345952
1716	0.310439684221579
1717	0.310413712552294
1718	0.310378550372897
1719	0.310305666524976
1720	0.31027564099103
1721	0.310167687936134
1722	0.310108244411913
1723	0.310097803539549
1724	0.309986405236905
1725	0.309865390390127
1726	0.309738134526508
1727	0.30960725131232
1728	0.30949730347537
1729	0.30940292701307
1730	0.309215651725947
1731	0.309008067206592
1732	0.308818323884718
1733	0.308659939984847
1734	0.308533006146119
1735	0.308443756215031
1736	0.308325689009704
1737	0.308206323474679
1738	0.308179446939465
1739	0.308127684121522
1740	0.308097635628701
1741	0.308092742690842
1742	0.308027961247247
1743	0.308035491137375
1744	0.308059092612507
1745	0.308071245487497
1746	0.308065791444608
1747	0.308089006374068
1748	0.308084609264518
1749	0.308053045570589
1750	0.30793036802444
1751	0.307833047988657
1752	0.307713974018553
1753	0.307632045661758
1754	0.307472866864494
1755	0.307267747306525
1756	0.307208414173218
1757	0.307040845640921
1758	0.306881232182846
1759	0.306698384258762
1760	0.306522432019015
1761	0.306436291211033
1762	0.306393948396925
1763	0.306433058841681
1764	0.306470164901861
1765	0.306397070168208
1766	0.306395596118055
1767	0.306349673129179
1768	0.306273715118072
1769	0.30625742221411
1770	0.306285861355741
1771	0.306177225402503
1772	0.306163635750017
1773	0.306106535240212
1774	0.306016406197152
1775	0.305863586368359
1776	0.305716730959591
1777	0.305558863825534
1778	0.305429244587113
1779	0.305251482926786
1780	0.305124409233108
1781	0.305072164475603
1782	0.305035846137297
1783	0.305010970392724
1784	0.304962693376599
1785	0.304893379640316
1786	0.304919358442236
1787	0.304946023086617
1788	0.30503196772727
1789	0.305110078846615
1790	0.30515878696553
1791	0.305220526073659
1792	0.305285046510142
1793	0.305340720625533
1794	0.305354764280677
1795	0.305350652638719
1796	0.305365974042538
1797	0.305338965043564
1798	0.305321007685494
1799	0.305223023932445
1800	0.30514636750722
1801	0.305075854049327
1802	0.305071609458473
1803	0.304955296105561
1804	0.304892815732393
1805	0.304818477289507
1806	0.30476184950777
1807	0.30477595624892
1808	0.304871628899711
1809	0.304901543642028
1810	0.304917702313939
1811	0.304965254916396
1812	0.30500133115568
1813	0.305095541401274
1814	0.305099694937066
1815	0.305229274050056
1816	0.305226373836109
1817	0.305168535975164
1818	0.305309431189232
1819	0.305234149055021
1820	0.305250793775145
1821	0.305285910055407
1822	0.305259141968334
1823	0.305234438140349
1824	0.305167811755737
1825	0.305069560562665
1826	0.305075471383188
1827	0.305224681771908
1828	0.305251797623862
1829	0.305279817726061
1830	0.305373478386057
1831	0.303519452969797
1832	0.303734162789964
1833	0.303925347753693
1834	0.303914656836071
1835	0.303821846383657
1836	0.303769748963701
1837	0.303550435840152
1838	0.303560918945529
1839	0.303710752540431
1840	0.303898755099999
1841	0.304059297238245
1842	0.304033151619617
1843	0.303944688953406
1844	0.303987539880984
1845	0.304001980705044
1846	0.304019878828706
1847	0.30392193393654
1848	0.303846306501968
1849	0.303620530844055
1850	0.303414341833422
1851	0.303375011081348
1852	0.30352364355518
1853	0.303682147901371
1854	0.303696802454399
1855	0.303740784786752
1856	0.303762076312294
1857	0.3036936582679
1858	0.303552729561215
1859	0.303712448197736
1860	0.303928156832628
1861	0.304075680401853
1862	0.304159218720125
1863	0.304171879289702
1864	0.304047060876026
1865	0.303908967905492
1866	0.303764796136986
1867	0.303557825576758
1868	0.303317388441836
1869	0.30298100445301
1870	0.302733375532163
1871	0.302540120232484
1872	0.302294048030747
1873	0.30204374994428
1874	0.301740681486463
1875	0.301290187674238
1876	0.300941796388183
1877	0.300615128280625
1878	0.300193083481336
1879	0.299861294318075
1880	0.299699106303476
1881	0.299343854250758
1882	0.298935589318961
1883	0.298472952851834
1884	0.298005129649707
1885	0.297358956056276
1886	0.296577687252222
1887	0.296017834408149
1888	0.295410018318877
1889	0.294443502739496
1890	0.293490958504273
1891	0.292481716242885
1892	0.291418451192048
1893	0.290137433486994
1894	0.289062802062204
1895	0.288034738862261
1896	0.287055976289679
1897	0.286171726364173
1898	0.285196793135034
1899	0.284284851053236
1900	0.283369991290991
1901	0.282529091406092
1902	0.281639915195794
1903	0.28097401155772
1904	0.280415261065076
1905	0.279992799564461
1906	0.279740930085481
1907	0.279447766057719
1908	0.279173671052647
1909	0.278864397971644
1910	0.278689336410816
1911	0.278585206887637
1912	0.278562896794799
1913	0.278809160415173
1914	0.278854278884706
1915	0.278849589656077
1916	0.278827092963243
1917	0.278782331097241
1918	0.278688504723508
1919	0.278713662150628
1920	0.278774964236466
1921	0.278783544643851
1922	0.278651227481587
1923	0.27869411106032
1924	0.278857080422083
1925	0.278878464607071
1926	0.278919427920736
1927	0.278986181077674
1928	0.279069053182634
1929	0.27899760687232
1930	0.279153396780109
1931	0.279442154981999
1932	0.279637914820666
1933	0.279832869200908
1934	0.280060607545332
1935	0.280287247664353
1936	0.28046912604294
1937	0.280611058743207
1938	0.28074269388708
1939	0.280936577137515
1940	0.281137372685112
1941	0.281330661725207
1942	0.281574970206601
1943	0.28175138570513
1944	0.281883454408959
1945	0.282001739185215
1946	0.282067820522533
1947	0.282112035904244
1948	0.282221915757034
1949	0.282245156606006
1950	0.282305300103177
1951	0.282364745832522
1952	0.282490036427599
1953	0.282568645147044
1954	0.28277875590656
1955	0.283136367350712
1956	0.283423065575358
1957	0.283738615115205
1958	0.284004087070985
1959	0.284239334575283
1960	0.284338895233167
1961	0.284681486256212
1962	0.285166389748248
1963	0.285455983682853
1964	0.285838433134131
1965	0.286124120277226
1966	0.286274404962301
1967	0.28647057391671
1968	0.286809390074509
1969	0.287050852540504
1970	0.287169028315193
1971	0.287369182536204
1972	0.287513019877908
1973	0.287657009118005
1974	0.287772427942352
1975	0.287942952454854
1976	0.288050322780737
1977	0.28818292781342
1978	0.288253486340327
1979	0.288272110024536
1980	0.288379742620471
1981	0.288433259137412
1982	0.288630926795045
1983	0.288837871942859
1984	0.289148114316188
1985	0.289442683424269
1986	0.289806544603299
1987	0.2900899399574
1988	0.290334179232998
1989	0.29063152816737
1990	0.290963895985985
1991	0.2912623944825
1992	0.291537936452593
1993	0.291762677641076
1994	0.292057902440994
1995	0.292276603306333
1996	0.292506023335656
1997	0.292810572725275
1998	0.293057834563334
1999	0.293180586393396
2000	0.293353163343585
2001	0.293544680846211
2002	0.29367143429382
2003	0.293757166833726
2004	0.293774704505663
2005	0.293905545815651
2006	0.294045433490877
2007	0.294245429657544
2008	0.294485930096994
2009	0.294703993258549
2010	0.294897823704515
2011	0.295095941007771
2012	0.29523686937885
2013	0.295473908486812
2014	0.29568945935631
2015	0.295946269762047
2016	0.296358176493837
2017	0.296873333103463
2018	0.29722990463815
2019	0.297575746116999
2020	0.29778982406948
2021	0.297816844043413
2022	0.297963243937413
2023	0.298122321535756
2024	0.298278350440877
2025	0.298509985389287
2026	0.29867000468861
2027	0.298727122586496
2028	0.298761932359403
2029	0.298930094199771
2030	0.298898164476509
2031	0.298854972779654
2032	0.2988053364463
2033	0.29877998644377
2034	0.298559210383563
2035	0.298515511459839
2036	0.298614850934165
2037	0.298613592903526
2038	0.298575457243838
2039	0.298634802180981
2040	0.298789863663308
2041	0.298760529571089
2042	0.298788632038977
2043	0.298974864876825
2044	0.299068219201966
2045	0.299055491745262
2046	0.299170565591061
2047	0.299333080136908
2048	0.299427258093448
2049	0.299522099692844
2050	0.299595214762805
2051	0.299546486091018
2052	0.299557633666112
2053	0.299617779932475
2054	0.299707536389921
2055	0.299874811637182
2056	0.300006535810053
2057	0.300020409991364
2058	0.299982534470239
2059	0.299880281768974
2060	0.299611789998964
2061	0.299459389340602
2062	0.29924613170478
2063	0.299105673658761
2064	0.298997441313597
2065	0.298871675224659
2066	0.298802852777912
2067	0.298721601211854
2068	0.298755807810367
2069	0.298815670436217
2070	0.298946519056196
2071	0.299055327315679
2072	0.299164029693967
2073	0.299173471854038
2074	0.299323351868749
2075	0.299426228314773
2076	0.299564104994423
2077	0.299761098811209
2078	0.299896554477865
2079	0.299977268793339
2080	0.300170106677981
2081	0.300273537456984
2082	0.300349226346444
2083	0.300509781259967
2084	0.300591335632078
2085	0.300658924825159
2086	0.300710563271276
2087	0.300759248814171
2088	0.300843348293276
2089	0.300924278361941
2090	0.301061817712252
2091	0.30107904366413
2092	0.301143655573107
2093	0.300935272198316
2094	0.30072747840435
2095	0.300661528511515
2096	0.300558269342992
2097	0.300574889977713
2098	0.3005436433327
2099	0.30053734709247
2100	0.300550969260506
2101	0.300548926605546
2102	0.300556208178509
2103	0.30067163388412
2104	0.300695522472624
2105	0.300715366624518
2106	0.300752435283955
2107	0.300781195786047
2108	0.300675591511618
2109	0.300802837978279
2110	0.301032821034343
2111	0.30109792084825
2112	0.301289207088636
2113	0.301523315654133
2114	0.30152180364005
2115	0.301531179101939
2116	0.301574417405501
2117	0.301587094891488
2118	0.301517915179015
2119	0.301440278877031
2120	0.301391487941548
2121	0.301236098522038
2122	0.300967616703754
2123	0.300659463291991
2124	0.300533745314436
2125	0.300272108349857
2126	0.300046532059637
2127	0.299991307526153
2128	0.299713445464023
2129	0.299448451297291
2130	0.299167337581994
2131	0.298864331409585
2132	0.298620129637266
2133	0.298460991377626
2134	0.298205253162706
2135	0.29791903440076
2136	0.297651529514008
2137	0.297348451883126
2138	0.297101594099357
2139	0.296850414768141
2140	0.296583073469093
2141	0.29627503422324
2142	0.295965821144526
2143	0.295735342223235
2144	0.295395359418795
2145	0.295087813486016
2146	0.29488902632302
2147	0.294551490033782
2148	0.294058103930289
2149	0.293708525389112
2150	0.293435856967665
2151	0.292944552389731
2152	0.292439731421455
2153	0.291910899318766
2154	0.291381421673659
2155	0.290539784706557
2156	0.289833488025466
2157	0.289243392052801
2158	0.288414869490985
2159	0.287635864375871
2160	0.286897312894988
2161	0.286050355573145
2162	0.285218562508841
2163	0.284443628289428
2164	0.283700496642297
2165	0.282902169729885
2166	0.282353937894145
2167	0.281864944986537
2168	0.281497252972558
2169	0.281325192697752
2170	0.28112930709291
2171	0.280902362681539
2172	0.280935235656888
2173	0.281003166573947
2174	0.281193171353947
2175	0.281653901155799
2176	0.281835733620396
2177	0.28180330336473
2178	0.281978244846273
2179	0.282053145139902
2180	0.282062311506397
2181	0.282129892356082
2182	0.282107613816949
2183	0.282092643114545
2184	0.282141446585008
2185	0.281988689820339
2186	0.281850113330772
2187	0.281582840672866
2188	0.28096522663338
2189	0.280537649210755
2190	0.280232015617669
2191	0.280008130862635
2192	0.279702753244301
2193	0.279469678649751
2194	0.279175780472144
2195	0.278690213619971
2196	0.27815152002984
2197	0.277652130096688
2198	0.277251420461527
2199	0.276877324289007
2200	0.276539313498022
2201	0.276330909146756
2202	0.276046893904064
2203	0.275685128674761
2204	0.275403883339457
2205	0.275182746984362
2206	0.274962612594245
2207	0.274822583013699
2208	0.274654064429946
2209	0.274417459175672
2210	0.274260275688387
2211	0.274158990288419
2212	0.27409080666478
2213	0.274251075119572
2214	0.274440338286387
2215	0.27449324290761
2216	0.274595769472616
2217	0.274587018915016
2218	0.274577388109566
2219	0.274723865845312
2220	0.274732330591779
2221	0.274817915090887
2222	0.27503961081812
2223	0.275130661989248
2224	0.275325427176148
2225	0.275440279349936
2226	0.275446700027896
2227	0.27555505606448
2228	0.275685186873674
2229	0.275882674216188
2230	0.276117199922404
2231	0.276455289198983
2232	0.276713289106828
2233	0.277017069523068
2234	0.277269036035589
2235	0.277398089317373
2236	0.277611980632135
2237	0.277968417308487
2238	0.278612149685338
2239	0.27924714736429
2240	0.279789373062788
2241	0.280396199592769
2242	0.28073957736368
2243	0.281060581787143
2244	0.281457780762647
2245	0.281826615466801
2246	0.28229192162735
2247	0.282991137579051
2248	0.283432878978185
2249	0.283875285606832
2250	0.284260066411133
2251	0.284327777355494
2252	0.284736510602561
2253	0.285433610750255
2254	0.285947211310546
2255	0.286432503295765
2256	0.28699784743487
2257	0.287359683490148
2258	0.287453032775677
2259	0.287836277182859
2260	0.28827365555407
2261	0.288456238202441
2262	0.288848460445221
2263	0.289156062000076
2264	0.28935083851407
2265	0.289585983190632
2266	0.289733721215809
2267	0.289915106935973
2268	0.289979083191304
2269	0.290040039312041
2270	0.290238732917578
2271	0.290349193694503
2272	0.290332202290445
2273	0.290394999381013
2274	0.290337914948263
2275	0.290427931684075
2276	0.290862909776004
2277	0.291038987430802
2278	0.291117129210517
2279	0.291267994888111
2280	0.291329503758063
2281	0.291108455460454
2282	0.291230188549565
2283	0.291557351462002
2284	0.291563729711223
2285	0.291628952609727
2286	0.291709994100185
2287	0.291588008186204
2288	0.291627584746813
2289	0.291898147106738
2290	0.292167146236651
2291	0.2923658836135
2292	0.292387570005812
2293	0.29242961380072
2294	0.29258204000642
2295	0.292539295698889
2296	0.292783360513423
2297	0.293306384349602
2298	0.293465049001615
2299	0.293533063352157
2300	0.29357155607836
2301	0.293269105525279
2302	0.293243772150992
2303	0.293534723129082
2304	0.293494310154275
2305	0.293445280153887
2306	0.293269660516408
2307	0.292874071391992
2308	0.292630861139581
2309	0.292300137474297
2310	0.292154739947821
2311	0.292276698458955
2312	0.292188288703323
2313	0.291442923626296
2314	0.291220668520276
2315	0.291108102480704
2316	0.290650376370461
2317	0.29060728292908
2318	0.290580003239742
2319	0.290049449526748
2320	0.289655235979192
2321	0.289429772531287
2322	0.289388752334774
2323	0.289199380288084
2324	0.289058409318633
2325	0.289215147265584
2326	0.289076308104717
2327	0.289130010004066
2328	0.289358219136743
2329	0.289405615505143
2330	0.289378228361104
2331	0.289300057190172
2332	0.289198937495124
2333	0.289119408605186
2334	0.288959530764928
2335	0.288990536129552
2336	0.289117686305963
2337	0.289194213202346
2338	0.289410052356694
2339	0.289524181843434
2340	0.289816261438964
2341	0.289843857628526
2342	0.289836937025
2343	0.28978442158099
2344	0.289677056789258
2345	0.289479209873653
2346	0.28937901109135
2347	0.289094192805484
2348	0.288878404134511
2349	0.288747122265096
2350	0.288584481546089
2351	0.288454098374732
2352	0.288138268377041
2353	0.287785781895191
2354	0.287425838044957
2355	0.287002967923106
2356	0.286742233677242
2357	0.286638977186298
2358	0.286517736664236
2359	0.286505382613377
2360	0.286289858831808
2361	0.285964805523132
2362	0.285638698814329
2363	0.285209472440027
2364	0.284749581923219
2365	0.28454469663993
2366	0.284253539601262
2367	0.283951237281099
2368	0.283654691485431
2369	0.283264667044212
2370	0.282951533981787
2371	0.282559529287045
2372	0.2821488494436
2373	0.281985865284264
2374	0.281599640530218
2375	0.280927660433404
2376	0.280460612004453
2377	0.280069483843431
2378	0.279488465145804
2379	0.278992524842993
2380	0.278326433845393
2381	0.277283524192543
2382	0.276635521361011
2383	0.2761258109911
2384	0.27567829564171
2385	0.275448885032861
2386	0.275090026197947
2387	0.274709971737753
2388	0.274224078213943
2389	0.273748421238473
2390	0.273210067648096
2391	0.272546818751461
2392	0.271939663110966
2393	0.271125686570461
2394	0.270647901311561
2395	0.270496089329401
2396	0.270206744751539
2397	0.269988145639289
2398	0.269811309100625
2399	0.269682631139242
2400	0.269408218957001
2401	0.26921689147577
2402	0.26883415243662
2403	0.268295030498028
2404	0.267737360372518
2405	0.267347741043298
2406	0.267132182736882
2407	0.266859423324954
2408	0.26658509251998
2409	0.266478803162934
2410	0.266268416920004
2411	0.265973825757795
2412	0.265563581856649
2413	0.264985122328954
2414	0.264618667366019
2415	0.264354167146395
2416	0.26404629996737
2417	0.263703498334748
2418	0.263326495595546
2419	0.262839690572263
2420	0.262260496260574
2421	0.262089693324877
2422	0.261794513946373
2423	0.26140284621005
2424	0.26132431843848
2425	0.261178874376538
2426	0.260896942520274
2427	0.260580654718928
2428	0.260472351343154
2429	0.260077608016426
2430	0.259599202049172
2431	0.25904476730134
2432	0.258195695924996
2433	0.257927163057339
2434	0.257752549369432
2435	0.25767889628437
2436	0.258125076984749
2437	0.258102395162593
2438	0.257823781838789
2439	0.257692093949085
2440	0.257635861811447
2441	0.257660080737698
2442	0.257695804810598
2443	0.257590366697769
2444	0.257513038968426
2445	0.257293778036394
2446	0.257010560626616
2447	0.256728914022044
2448	0.256427346947269
2449	0.256359419866721
2450	0.256232026398942
2451	0.255825542333913
2452	0.255271168669461
2453	0.254908239575705
2454	0.254608974881453
2455	0.254149152641402
2456	0.253674901905009
2457	0.253203269024078
2458	0.252019170756008
2459	0.251442296718759
2460	0.251508601278934
2461	0.251339560775529
2462	0.251144820196198
2463	0.250728068859135
2464	0.250037430860365
2465	0.249606724346294
2466	0.249194787272034
2467	0.248907883700437
2468	0.248670973842642
2469	0.248407312114332
2470	0.247787714427476
2471	0.247351086688506
2472	0.247179704169226
2473	0.246696802847508
2474	0.245781971329904
2475	0.245441671646024
2476	0.245270663121819
2477	0.244949413693472
2478	0.244791840316802
2479	0.244560602123132
2480	0.243575599911699
2481	0.243321638650144
2482	0.243360595498157
2483	0.243090041423415
2484	0.242659773938651
2485	0.24247655310633
2486	0.242318462209874
2487	0.242119326668216
2488	0.242123316005761
2489	0.241749376994252
2490	0.24120011225529
2491	0.240577954882445
2492	0.239612702218165
2493	0.239182766600138
2494	0.239319474482536
2495	0.238864546017191
2496	0.238234364873477
2497	0.238192695156052
2498	0.237779749595876
2499	0.237412802010467
2500	0.237446475522475
