350	0.300822431040118
351	0.305934765826042
352	0.298372116789199
353	0.287796451887352
354	0.286615061821728
355	0.279151126671307
356	0.27590997160718
357	0.273199704756193
358	0.266477531235782
359	0.270086815726095
360	0.27765825219447
361	0.269507834006535
362	0.271117097457369
363	0.272813533679925
364	0.2635966361292
365	0.267949445355326
366	0.269731556244409
367	0.269131041183904
368	0.262976424541037
369	0.263849635378504
370	0.260008327523666
371	0.258896250687418
372	0.252420393603554
373	0.253747194078424
374	0.257588901206229
375	0.255018277914563
376	0.250839248499055
377	0.242902036002985
378	0.245031391996985
379	0.254509544351912
380	0.249359816871952
381	0.242071504929327
382	0.245528369284848
383	0.244694154961486
384	0.238995128369085
385	0.239743566731882
386	0.24208697254711
387	0.242571798801116
388	0.239916950369106
389	0.23851865770551
390	0.240826572712763
391	0.237935711949764
392	0.235347152418544
393	0.235769622403627
394	0.23450567438429
395	0.230377023995073
396	0.231003241275916
397	0.230611716525055
398	0.23045338438993
399	0.231879925909744
400	0.231416055564468
401	0.229672656227303
402	0.230552212252747
403	0.230119166811587
404	0.230968246695004
405	0.231875585391143
406	0.230283034947968
407	0.230203399618786
408	0.228131658161384
409	0.228835822031869
410	0.229373865905318
411	0.226564211360437
412	0.226808734037755
413	0.227379191898061
414	0.226646607533067
415	0.226462839992076
416	0.226482708834085
417	0.225233971393957
418	0.225008324419912
419	0.22419057401377
420	0.224150669366273
421	0.223261131524142
422	0.223597964472029
423	0.223608843585352
424	0.222715067106011
425	0.223396380708132
426	0.223640456164291
427	0.222905761875479
428	0.221958065073623
429	0.221624870246193
430	0.222249663859304
431	0.222150062436169
432	0.221343365335451
433	0.221147665328028
434	0.221718788238838
435	0.221964040604805
436	0.221634595826045
437	0.222406620525454
438	0.222277127995145
439	0.222353598092511
440	0.22276290712632
441	0.222702479317357
442	0.223000882549701
443	0.223110144094585
444	0.222944239561246
445	0.222657295040335
446	0.22310020555076
447	0.223217312430719
448	0.223305477614702
449	0.223695335187659
450	0.223874020596041
451	0.22359167249758
452	0.224540731854632
453	0.22486580569659
454	0.224887534449359
455	0.224427975781472
456	0.224729918336708
457	0.224869766091555
458	0.224867382746299
459	0.224942446747851
460	0.225580214936038
461	0.225513069097923
462	0.225885233808734
463	0.22589475163924
464	0.225873963918139
465	0.226064496871459
466	0.225792924645424
467	0.225506516959333
468	0.225780133245523
469	0.225926305603499
470	0.22600191876514
471	0.226222933749282
472	0.226048498050144
473	0.226256686896899
474	0.226632023445766
475	0.226662205156155
476	0.226920999462882
477	0.227510657627464
478	0.227550985796346
479	0.227423731688066
480	0.227675573937069
481	0.227681707959008
482	0.228226981886733
483	0.228499883555156
484	0.228567728299109
485	0.228799860119151
486	0.22908219048357
487	0.229246654655934
488	0.229300612008713
489	0.229363681994751
490	0.229737345355934
491	0.230007925400752
492	0.23011232513885
493	0.230845566547586
494	0.231393364043457
495	0.231819350772464
496	0.232180463950664
497	0.23226522553429
498	0.232561271274326
499	0.233197628413368
500	0.233511463170767
501	0.233630432883719
502	0.233915356502984
503	0.234217296667509
504	0.234808830816603
505	0.235393937458825
506	0.235798979180885
507	0.23619403475436
508	0.236479768526472
509	0.236913163997544
510	0.237396743195159
511	0.237784395914227
512	0.238420053894064
513	0.238880037557063
514	0.239081938728837
515	0.239652553161504
516	0.240210518147696
517	0.240529266422327
518	0.240830272464142
519	0.241282553284536
520	0.241804880430024
521	0.242311465673128
522	0.242752721819531
523	0.243219297642421
524	0.243737319090159
525	0.244259010883506
526	0.244766111341673
527	0.245197198395279
528	0.245674819211704
529	0.246149668467119
530	0.246508517328628
531	0.247033055513696
532	0.247667803933528
533	0.248242968447114
534	0.248715560899262
535	0.249212545119249
536	0.249573445652443
537	0.250002188408368
538	0.250711307024646
539	0.251238648564719
540	0.251637307891383
541	0.252055434877345
542	0.252629047589377
543	0.253263538625787
544	0.253643325721653
545	0.254150896895517
546	0.254719302149815
547	0.255403634815587
548	0.255865190186346
549	0.256368476241968
550	0.256870578840032
551	0.257437481506142
552	0.258065736404851
553	0.258653172506435
554	0.259200144727466
555	0.259798059611322
556	0.260489857062028
557	0.261054090210759
558	0.261520505981741
559	0.262168670063291
560	0.262762621523816
561	0.263294465139987
562	0.263886678304211
563	0.264559305004816
564	0.265125928568829
565	0.26570457362017
566	0.26627213258614
567	0.266825325571135
568	0.267414614489289
569	0.267950715140378
570	0.26858610242359
571	0.269122486299355
572	0.26955933312694
573	0.270085936235671
574	0.27057073188161
575	0.271092345920126
576	0.271634219768156
577	0.272141674076847
578	0.272700406017917
579	0.273157842758726
580	0.273532789549427
581	0.27396645624811
582	0.274545648084869
583	0.274936553672603
584	0.275404787427652
585	0.275886172861079
586	0.276431639855845
587	0.276881854824756
588	0.277233094165655
589	0.277624894848392
590	0.278056515154089
591	0.278412117523471
592	0.278770084723887
593	0.279228552832988
594	0.279639912553712
595	0.28006702633139
596	0.280478135299876
597	0.280909422938402
598	0.281319539308683
599	0.28170438179222
600	0.282006441938939
601	0.282324257588023
602	0.282704867280166
603	0.283045395721059
604	0.283427553102189
605	0.283830768764676
606	0.284144881089615
607	0.28451279991898
608	0.284891559821267
609	0.28517387995507
610	0.285455317046599
611	0.285800219744612
612	0.286195080621622
613	0.286462087299661
614	0.286756715217912
615	0.287136875652798
616	0.28739328979675
617	0.287663339243408
618	0.287886761723441
619	0.288216525504919
620	0.288591867417457
621	0.28894803222355
622	0.289242800892878
623	0.289548976036174
624	0.289822451464651
625	0.290076665722016
626	0.290371712291158
627	0.290654199979361
628	0.290983553103075
629	0.291239084465549
630	0.291498084867977
631	0.291823438736728
632	0.2920978813906
633	0.292279796353334
634	0.292585961557499
635	0.292881423336163
636	0.293163575824638
637	0.293454491004838
638	0.29365401203791
639	0.29393168313888
640	0.294223463773436
641	0.294444994130684
642	0.29473248857674
643	0.295032045962947
644	0.295205653952366
645	0.295434674973665
646	0.295721990697105
647	0.295951503436621
648	0.296158740577377
649	0.296309492887566
650	0.296596110340001
651	0.296873348738754
652	0.296944937588105
653	0.297155881139183
654	0.297433822336601
655	0.297653900694858
656	0.297856560957563
657	0.298066312501446
658	0.298231262308199
659	0.29846084575837
660	0.298753075815346
661	0.298971249955117
662	0.299183985828595
663	0.299410481900545
664	0.2996594413112
665	0.299866001142185
666	0.300109601710023
667	0.300342150334813
668	0.300522954881558
669	0.300759642372627
670	0.301068845272316
671	0.30134628645399
672	0.301593614613239
673	0.301798455211475
674	0.302048153696097
675	0.302269201453782
676	0.302562784138306
677	0.302849403802939
678	0.303024108384086
679	0.303278581249577
680	0.303620284695695
681	0.303917510663283
682	0.304178832153592
683	0.304388117350562
684	0.304631942030405
685	0.304886070067703
686	0.305139054090154
687	0.305335497431778
688	0.30551996541499
689	0.305710018372588
690	0.30590670800607
691	0.306160631836932
692	0.306434230706621
693	0.306790329938374
694	0.3072560540695
695	0.307869649469871
696	0.308606342933481
697	0.308962382874446
698	0.308923277126577
699	0.308701535207731
700	0.308712671893416
701	0.308873005684878
702	0.309121573227978
703	0.309395919666848
704	0.309635340442082
705	0.309849653696438
706	0.310113666456991
707	0.310449436465477
708	0.310700310602449
709	0.310947551590459
710	0.311165668742195
711	0.311458555639412
712	0.311707730034674
713	0.311894784503547
714	0.312150588874471
715	0.312441250886052
716	0.312676723090948
717	0.312886911371891
718	0.313100167957788
719	0.313313484260089
720	0.31351175144045
721	0.313695668234072
722	0.313857569332893
723	0.31411662709834
724	0.314412487208758
725	0.314668110622353
726	0.314853981393912
727	0.315067481533414
728	0.315287416755654
729	0.315500251179771
730	0.315728487439165
731	0.315948451100256
732	0.316136380978131
733	0.316356483386637
734	0.316570251218537
735	0.31677966314678
736	0.317008868828276
737	0.31723081617535
738	0.317453909676318
739	0.317670783606299
740	0.31787393315362
741	0.318113829735473
742	0.318313390957181
743	0.31847556672852
744	0.318680948847481
745	0.318899613752922
746	0.319121933899235
747	0.319280972205183
748	0.319469886402959
749	0.319671999852498
750	0.319854420061381
751	0.320064270460186
752	0.320262256990562
753	0.320451134214696
754	0.320613594195058
755	0.320802133243837
756	0.321010630297403
757	0.321194158465825
758	0.321321277696987
759	0.321450952642488
760	0.321610609676598
761	0.321702684940387
762	0.321717827890268
763	0.321787333668581
764	0.321939623672644
765	0.322143987884211
766	0.322289384601478
767	0.322514722541727
768	0.322772252387384
769	0.323058186016403
770	0.32329043525814
771	0.323512125766295
772	0.323706150616924
773	0.32388463241699
774	0.324038456377753
775	0.324204156479053
776	0.324367350237075
777	0.324566855673042
778	0.324726700236381
779	0.324860099750412
780	0.324994267267982
781	0.32515616266983
782	0.325295541658716
783	0.325414247972066
784	0.325611518225406
785	0.325751305050282
786	0.325899673375026
787	0.326054446123433
788	0.326167054223094
789	0.326296597464601
790	0.326463763674987
791	0.326622193034555
792	0.326693574062567
793	0.326860140538632
794	0.327086222854709
795	0.327253939608841
796	0.327343894924794
797	0.32748216125248
798	0.32765662464072
799	0.32782204522988
800	0.327924090642584
801	0.328071149533708
802	0.328239708950071
803	0.32843080822824
804	0.328568762297602
805	0.328669043343177
806	0.32888864803932
807	0.329033005351045
808	0.329159373458132
809	0.329269320876768
810	0.329429874536832
811	0.329650073054391
812	0.329816602742354
813	0.329940597834788
814	0.330043133938376
815	0.330173033682612
816	0.330297479659672
817	0.330458128635891
818	0.330626612550062
819	0.33076641276946
820	0.330866518770959
821	0.331060431977225
822	0.331258336973658
823	0.331435435302169
824	0.331540991232547
825	0.331636235608505
826	0.331823098778241
827	0.331980057209105
828	0.332084171641893
829	0.332176846057269
830	0.332338197352122
831	0.332528170399484
832	0.332674785548111
833	0.332803421469016
834	0.332920483381297
835	0.333059151800577
836	0.333155577034769
837	0.333308087660658
838	0.333407792652941
839	0.333497969724721
840	0.333623504788891
841	0.333791276976461
842	0.333907097247408
843	0.333993102516765
844	0.334150448513935
845	0.3342462059089
846	0.334364536562503
847	0.334528368298751
848	0.334622038196138
849	0.334663605801509
850	0.334760756747346
851	0.334889108603777
852	0.335009834431968
853	0.335076956906223
854	0.335168153829067
855	0.335272429708223
856	0.335460726224034
857	0.335591151283456
858	0.335675640805944
859	0.335770953964948
860	0.335942366254518
861	0.336132050465475
862	0.336219263080034
863	0.336237852930897
864	0.3363356029452
865	0.336517424578563
866	0.336663617431021
867	0.336825521802002
868	0.336910087640054
869	0.337028943879488
870	0.337111618881906
871	0.33727547421872
872	0.337483999890443
873	0.33766712971787
874	0.337781542490972
875	0.337847757715497
876	0.338005544004784
877	0.338154227829866
878	0.338391920294971
879	0.338532478221016
880	0.338636350737517
881	0.338822912467563
882	0.339046938863095
883	0.339267601020044
884	0.339391946813375
885	0.339583591877813
886	0.33975933597238
887	0.339920862620171
888	0.3401021563732
889	0.340296808287482
890	0.340501103958284
891	0.340657451239889
892	0.340840968689395
893	0.341022515131954
894	0.341156005384387
895	0.341345466440768
896	0.341386100304847
897	0.341438593636469
898	0.341615567005276
899	0.341905711343009
900	0.342063286737147
901	0.342159832790911
902	0.342301683607476
903	0.342551837414669
904	0.342716007817617
905	0.342804786181271
906	0.343015879482697
907	0.343161689641073
908	0.343272374228049
909	0.343432606018208
910	0.34361219480785
911	0.343707472086487
912	0.343918112437167
913	0.344064446115156
914	0.344166482950717
915	0.344274882852888
916	0.344443499081948
917	0.344645348793537
918	0.34469059570832
919	0.344854292491597
920	0.345048644503751
921	0.345227618932155
922	0.345344924450144
923	0.345449365257136
924	0.34563894270508
925	0.345806593081495
926	0.345927745606369
927	0.346025543014533
928	0.346310984038182
929	0.346460952075539
930	0.346538086138313
931	0.346610602910733
932	0.346630252090617
933	0.346819799422355
934	0.347010587817989
935	0.347171371513779
936	0.347333831011737
937	0.3474086962152
938	0.347554454602439
939	0.347735204250577
940	0.347822833074914
941	0.347934850823565
942	0.348118174976975
943	0.348343766827507
944	0.348562402677411
945	0.348636553521332
946	0.348690298636857
947	0.348695853510857
948	0.348863085196136
949	0.34903834653769
950	0.349115128051846
951	0.349200971030445
952	0.349294332340936
953	0.349531309737458
954	0.349703667761666
955	0.349763067238593
956	0.349861653552862
957	0.350093990200964
958	0.350300506539637
959	0.350383577187876
960	0.350611297278308
961	0.350910384000814
962	0.351008847580118
963	0.351088940858811
964	0.351233305891698
965	0.351461373659152
966	0.351636993794733
967	0.351709306178942
968	0.351973828124137
969	0.352237818378959
970	0.352374716608392
971	0.352440198036818
972	0.352507024038576
973	0.352696793951876
974	0.352869759149951
975	0.353210386103628
976	0.353234129394124
977	0.353357594518969
978	0.353695778092719
979	0.353600144656361
980	0.353769139951052
981	0.353962363668542
982	0.354162140470538
983	0.35412416264292
984	0.354398805533423
985	0.354624711803169
986	0.354636462213053
987	0.354821912188348
988	0.355180534518406
989	0.355320099081525
990	0.355402953960038
991	0.35546266424052
992	0.355564639166629
993	0.355769725731715
994	0.356228436169417
995	0.356263080301604
996	0.356231518663044
997	0.356583708997147
998	0.356816007199363
999	0.356900829347198
1000	0.357069074962517
1001	0.355934553051025
1002	0.356035504427569
1003	0.356185599602993
1004	0.356404948352334
1005	0.356582559858114
1006	0.356437101125074
1007	0.356612289904781
1008	0.356695822056198
1009	0.35686727451799
1010	0.357012191138232
1011	0.357179638318655
1012	0.357350245761984
1013	0.357513661971038
1014	0.357671765480524
1015	0.357909561408739
1016	0.358026267954899
1017	0.357997400677706
1018	0.358112212943404
1019	0.358207877003405
1020	0.358320121819517
1021	0.358454345195939
1022	0.358524675974531
1023	0.358523499302791
1024	0.358700590880212
1025	0.35891914939311
1026	0.359053595755674
1027	0.359160250842508
1028	0.359215925961862
1029	0.359375777483047
1030	0.359382288462118
1031	0.359502003121811
1032	0.359591742834223
1033	0.359671986706929
1034	0.359879572382426
1035	0.35995713471245
1036	0.36001381342882
1037	0.360153573263839
1038	0.360327042771219
1039	0.360364590603385
1040	0.360479883041182
1041	0.360648835477005
1042	0.36081463628147
1043	0.360803085099449
1044	0.361001957643709
1045	0.361142050019302
1046	0.361276293493875
1047	0.361347187141048
1048	0.361512831250284
1049	0.36157352448676
1050	0.361710590220179
1051	0.361868684132591
1052	0.361977522993158
1053	0.362081180450127
1054	0.362187979299257
1055	0.362299517822292
1056	0.362504725944589
1057	0.362670978835241
1058	0.362776776576394
1059	0.362775449581777
1060	0.3629201838809
1061	0.36313200861226
1062	0.363298248909242
1063	0.363434896104611
1064	0.363622109076601
1065	0.36371640349942
1066	0.363670236907969
1067	0.363747646893065
1068	0.363932799478101
1069	0.363992251981555
1070	0.364159401296042
1071	0.364329091429669
1072	0.364408055090002
1073	0.364576285761365
1074	0.364688391705274
1075	0.36481731415445
1076	0.36496050821679
1077	0.365097070369429
1078	0.365299305669139
1079	0.365434189024359
1080	0.365558622955513
1081	0.365699615916387
1082	0.36586021895895
1083	0.365933597644256
1084	0.36603883611853
1085	0.3661624965077
1086	0.366268780690187
1087	0.366395353729354
1088	0.366506748507934
1089	0.36673950382635
1090	0.366852648972144
1091	0.366922908137911
1092	0.367085101917067
1093	0.367269917874308
1094	0.367372034967962
1095	0.367508733695536
1096	0.367688256909596
1097	0.367795826126196
1098	0.367896230590187
1099	0.368037350611474
1100	0.368210201102917
1101	0.368302765355471
1102	0.368394708019322
1103	0.368541734035389
1104	0.368670834557418
1105	0.368744559725214
1106	0.368889929517165
1107	0.369005024621238
1108	0.369054405144664
1109	0.369189647253573
1110	0.369341547893259
1111	0.36946069312386
1112	0.369548841091161
1113	0.369689437822638
1114	0.369846518144554
1115	0.369947266622391
1116	0.370055593952889
1117	0.370122980114535
1118	0.370182127675712
1119	0.370335656630302
1120	0.370373661544852
1121	0.37043607920008
1122	0.370579387670703
1123	0.370710837473195
1124	0.370833863500458
1125	0.371016020367949
1126	0.371071661300625
1127	0.37115806250442
1128	0.371150363085644
1129	0.371279857338285
1130	0.371325841480603
1131	0.371451485915306
1132	0.371560306697291
1133	0.37161937468555
1134	0.371718911278226
1135	0.371791287482131
1136	0.371898918847515
1137	0.371949020025412
1138	0.372062845643711
1139	0.372162503575643
1140	0.372262252089885
1141	0.372375531095148
1142	0.372445290718832
1143	0.372493078743414
1144	0.372583721244763
1145	0.372691825789187
1146	0.372770607323561
1147	0.372900996541189
1148	0.373019074994532
1149	0.373125093110812
1150	0.373223046918395
1151	0.373327641678736
1152	0.373418871339025
1153	0.373513318984794
1154	0.373632290372043
1155	0.373717111087801
1156	0.373886242322458
1157	0.373991704193651
1158	0.374142272259185
1159	0.374210603023916
1160	0.374379852896495
1161	0.37448086277214
1162	0.374581455378922
1163	0.374728685843074
1164	0.374890095709595
1165	0.374979696963633
1166	0.375050879962103
1167	0.375136200005809
1168	0.375225114630686
1169	0.375321533564483
1170	0.375476390779458
1171	0.375609553091922
1172	0.375704269463102
1173	0.375848081920051
1174	0.375939477879774
1175	0.376053408206908
1176	0.376170311362357
1177	0.376282980980622
1178	0.37638954923762
1179	0.376486074800411
1180	0.376654800342062
1181	0.376775495113924
1182	0.376830327264982
1183	0.376935777438994
1184	0.377056409250921
1185	0.377150286813403
1186	0.377259048372901
1187	0.377365332077976
1188	0.377464442606738
1189	0.37755563006514
1190	0.377627902587818
1191	0.377782832476578
1192	0.377885444122973
1193	0.3779203463584
1194	0.378003323342888
1195	0.378112701361094
1196	0.378215041869218
1197	0.378215116820537
1198	0.378307569337553
1199	0.378338964673444
1200	0.378412184053115
1201	0.378483441551974
1202	0.378594930804997
1203	0.378663782100661
1204	0.378687735932801
1205	0.378732470691161
1206	0.378765628775917
1207	0.378828568174291
1208	0.3789647740261
1209	0.379019271405072
1210	0.37911083136476
1211	0.37915588039887
1212	0.379202811279811
1213	0.379276752709075
1214	0.379317571648502
1215	0.379382135566281
1216	0.379425604136246
1217	0.379495330498072
1218	0.379611188981747
1219	0.379695268414099
1220	0.37975520230667
1221	0.379799600532524
1222	0.379881723103862
1223	0.379934540098451
1224	0.380061057165201
1225	0.380146384833806
1226	0.380202741542664
1227	0.380173384649259
1228	0.380220593573125
1229	0.380287375779507
1230	0.38036353767232
1231	0.380496992477624
1232	0.380587657084163
1233	0.380648180259136
1234	0.380677177852532
1235	0.380813472911194
1236	0.38087150737387
1237	0.381022740128132
1238	0.381133463851834
1239	0.381116583745754
1240	0.381189238402015
1241	0.381256884188912
1242	0.381343864595083
1243	0.38141364725227
1244	0.381546492633271
1245	0.381615814623099
1246	0.381710514574503
1247	0.381794545553887
1248	0.381848985169586
1249	0.381924114499314
1250	0.382093553065867
1251	0.382159854019184
1252	0.382214730594777
1253	0.382310495727254
1254	0.382365428180949
1255	0.382428686202491
1256	0.382556751258245
1257	0.382649689060239
1258	0.382732160907484
1259	0.382831140161709
1260	0.382890496871281
1261	0.382942170695432
1262	0.382943317917239
1263	0.383009971659843
1264	0.383096480846994
1265	0.383179929586855
1266	0.383267768676787
1267	0.383330981236189
1268	0.383425088738386
1269	0.383518949126237
1270	0.383595394653531
1271	0.383731028886824
1272	0.383819902826422
1273	0.383877002788929
1274	0.3839299352995
1275	0.383952287430684
1276	0.384038821335567
1277	0.384129060599032
1278	0.38417967045577
1279	0.384234438986926
1280	0.384288607135392
1281	0.384352957034118
1282	0.384426363847558
1283	0.384527025085032
1284	0.384604729184495
1285	0.384648710072478
1286	0.38469290575733
1287	0.38477854082267
1288	0.384860286097726
1289	0.384953715163817
1290	0.38504866268608
1291	0.385092323590169
1292	0.385179079796726
1293	0.385275535151277
1294	0.385346533818464
1295	0.385414876648332
1296	0.38549857962452
1297	0.385564455775884
1298	0.385600976179396
1299	0.38565727385605
1300	0.385727397404255
1301	0.3858272009299
1302	0.38589492118078
1303	0.385997962352358
1304	0.386031520272833
1305	0.386120490475592
1306	0.386174191261323
1307	0.386265559421746
1308	0.386437632185864
1309	0.386487504570999
1310	0.386569757108954
1311	0.386670640360913
1312	0.386754209887785
1313	0.386749718843938
1314	0.386834440962229
1315	0.386885881895827
1316	0.387014383308821
1317	0.387146372133782
1318	0.387255120511099
1319	0.387292107942076
1320	0.387345974396871
1321	0.387348739507575
1322	0.387348919724648
1323	0.387427627575841
1324	0.387467511621733
1325	0.387499168070984
1326	0.38755263244131
1327	0.387539711515365
1328	0.387579115431519
1329	0.387596999897211
1330	0.38759139317833
1331	0.387661453705737
1332	0.387669343029945
1333	0.387655943144043
1334	0.387652030863637
1335	0.387557978285573
1336	0.387510847512088
1337	0.387511731502396
1338	0.387536005581562
1339	0.387547566512644
1340	0.387634552146764
1341	0.387612614776246
1342	0.3875869546315
1343	0.38757393670946
1344	0.38752560596635
1345	0.387519093508221
1346	0.387549584320831
1347	0.387556828426156
1348	0.387586048970307
1349	0.387573569608763
1350	0.387569445468513
1351	0.387570708774777
1352	0.387609226688248
1353	0.387634643819219
1354	0.387653242376211
1355	0.387649739692633
1356	0.387597545637341
1357	0.38755013881583
1358	0.387560148771116
1359	0.387589794843707
1360	0.387609757726806
1361	0.387630800819057
1362	0.387637731977628
1363	0.387596408229013
1364	0.38758501703149
1365	0.38756853053517
1366	0.387527871548974
1367	0.387480421548121
1368	0.387419810186825
1369	0.387344584187996
1370	0.387223060492948
1371	0.38709291382558
1372	0.386959202166168
1373	0.386787215257726
1374	0.386587660543105
1375	0.386392759175249
1376	0.386109680326606
1377	0.385785702500738
1378	0.385415219999105
1379	0.385012342596877
1380	0.384481701729479
1381	0.383937689779815
1382	0.383205875460228
1383	0.382333816699265
1384	0.381345735526689
1385	0.380199933872119
1386	0.379051258787547
1387	0.377762625469086
1388	0.376521554354608
1389	0.375256501602125
1390	0.373980198479051
1391	0.372869728513267
1392	0.371875944877016
1393	0.371175698242828
1394	0.370639226312587
1395	0.370320502279474
1396	0.370325251017977
1397	0.37040821830191
1398	0.370767324691251
1399	0.371056903586336
1400	0.371458741786181
1401	0.371779384436857
1402	0.372135968829183
1403	0.372373382913449
1404	0.372560792445835
1405	0.37272607885747
1406	0.372776112931061
1407	0.372848264858183
1408	0.372865212986664
1409	0.372922780425966
1410	0.372966600213071
1411	0.373038159759751
1412	0.373084508633879
1413	0.373113038592118
1414	0.373185826673015
1415	0.373264189204853
1416	0.373389873680174
1417	0.373521560943543
1418	0.373641855134411
1419	0.373759231682188
1420	0.373888518909741
1421	0.37400266595759
1422	0.374129303923353
1423	0.374279236790449
1424	0.374446932954232
1425	0.374619291412749
1426	0.37474864809502
1427	0.374909356127761
1428	0.375020033586939
1429	0.375126027057434
1430	0.375258982085656
1431	0.375350764514764
1432	0.375476876577953
1433	0.375583655990308
1434	0.375674150613559
1435	0.375804246162913
1436	0.375905906159812
1437	0.376042167591245
1438	0.376165938536197
1439	0.376306686273224
1440	0.376405684532928
1441	0.376495557986254
1442	0.376605854114941
1443	0.376701785390277
1444	0.376823468019928
1445	0.376975143570835
1446	0.377079194691065
1447	0.377171722569121
1448	0.377287211801732
1449	0.377379670821908
1450	0.377488468726959
1451	0.377592302364376
1452	0.377723754468787
1453	0.377825864733424
1454	0.377921336543346
1455	0.377968887365948
1456	0.37806874556766
1457	0.378151144428847
1458	0.378221961616676
1459	0.378291231525589
1460	0.378380889736416
1461	0.378425161119588
1462	0.37853115397263
1463	0.378633983534459
1464	0.378768659496639
1465	0.37889406333612
1466	0.379061556984274
1467	0.379179470349045
1468	0.379288709223472
1469	0.379422183221607
1470	0.379571527952562
1471	0.379712996146309
1472	0.379811139049621
1473	0.379934590281429
1474	0.380082114765928
1475	0.380213524649932
1476	0.380353838714991
1477	0.38049319923753
1478	0.380661344301666
1479	0.380801424914821
1480	0.380921241500267
1481	0.381085234846423
1482	0.381239200558083
1483	0.381396810252283
1484	0.381556073926536
1485	0.381702852369827
1486	0.381875053953729
1487	0.381991924570092
1488	0.38208523550546
1489	0.382190932931536
1490	0.38219831495193
1491	0.382292633184702
1492	0.382422578728289
1493	0.38251285636553
1494	0.382654096475244
1495	0.382787804168649
1496	0.382882267204629
1497	0.383009307403315
1498	0.383123871282904
1499	0.383244275507218
1500	0.383419047102705
1501	0.383552208586361
1502	0.383652275269211
1503	0.38378613896206
1504	0.383841133936297
1505	0.383932074738568
1506	0.383992921813862
1507	0.384064891732835
1508	0.384176495112101
1509	0.384268421775084
1510	0.38434337037015
1511	0.384455313392715
1512	0.384536498788216
1513	0.384630235895038
1514	0.384730677806619
1515	0.384833385756772
1516	0.384910278190699
1517	0.384961910993454
1518	0.385071355040348
1519	0.385134992688395
1520	0.385242499479992
1521	0.385305588346436
1522	0.385386102157919
1523	0.385464502863827
1524	0.38552055084151
1525	0.385620674370746
1526	0.385672025031064
1527	0.385748692364077
1528	0.385812924474505
1529	0.385847841650852
1530	0.38593759525439
1531	0.385983245826913
1532	0.386053374556346
1533	0.386090643655526
1534	0.386148471063159
1535	0.386223365725108
1536	0.386294297876153
1537	0.386353917610807
1538	0.386404988258773
1539	0.386399058719455
1540	0.38646318092057
1541	0.386568935972427
1542	0.386607820284321
1543	0.386687202716887
1544	0.38673929917566
1545	0.386827198981507
1546	0.386872112300252
1547	0.386956465627593
1548	0.387014752617643
1549	0.387065173265491
1550	0.387110793283248
1551	0.387188253555138
1552	0.387247331243445
1553	0.387303252128719
1554	0.387341938725857
1555	0.387411225751466
1556	0.387471111218747
1557	0.387526629643542
1558	0.387560428464955
1559	0.387550910396098
1560	0.387584859282279
1561	0.387607146489373
1562	0.387654640650919
1563	0.38773289550464
1564	0.387780772377428
1565	0.387843291883994
1566	0.387891525956827
1567	0.387930128779708
1568	0.388005655332462
1569	0.388087318587986
1570	0.388142055996803
1571	0.388164218712441
1572	0.388219309235444
1573	0.388224070518506
1574	0.388265825754032
1575	0.388339954118816
1576	0.388389947594913
1577	0.388406160740294
1578	0.388456445405148
1579	0.388452762197289
1580	0.38851711329011
1581	0.388643090099488
1582	0.388743687616235
1583	0.388893878252821
1584	0.389023150384092
1585	0.389095295639875
1586	0.389181547217992
1587	0.389274478678369
1588	0.389317370082161
1589	0.389384856315288
1590	0.389414044376557
1591	0.389384562173556
1592	0.38942191016664
1593	0.389428390636389
1594	0.389465969439221
1595	0.389488829393886
1596	0.389549058311941
1597	0.389617202555254
1598	0.389649235838917
1599	0.38972201462179
1600	0.389791295347791
1601	0.389910807337779
1602	0.390009626912601
1603	0.390128903027442
1604	0.390220385093984
1605	0.390313795860359
1606	0.390354055897184
1607	0.390374103664703
1608	0.390414646826588
1609	0.39041400229594
1610	0.390469507198738
1611	0.390573617262121
1612	0.390591844030772
1613	0.390558687882001
1614	0.390600122514887
1615	0.390596853899024
1616	0.390623625946951
1617	0.390728546801642
1618	0.390838932041073
1619	0.390936223450317
1620	0.391024113359584
1621	0.391131409144648
1622	0.391228523314912
1623	0.391299096412067
1624	0.391358155825117
1625	0.391417038961828
1626	0.391491866855586
1627	0.391553752186882
1628	0.391629214514404
1629	0.391628770004976
1630	0.391673917966293
1631	0.391725121219118
1632	0.391779206464474
1633	0.391823985644225
1634	0.391854385064391
1635	0.391902182374932
1636	0.391979709038736
1637	0.392055737322497
1638	0.392149648145422
1639	0.39219756516498
1640	0.392283564889319
1641	0.392285559026152
1642	0.392323095199031
1643	0.392347381355136
1644	0.392376525697112
1645	0.392431431919878
1646	0.392469719214462
1647	0.392517899444868
1648	0.392549303682371
1649	0.392542982806877
1650	0.392615785348784
1651	0.392645876092103
1652	0.392710402467729
1653	0.39277133539316
1654	0.392811234106838
1655	0.392892723327704
1656	0.392973479285266
1657	0.393019009686288
1658	0.393124648057309
1659	0.393270693796271
1660	0.393359679761663
1661	0.393425045732046
1662	0.393472485411641
1663	0.393478568969886
1664	0.393535601341863
1665	0.393659834152537
1666	0.393692992157355
1667	0.393737689246421
1668	0.393789703267685
1669	0.393839682034955
1670	0.393859248959063
1671	0.393950206815949
1672	0.3940059707549
1673	0.394080576656132
1674	0.394190216240665
1675	0.394295090455567
1676	0.394423165608259
1677	0.394506348138012
1678	0.394608642084323
1679	0.394734450978067
1680	0.394863647569609
1681	0.395009119080879
1682	0.395148030424167
1683	0.395214261955929
1684	0.395264268216665
1685	0.395326356448683
1686	0.395376951793062
1687	0.395449977578304
1688	0.395574398486371
1689	0.395627548979908
1690	0.395716829797001
1691	0.395774642194022
1692	0.39582828624327
1693	0.395910808359845
1694	0.396021067773211
1695	0.396092516648823
1696	0.396185322261781
1697	0.396368479258807
1698	0.39644387142483
1699	0.396537544940709
1700	0.396660761571702
1701	0.396795702176278
1702	0.396882644626268
1703	0.396999607785821
1704	0.397087434004462
1705	0.397090046366254
1706	0.397071144557236
1707	0.397080396595064
1708	0.397085076290756
1709	0.397080301901522
1710	0.397081043878531
1711	0.397128916185587
1712	0.397103627706888
1713	0.397084654019654
1714	0.397011456852933
1715	0.39702955353555
1716	0.396959869030232
1717	0.396940567940292
1718	0.396961566993914
1719	0.396828940611218
1720	0.396797811980078
1721	0.396677410936926
1722	0.396490941972112
1723	0.396387869454347
1724	0.396251653088134
1725	0.396096010874357
1726	0.395895157136505
1727	0.395721341675588
1728	0.395573301250435
1729	0.395398075590593
1730	0.395272657993211
1731	0.395177346879984
1732	0.395036490861312
1733	0.3949142725897
1734	0.394771823186584
1735	0.394733896829486
1736	0.394699492032694
1737	0.394637381205241
1738	0.394645774411962
1739	0.394575229523735
1740	0.394499331691392
1741	0.39448663836371
1742	0.394492749774045
1743	0.394514354904059
1744	0.3945234851077
1745	0.394398096848658
1746	0.394278578204793
1747	0.394226670402925
1748	0.394123827684566
1749	0.394088672743405
1750	0.394032954550386
1751	0.393933551458883
1752	0.393750576198098
1753	0.39367097763956
1754	0.393567951489489
1755	0.393386283626327
1756	0.393397559782353
1757	0.393245499509351
1758	0.3931106195194
1759	0.393020928368439
1760	0.392954028464342
1761	0.392952736946439
1762	0.39293673804562
1763	0.39284936567169
1764	0.392743548716173
1765	0.392585566242039
1766	0.392417022143947
1767	0.392284472253144
1768	0.392201659941809
1769	0.392202397055995
1770	0.39209339986519
1771	0.391948816419863
1772	0.391829619253286
1773	0.391716285602905
1774	0.3916363715286
1775	0.39152661293423
1776	0.39144914079663
1777	0.391368048392781
1778	0.391296603510192
1779	0.391226314519049
1780	0.391231636667671
1781	0.391241278893951
1782	0.391240050162718
1783	0.39130006111381
1784	0.391345310523845
1785	0.391329671457216
1786	0.391296261229072
1787	0.391359943909009
1788	0.391395645943753
1789	0.391343734952853
1790	0.391346885549937
1791	0.391350445143009
1792	0.39134764090641
1793	0.391363458034817
1794	0.391327711046917
1795	0.391283109898423
1796	0.391241697601992
1797	0.391249850391338
1798	0.391217068141272
1799	0.391218954977959
1800	0.391136992089642
1801	0.391141627466896
1802	0.391164558178756
1803	0.391212459222428
1804	0.391208962666773
1805	0.391177619244711
1806	0.391289832881872
1807	0.391324044023867
1808	0.391419187353713
1809	0.391578236798629
1810	0.391554385732668
1811	0.391567130714502
1812	0.391621360331764
1813	0.39164605518636
1814	0.391654522332422
1815	0.39177615512657
1816	0.391776907818414
1817	0.391837313657724
1818	0.391772338853616
1819	0.391814750681379
1820	0.391800363702302
1821	0.391813786565747
1822	0.391883317499958
1823	0.391860363332292
1824	0.391870552219649
1825	0.391940866623622
1826	0.391946079549564
1827	0.392019843447829
1828	0.392061212108853
1829	0.392083534023058
1830	0.392146595874832
1831	0.390645497314574
1832	0.390790981431308
1833	0.390926704024963
1834	0.390907876270834
1835	0.391023485134858
1836	0.391029026095305
1837	0.390836515985128
1838	0.390789126250763
1839	0.390853574350216
1840	0.390947743837427
1841	0.390954315837238
1842	0.390946451927142
1843	0.390920697184244
1844	0.390718509969813
1845	0.390661405174885
1846	0.390728576419134
1847	0.390730765706299
1848	0.390756562266468
1849	0.390793812879736
1850	0.390897915215631
1851	0.390914892001644
1852	0.39096767865324
1853	0.391060695947441
1854	0.391133029280844
1855	0.391256947070701
1856	0.391250106183467
1857	0.391189793042701
1858	0.391173737661514
1859	0.391110058786509
1860	0.390902704289641
1861	0.390788946061273
1862	0.390631401324093
1863	0.390481181594456
1864	0.390383960629281
1865	0.390189129220486
1866	0.390031231034291
1867	0.389725479216138
1868	0.389345640717864
1869	0.388974826612198
1870	0.388632155911822
1871	0.388284537811836
1872	0.387952073275221
1873	0.387605215487176
1874	0.387244194629036
1875	0.386861121594487
1876	0.386449840229092
1877	0.386086202340833
1878	0.385512313741382
1879	0.384905971975669
1880	0.384310687468019
1881	0.383590761384224
1882	0.382765861909713
1883	0.381895758287916
1884	0.381003903457483
1885	0.379924085463633
1886	0.378706385660298
1887	0.377532523291346
1888	0.376255171374558
1889	0.374882372133256
1890	0.373387141309006
1891	0.371805651377428
1892	0.37020278583148
1893	0.368500095742885
1894	0.366861000227269
1895	0.365148164200622
1896	0.363598684435272
1897	0.362220689765624
1898	0.360695034966796
1899	0.359327317687603
1900	0.358120827325262
1901	0.356901765544973
1902	0.355565017654233
1903	0.354534318787303
1904	0.353679951110733
1905	0.352878710712258
1906	0.352171315877858
1907	0.351622970483907
1908	0.351113332812258
1909	0.350631880423941
1910	0.35019466257246
1911	0.349819483631819
1912	0.349544690451285
1913	0.349328837100396
1914	0.349065418610813
1915	0.348881781257823
1916	0.348697870097928
1917	0.348611088644919
1918	0.34839394279346
1919	0.348277792405474
1920	0.34827902096807
1921	0.348260540762337
1922	0.348119177549557
1923	0.348158360281464
1924	0.348329377858519
1925	0.348436944889073
1926	0.34862268202252
1927	0.348779177920393
1928	0.34889730116343
1929	0.34898065555125
1930	0.349102397654886
1931	0.349181702461597
1932	0.349324755038051
1933	0.349515776227719
1934	0.34972803841283
1935	0.350005542039829
1936	0.350225887666613
1937	0.350388876966513
1938	0.350589866365277
1939	0.350789072856066
1940	0.350968284328828
1941	0.351195791032244
1942	0.351488643775593
1943	0.35172397357763
1944	0.351964782462431
1945	0.352199349324238
1946	0.352478910055577
1947	0.35269239157314
1948	0.352925080557454
1949	0.353130505640489
1950	0.353391837498306
1951	0.353640821251172
1952	0.35394005662539
1953	0.354334656015477
1954	0.354732463039464
1955	0.355242840614734
1956	0.355672101336878
1957	0.356140547759568
1958	0.356593485893225
1959	0.357029921450227
1960	0.35746300864507
1961	0.357805599668115
1962	0.35807888293311
1963	0.358405363401006
1964	0.358716514741803
1965	0.359016774850111
1966	0.359428901780045
1967	0.35973173554221
1968	0.359996528548777
1969	0.360263111908036
1970	0.360561754929508
1971	0.360885522420101
1972	0.361202005419133
1973	0.361504758421772
1974	0.361850426572501
1975	0.362312942526841
1976	0.362677513718854
1977	0.362974955950988
1978	0.363300902990624
1979	0.363558970570061
1980	0.36389575933872
1981	0.364298289602934
1982	0.364695327823974
1983	0.365056694982701
1984	0.365370728133152
1985	0.365777770828191
1986	0.366251295887477
1987	0.366709607356909
1988	0.367218429757024
1989	0.367673553594011
1990	0.368053724320244
1991	0.368423638724456
1992	0.368855646318878
1993	0.369204215569188
1994	0.369475297259807
1995	0.36968395708721
1996	0.369886921639401
1997	0.36995105590192
1998	0.370234339756818
1999	0.37059220039852
2000	0.370913265299146
2001	0.371247193227939
2002	0.371576774850301
2003	0.371937688027685
2004	0.372258596790934
2005	0.372577883096294
2006	0.372975785404417
2007	0.373303844740751
2008	0.373634020884466
2009	0.373955856532123
2010	0.374245160169954
2011	0.374549771761731
2012	0.374893466146113
2013	0.375180883080356
2014	0.375485915176281
2015	0.375929696928843
2016	0.376195450941962
2017	0.376305603040211
2018	0.376481774292062
2019	0.376735901678288
2020	0.376987011002161
2021	0.377324545380767
2022	0.377565719889263
2023	0.377834466393396
2024	0.378028380605948
2025	0.378260944246529
2026	0.378391930818205
2027	0.378356903575982
2028	0.378413310648458
2029	0.378445486701947
2030	0.378503555581027
2031	0.378567116091555
2032	0.378821846621298
2033	0.37890869523527
2034	0.378951714319947
2035	0.378955535577865
2036	0.378932406710532
2037	0.378913272540424
2038	0.378770566565359
2039	0.378751256044529
2040	0.378824599881446
2041	0.378909398458052
2042	0.378964845272244
2043	0.379161589188433
2044	0.37925393465137
2045	0.379248765495871
2046	0.379238161204055
2047	0.379216014727692
2048	0.379155716332909
2049	0.379083341422799
2050	0.379034385011525
2051	0.378909649491736
2052	0.378849883587016
2053	0.37897069457633
2054	0.378990282952114
2055	0.378953765312062
2056	0.378902875871087
2057	0.378709654856113
2058	0.378610547886233
2059	0.378516976420319
2060	0.378521073552038
2061	0.378527903565994
2062	0.378527234648521
2063	0.378510548849803
2064	0.378471751206672
2065	0.378511374411819
2066	0.378497956464818
2067	0.378457720711042
2068	0.378522876546247
2069	0.378589725679052
2070	0.378699505798737
2071	0.378854908501063
2072	0.378988474153789
2073	0.379238125910152
2074	0.379321469137038
2075	0.379334672545538
2076	0.379379224349351
2077	0.379357055197192
2078	0.379374535381606
2079	0.379455040161861
2080	0.379582041083481
2081	0.379753460241091
2082	0.379859422958528
2083	0.37990486573952
2084	0.380017701355403
2085	0.3800196334252
2086	0.379897117040967
2087	0.379874652700804
2088	0.379818576907259
2089	0.379891960582303
2090	0.380150060526844
2091	0.380191917810819
2092	0.380266434307447
2093	0.380241033770604
2094	0.380011998438833
2095	0.380002047008603
2096	0.38017660420949
2097	0.380302997912214
2098	0.380474699729091
2099	0.380550772078936
2100	0.380533305437758
2101	0.38028542460193
2102	0.380406676274658
2103	0.380696368488917
2104	0.380880659853511
2105	0.381176910511227
2106	0.381304938585021
2107	0.381216802472903
2108	0.381115753557261
2109	0.381099784571905
2110	0.381208166770456
2111	0.381325526445633
2112	0.381483273059529
2113	0.381650447100861
2114	0.38164177355494
2115	0.381628770979467
2116	0.381527402563899
2117	0.381409323387342
2118	0.381183598588445
2119	0.381077284045546
2120	0.381066786695611
2121	0.3809135268654
2122	0.380721368961328
2123	0.380657089810931
2124	0.380420238380635
2125	0.38005128132388
2126	0.379860810918783
2127	0.379593778783889
2128	0.379272995101325
2129	0.379169688330376
2130	0.37896968030455
2131	0.378599033620105
2132	0.378335312748087
2133	0.377987517492075
2134	0.37760639173093
2135	0.377252543180132
2136	0.376959360041876
2137	0.37667339261803
2138	0.376329327375842
2139	0.376057997921425
2140	0.375702649127161
2141	0.375145166209354
2142	0.374697438446976
2143	0.37442229991943
2144	0.374010674440028
2145	0.373481474747767
2146	0.372978537395013
2147	0.372457327164997
2148	0.371712330228838
2149	0.371105522475569
2150	0.370637851350527
2151	0.370098368777365
2152	0.369584498584433
2153	0.36893705710484
2154	0.368244850412619
2155	0.367424406757706
2156	0.366402686142891
2157	0.365436603076479
2158	0.364467400770896
2159	0.363543036407056
2160	0.362548940199179
2161	0.361460978539344
2162	0.360129191195942
2163	0.358744228803925
2164	0.35758780210346
2165	0.356265051151753
2166	0.355413654644754
2167	0.354899618108924
2168	0.354452424932672
2169	0.354210399657063
2170	0.35404993378482
2171	0.353985394750374
2172	0.354003769263013
2173	0.354147176210655
2174	0.354347147157476
2175	0.35459616655427
2176	0.354892313488556
2177	0.355210368588788
2178	0.355611914592941
2179	0.355986299087392
2180	0.356357992028786
2181	0.356446980939884
2182	0.35645832030461
2183	0.356459111235739
2184	0.356442157181305
2185	0.356307867199169
2186	0.356157094226152
2187	0.355927800582099
2188	0.355509339111257
2189	0.355204109375175
2190	0.354978881641852
2191	0.354613220897704
2192	0.354375855294447
2193	0.35397560220642
2194	0.353658935418124
2195	0.353302919054488
2196	0.352840780096733
2197	0.352392089868505
2198	0.351898648224076
2199	0.351523832009082
2200	0.351158136938384
2201	0.350808229015833
2202	0.350383101916893
2203	0.349822885052618
2204	0.349389657644785
2205	0.348979474746968
2206	0.34867011123991
2207	0.348535966597812
2208	0.348379743114942
2209	0.348379587471539
2210	0.348291563614975
2211	0.348039832008657
2212	0.347755958321642
2213	0.347473756766543
2214	0.34722643238439
2215	0.347214414621773
2216	0.347366224514949
2217	0.347638693717238
2218	0.347882392034283
2219	0.348126916059688
2220	0.34843244596296
2221	0.34881444204161
2222	0.349066561408597
2223	0.349304545388833
2224	0.349554634306175
2225	0.349906619267156
2226	0.35022310928361
2227	0.350580108663741
2228	0.350922138465619
2229	0.351299285481967
2230	0.351502402737033
2231	0.351973221282129
2232	0.352437688174681
2233	0.352638575393805
2234	0.353100638819604
2235	0.353608095590182
2236	0.353959293388051
2237	0.354647902950752
2238	0.355320515775427
2239	0.355553377747693
2240	0.355884689042522
2241	0.356402052302074
2242	0.356599000875428
2243	0.356824577390267
2244	0.357231112469013
2245	0.357753105441318
2246	0.358245200633773
2247	0.358999251521364
2248	0.359427107749837
2249	0.359468757955386
2250	0.359775979829301
2251	0.360140931547949
2252	0.360510779362852
2253	0.361106524318249
2254	0.361639835389744
2255	0.362079333238941
2256	0.362426175924804
2257	0.362822696080239
2258	0.363097334088809
2259	0.363520773621079
2260	0.363934362597691
2261	0.364251040269459
2262	0.364501798413507
2263	0.36472004738789
2264	0.364781864038112
2265	0.365131651815726
2266	0.36568103067403
2267	0.366034006660675
2268	0.366278609047659
2269	0.366426379494452
2270	0.366435068417229
2271	0.366535878869168
2272	0.366778425941791
2273	0.366929567610558
2274	0.367035721348229
2275	0.367049817510278
2276	0.366978228606957
2277	0.366974182771508
2278	0.367033330574868
2279	0.3671202139456
2280	0.367344934151843
2281	0.367316343287742
2282	0.367296707751152
2283	0.367149911292456
2284	0.366911861864148
2285	0.366891937635493
2286	0.366940689510066
2287	0.366832064859401
2288	0.366893711086333
2289	0.36700583306215
2290	0.367090745344575
2291	0.367155568493498
2292	0.367398609126394
2293	0.367473033899878
2294	0.367550036519441
2295	0.367604743834083
2296	0.367667901112129
2297	0.367712163273694
2298	0.367848622837086
2299	0.368089387539243
2300	0.368208828633498
2301	0.368386681730761
2302	0.368429000625786
2303	0.368322012034525
2304	0.368236117674602
2305	0.368047804425092
2306	0.367914436109787
2307	0.367833620649186
2308	0.367672673640835
2309	0.367419613795891
2310	0.367119860289254
2311	0.366579612700966
2312	0.366312299724662
2313	0.365836760953859
2314	0.365217621105157
2315	0.364766450409643
2316	0.36439796705151
2317	0.36416197955188
2318	0.364144228362273
2319	0.36380773868097
2320	0.363451287023954
2321	0.363149540407214
2322	0.362780140696131
2323	0.362660988964409
2324	0.362658862586521
2325	0.362699710609981
2326	0.362691633310368
2327	0.362719969245539
2328	0.36271987566606
2329	0.362636421243857
2330	0.362553857530336
2331	0.362533382583312
2332	0.362492668992263
2333	0.362531376528233
2334	0.362679646867989
2335	0.36284486339221
2336	0.363229023589694
2337	0.363530303755241
2338	0.36400194240847
2339	0.364231999945451
2340	0.364263112494422
2341	0.364322178673933
2342	0.364373722185825
2343	0.364286349542832
2344	0.36405574338423
2345	0.363691427922325
2346	0.363090160769067
2347	0.362781120118922
2348	0.362660881076708
2349	0.362533691203849
2350	0.362413579907724
2351	0.362149663698363
2352	0.361589128427887
2353	0.361182230137931
2354	0.360841106760609
2355	0.360540879197772
2356	0.360219993137308
2357	0.359814394721095
2358	0.359453185097045
2359	0.359099659797367
2360	0.35886924864562
2361	0.358506095850301
2362	0.358084858174763
2363	0.357873318019468
2364	0.357285753259984
2365	0.356991611394338
2366	0.356685378973052
2367	0.356399007029279
2368	0.35601762750014
2369	0.355613955868218
2370	0.35508939114514
2371	0.354372282702047
2372	0.353811359738643
2373	0.35327273687324
2374	0.352722024733145
2375	0.351970383731237
2376	0.351336208686338
2377	0.350691708595389
2378	0.350096251573583
2379	0.349622772467874
2380	0.349089689788897
2381	0.348684640088788
2382	0.348089708838942
2383	0.347353692636658
2384	0.346899760548371
2385	0.346386040167865
2386	0.345872460546742
2387	0.345729045430976
2388	0.345153142092237
2389	0.344277149794101
2390	0.343479031092158
2391	0.34270917578329
2392	0.341921653242772
2393	0.341365984883081
2394	0.340564197404774
2395	0.339442592091255
2396	0.338646840549495
2397	0.337790993048855
2398	0.337247229724411
2399	0.337016854378135
2400	0.336925906167324
2401	0.336881654208579
2402	0.336563912325581
2403	0.335864127631639
2404	0.335181793151253
2405	0.334450689245666
2406	0.333885803271812
2407	0.333748214653468
2408	0.333590498341595
2409	0.333196211602619
2410	0.332866763175456
2411	0.332139388858933
2412	0.33145912739946
2413	0.330889093207717
2414	0.330214173194476
2415	0.329812825735484
2416	0.329789201118553
2417	0.329248156794024
2418	0.328510919455847
2419	0.328245045366386
2420	0.327461516880336
2421	0.326622879920074
2422	0.326642474654971
2423	0.326138238276042
2424	0.325572168012989
2425	0.325241920619459
2426	0.325274310551893
2427	0.324969529599871
2428	0.324678522927252
2429	0.32439760571255
2430	0.324280193295657
2431	0.323929540127139
2432	0.323428699736168
2433	0.322998166677574
2434	0.322402355908969
2435	0.322160497315515
2436	0.322423135749228
2437	0.322112100645668
2438	0.321651671992669
2439	0.32130203044403
2440	0.320504547217459
2441	0.320105381960474
2442	0.320086567433074
2443	0.319781087732008
2444	0.319543395610876
2445	0.319199734909505
2446	0.318870199616459
2447	0.31844786745777
2448	0.31757185373046
2449	0.317356727202132
2450	0.317331232738655
2451	0.316999402059359
2452	0.317045473585074
2453	0.316521536515545
2454	0.31485731320753
2455	0.314203467187116
2456	0.313848120711842
2457	0.313179524838662
2458	0.312961790186726
2459	0.312669731977084
2460	0.312176239170058
2461	0.311470903646055
2462	0.310730789937117
2463	0.310005260349364
2464	0.30910297032682
2465	0.308601559634682
2466	0.308561536459437
2467	0.308087648323796
2468	0.307353809580096
2469	0.306775865872764
2470	0.306160955755287
2471	0.305553962047674
2472	0.304721577676189
2473	0.304212182457713
2474	0.303489138440592
2475	0.303028335935113
2476	0.302787843183393
2477	0.3023809935366
2478	0.302140749910464
2479	0.301844176065779
2480	0.301535060288758
2481	0.300969296658406
2482	0.29994034555701
2483	0.299253751547856
2484	0.29913172798019
2485	0.298427736728003
2486	0.297879569524245
2487	0.297473657353017
2488	0.29670562884138
2489	0.296137223604247
2490	0.296457491909751
2491	0.295875890864495
2492	0.294210489910645
2493	0.2935206542677
2494	0.29260237142585
2495	0.292028461422423
2496	0.292427058411992
2497	0.292531538816963
2498	0.292564757051839
2499	0.29223286872915
2500	0.291609441743734
