350	0.313480658888219
351	0.291099459598559
352	0.287464457682851
353	0.306376347443474
354	0.29138933171178
355	0.2776135761555
356	0.270399571061258
357	0.265011302301979
358	0.273547142407168
359	0.283591258217796
360	0.266740508347783
361	0.259883932476487
362	0.255282863561772
363	0.259136196091052
364	0.251191149092879
365	0.255103788322157
366	0.256672630817184
367	0.251516863592817
368	0.239835710723452
369	0.241776701110064
370	0.2473838496438
371	0.243736890264554
372	0.223976473352946
373	0.226223787804485
374	0.237446271898194
375	0.238414209135447
376	0.231032013691878
377	0.224565491758767
378	0.226351712951909
379	0.232620619775095
380	0.223445616454017
381	0.219390580327194
382	0.224103110735006
383	0.227778018557554
384	0.220390313167511
385	0.213715829339651
386	0.213801112624936
387	0.222596297925793
388	0.218191778031487
389	0.21367996859345
390	0.215418240753848
391	0.219296709394386
392	0.215247370614626
393	0.212904483685718
394	0.209208698609214
395	0.211500163448097
396	0.214163825288428
397	0.209070486920182
398	0.207577226378636
399	0.209761347442334
400	0.209689249415793
401	0.205668868568606
402	0.203689895115815
403	0.206336456298467
404	0.207735785594509
405	0.207325573017658
406	0.205567253984798
407	0.206661055825933
408	0.207565202143693
409	0.207505933039055
410	0.205733392717489
411	0.203090604302889
412	0.204217951656672
413	0.205675302812168
414	0.202078434842987
415	0.202678566068486
416	0.203178032896637
417	0.202500532229393
418	0.201783479715379
419	0.201255701839626
420	0.200804192031667
421	0.201738580992055
422	0.202169858432939
423	0.199802728349631
424	0.199292452410611
425	0.2002905858651
426	0.200287816619977
427	0.199069534591416
428	0.197859859190538
429	0.198695337626877
430	0.19920602919403
431	0.197471683802642
432	0.196790346825358
433	0.196805942937389
434	0.197421390719676
435	0.197544496044615
436	0.196564925387056
437	0.196892093863914
438	0.197373237656253
439	0.198032845645917
440	0.197552490859717
441	0.197562673310198
442	0.19812987886907
443	0.198242675534026
444	0.198018596205929
445	0.197746622852397
446	0.197897346254732
447	0.198397260604451
448	0.198656653970136
449	0.198141420648191
450	0.198533176193153
451	0.199337142224696
452	0.199744849147819
453	0.199320718773735
454	0.199272499586772
455	0.199640679356331
456	0.199328103369761
457	0.199317495206427
458	0.199057556275795
459	0.199420240248917
460	0.199983777544265
461	0.199652097554576
462	0.199308619052475
463	0.199898097848358
464	0.200280020720338
465	0.199988227563135
466	0.199649830859954
467	0.199423011582855
468	0.199857268235197
469	0.199847000050512
470	0.199798171052801
471	0.199762921350026
472	0.199955523991504
473	0.200083270001725
474	0.199806505861382
475	0.200054726088415
476	0.200636662885224
477	0.201026102114734
478	0.200464322633944
479	0.200361703179517
480	0.200547125747296
481	0.200820303982698
482	0.200925508205549
483	0.200962643008319
484	0.200909970664894
485	0.201568566294806
486	0.201790970281083
487	0.201741394093269
488	0.201736265180191
489	0.202015705986674
490	0.202673652961367
491	0.202649055614256
492	0.202220923296658
493	0.202803593133039
494	0.203336582244143
495	0.203644384230236
496	0.203780982110938
497	0.203945431977528
498	0.204264139243575
499	0.204891233080423
500	0.204906280186159
501	0.204919434145058
502	0.205532883914226
503	0.206214819259399
504	0.20630526160489
505	0.206570234151719
506	0.20705547643238
507	0.207697167602575
508	0.207824060941034
509	0.2079275822876
510	0.208212085546805
511	0.20870718649335
512	0.209068655425345
513	0.209327662687656
514	0.209597528472306
515	0.210148054815054
516	0.210529061782407
517	0.210739861667514
518	0.210950491761366
519	0.211426522719919
520	0.211908458967024
521	0.212286782808994
522	0.212534717500266
523	0.213059655647777
524	0.213614063777596
525	0.21408149417387
526	0.214292944264486
527	0.214621156448897
528	0.21530299322881
529	0.215770151540088
530	0.215965003577913
531	0.216375650565999
532	0.216864561003593
533	0.217472500852052
534	0.217747158555505
535	0.218060212604033
536	0.2185518977144
537	0.218991452098908
538	0.219423281529819
539	0.219686817684706
540	0.220126057681106
541	0.220707965754915
542	0.221182929231628
543	0.221563099380662
544	0.221849640325835
545	0.222461256497011
546	0.222960393413477
547	0.22328121335311
548	0.22370705180696
549	0.224259591058523
550	0.224712525445656
551	0.225133460835261
552	0.225557355945258
553	0.226082053375533
554	0.22662302376411
555	0.22725292035728
556	0.227599260636082
557	0.227956928212106
558	0.228522033520351
559	0.229115984900166
560	0.229557949078411
561	0.230011535051879
562	0.230490397980938
563	0.231078505163467
564	0.231542721559357
565	0.231981688011771
566	0.232476196990652
567	0.233022671544191
568	0.233552493331138
569	0.233943368451975
570	0.234494474923019
571	0.234949224884565
572	0.235387491466591
573	0.235827151228456
574	0.236253302911382
575	0.236671341754411
576	0.23719788192389
577	0.237582773837397
578	0.237983494651185
579	0.238393065286677
580	0.238811512119487
581	0.239223971220647
582	0.239652360040896
583	0.239990601199914
584	0.240506231051207
585	0.240916408829862
586	0.241292018731161
587	0.241643635693467
588	0.241988042414282
589	0.242323806610518
590	0.242630434088877
591	0.242824088122347
592	0.243184776335844
593	0.243660493129897
594	0.244025756460611
595	0.244292761211912
596	0.24464571249065
597	0.245115314580029
598	0.245493465148217
599	0.245675250532899
600	0.245914751363456
601	0.246193974566573
602	0.246576923452259
603	0.246832657331415
604	0.247112889121142
605	0.247370617075489
606	0.247745056873132
607	0.248072871108497
608	0.24828813047378
609	0.248506583932158
610	0.248836266712995
611	0.249117095397676
612	0.24942928855137
613	0.249591082002732
614	0.249813580017418
615	0.250161319015086
616	0.250393368760855
617	0.25057437018413
618	0.250799758699936
619	0.251017902456739
620	0.251300451315085
621	0.251531532244724
622	0.251779306989538
623	0.252055361259588
624	0.252300205226321
625	0.252474952137649
626	0.252642222902008
627	0.252906203029455
628	0.253195859196582
629	0.253368783320512
630	0.25353454222325
631	0.253693352810877
632	0.254008932996483
633	0.254284175432698
634	0.254524218504313
635	0.254642517104256
636	0.254839081912054
637	0.255155198462114
638	0.255368995767746
639	0.255507384633549
640	0.255746336420869
641	0.256029449271675
642	0.256200399181323
643	0.256319063521444
644	0.25644994263055
645	0.256739557394935
646	0.256949194828226
647	0.25707893771513
648	0.25719493548385
649	0.257387542730837
650	0.25758404300186
651	0.257749740360995
652	0.257832550211682
653	0.258091809954505
654	0.258339907561464
655	0.258467071104483
656	0.258569958202244
657	0.258743002577394
658	0.258904778539681
659	0.259102049575239
660	0.25924649991827
661	0.259438497313887
662	0.259691273442012
663	0.259936437969719
664	0.260116572794556
665	0.260243758112423
666	0.260424947557591
667	0.260606395116201
668	0.260775454500418
669	0.260941377015686
670	0.261114779562443
671	0.261407565570587
672	0.261590505298945
673	0.261723722754766
674	0.261857915575024
675	0.262095388055833
676	0.262353382254722
677	0.262522099782359
678	0.262672633837624
679	0.262865389278461
680	0.263094264493927
681	0.263315980655431
682	0.263476316320812
683	0.263664863644889
684	0.263895487283023
685	0.264118418287644
686	0.264231729098874
687	0.264349632437221
688	0.264560081378608
689	0.264616425663119
690	0.264678077362701
691	0.264818757773999
692	0.265098532878737
693	0.265412972338421
694	0.265842957114344
695	0.266408070362514
696	0.267061488993889
697	0.267407347755043
698	0.267345330202991
699	0.266951356485183
700	0.26686430570645
701	0.266974873422137
702	0.2672209075164
703	0.267397973515606
704	0.26748229661766
705	0.267673447201572
706	0.267908461273087
707	0.268106323319792
708	0.268246364164114
709	0.268429242445815
710	0.26868193277467
711	0.268886809377702
712	0.269034870184289
713	0.269187768753867
714	0.269381400719351
715	0.269582043433484
716	0.269768563250522
717	0.269842337454464
718	0.269985040955978
719	0.270179136711423
720	0.270288094566146
721	0.270328187094502
722	0.270425131339138
723	0.270647828932633
724	0.270929183605647
725	0.271116572860849
726	0.271232643396975
727	0.271377239011223
728	0.271558737525475
729	0.271649817266026
730	0.271785041555032
731	0.271961150844511
732	0.272152785906775
733	0.272288189221078
734	0.272420043384141
735	0.27256025409119
736	0.272764771424529
737	0.272946731868701
738	0.273074530458776
739	0.273185193161777
740	0.27335206510918
741	0.273542943014891
742	0.273682961460053
743	0.273751738066588
744	0.273904408074077
745	0.274089552834962
746	0.274224749294822
747	0.274276352807668
748	0.274428354320101
749	0.274634157798927
750	0.27480169640005
751	0.274922492953507
752	0.275002078309662
753	0.275135474424441
754	0.27530095300724
755	0.275396193392379
756	0.275483005590465
757	0.275633799709558
758	0.275799690955362
759	0.275872488487765
760	0.275937121981292
761	0.275997913483605
762	0.275977789981085
763	0.275943216923563
764	0.275950890542426
765	0.276077471263645
766	0.276294848026201
767	0.276477494484657
768	0.276654906393471
769	0.276848513689091
770	0.277108907579311
771	0.277350941786478
772	0.27748935036719
773	0.277579053149472
774	0.277690347875836
775	0.277853395198607
776	0.27795894190117
777	0.278023662039775
778	0.278128505795276
779	0.278241463611309
780	0.278331047174483
781	0.278423983796992
782	0.278540587153945
783	0.278652489153629
784	0.278786712205466
785	0.278894181780872
786	0.278958295507308
787	0.279053439098154
788	0.279150638533355
789	0.279263933896751
790	0.279344929999659
791	0.27941110782207
792	0.279538145460949
793	0.279665002751785
794	0.279749200354942
795	0.279827524124003
796	0.279953949579514
797	0.280097141358191
798	0.280164006150291
799	0.280241747662795
800	0.280381357102811
801	0.280506280072877
802	0.28055691888695
803	0.280641047890735
804	0.280763459370344
805	0.280910085233893
806	0.281028196370572
807	0.281046127384115
808	0.281153544188889
809	0.281351072872835
810	0.281470296743116
811	0.281512712015474
812	0.281569407167122
813	0.281682455563936
814	0.281832625540987
815	0.281906837409063
816	0.28196937313813
817	0.282028160465665
818	0.282177717222624
819	0.282265772729161
820	0.282289995343121
821	0.282389832383248
822	0.28257432650371
823	0.282732144974092
824	0.282798422430797
825	0.282817359730857
826	0.282965319601099
827	0.283095852601102
828	0.283205205202038
829	0.283262933186615
830	0.283360746485413
831	0.283505471558545
832	0.283588418643035
833	0.283659558583912
834	0.283794215279554
835	0.283861621715009
836	0.283887793923805
837	0.283966667440664
838	0.284067959910878
839	0.284170554004914
840	0.284268407094739
841	0.284301506943371
842	0.284407593404842
843	0.284502723458237
844	0.284573761363288
845	0.284608460849052
846	0.284647700967458
847	0.284818257379271
848	0.284977567973866
849	0.284991464906054
850	0.284989887566137
851	0.285094538383026
852	0.285215557731962
853	0.285254618195995
854	0.285223007104397
855	0.285281933011697
856	0.28542884591889
857	0.28556006933956
858	0.285619711527007
859	0.285657527937496
860	0.285767537219276
861	0.285836394464142
862	0.285905797086267
863	0.285865782921957
864	0.28595208209219
865	0.286119145965541
866	0.286229145936425
867	0.286206866059476
868	0.286268698443074
869	0.286403288147892
870	0.286428314017074
871	0.286432994619317
872	0.286661097375591
873	0.286844329853601
874	0.28689760127089
875	0.286911186727294
876	0.287056568033477
877	0.287175535440394
878	0.287333313534202
879	0.287428296919203
880	0.287451618350282
881	0.28756311398237
882	0.287760339582907
883	0.287845713822902
884	0.287906304543806
885	0.288069441964554
886	0.288259145572673
887	0.288316623125412
888	0.288460992143667
889	0.288632446318101
890	0.288806843945672
891	0.288814592509801
892	0.2889084759375
893	0.289032585547468
894	0.289172107161836
895	0.289295448656412
896	0.289226138784173
897	0.289317478422813
898	0.28952676100356
899	0.289633145799472
900	0.289674221416699
901	0.289755032837682
902	0.289920730758375
903	0.290048322481125
904	0.290087842510062
905	0.290133702651672
906	0.290302235217893
907	0.290486102045375
908	0.290602735376739
909	0.290642792146876
910	0.290710691880314
911	0.290834327508903
912	0.290878712269369
913	0.290900361859579
914	0.290981785139645
915	0.291167071872806
916	0.291279895410819
917	0.291335878884993
918	0.291375123983961
919	0.291678797397637
920	0.291812200565453
921	0.291832423080773
922	0.291890360623545
923	0.292028654839404
924	0.29225439806518
925	0.292311521306706
926	0.29225383710671
927	0.292421414251498
928	0.292631327961281
929	0.292664197460507
930	0.292679224754371
931	0.292752773444986
932	0.292838596886347
933	0.292925991520756
934	0.292885728178484
935	0.292939723325106
936	0.293147112317659
937	0.293346835224002
938	0.293411515882332
939	0.293439147089936
940	0.29362999740005
941	0.293730968455801
942	0.293721502387153
943	0.293807245376314
944	0.293980858576838
945	0.294145914380615
946	0.29420539802199
947	0.294098170293821
948	0.29437540245451
949	0.294468238146359
950	0.29437674617737
951	0.294370393152276
952	0.294680767188629
953	0.294854810921438
954	0.294744078535063
955	0.29476760313976
956	0.29505902718776
957	0.295323824789654
958	0.295328252219127
959	0.295231566170687
960	0.295417659785668
961	0.295743416809566
962	0.295894181982766
963	0.295906849805371
964	0.295976581217058
965	0.29627936845881
966	0.296337921339117
967	0.296343545391934
968	0.296507894883786
969	0.296659323674801
970	0.296918970581296
971	0.296885625741341
972	0.296751955462896
973	0.297030267264134
974	0.297161449451424
975	0.297213057702215
976	0.297225051085389
977	0.297631786193073
978	0.297970691225854
979	0.297823168347317
980	0.297862486218117
981	0.298296188996934
982	0.298189587988256
983	0.298047832753169
984	0.298377756450091
985	0.298668342074921
986	0.298769246031852
987	0.298503924618427
988	0.2986968387635
989	0.298911900004708
990	0.29905106241764
991	0.299034107145885
992	0.29905197537628
993	0.299505462058139
994	0.299800759458066
995	0.299464995204736
996	0.299752087092139
997	0.300047986757224
998	0.300033346849923
999	0.300316327050752
1000	0.300355227432604
1001	0.297284962173292
1002	0.297385855641905
1003	0.297403434432366
1004	0.297459547857442
1005	0.297523972805202
1006	0.297587364770239
1007	0.297769749464312
1008	0.29781443655941
1009	0.297875096009909
1010	0.2980272642642
1011	0.298085894591595
1012	0.298235106674267
1013	0.298291789310176
1014	0.298347641434901
1015	0.298485459934844
1016	0.298505870198427
1017	0.298764772324076
1018	0.298783286065121
1019	0.29882183448542
1020	0.298839798695408
1021	0.298891641430659
1022	0.298985623204395
1023	0.298936936302321
1024	0.2990295364168
1025	0.299169078190415
1026	0.299227331921393
1027	0.299281435984033
1028	0.299380680843192
1029	0.299583581360024
1030	0.299669508310424
1031	0.299733638609475
1032	0.299836869273608
1033	0.29997089692053
1034	0.299964955241446
1035	0.300096607844233
1036	0.300088694067684
1037	0.300088162501497
1038	0.300103237263008
1039	0.300102625817363
1040	0.300185642224157
1041	0.300311408405588
1042	0.300483271657221
1043	0.30064809166834
1044	0.300702035387454
1045	0.300778449428455
1046	0.300859629915692
1047	0.300768756939437
1048	0.300877363139931
1049	0.301005448879543
1050	0.301074742879876
1051	0.301213242464299
1052	0.301428275150137
1053	0.301477548009713
1054	0.301598144822607
1055	0.301698127982606
1056	0.301761525309197
1057	0.301849957522367
1058	0.301910603168082
1059	0.30208934291319
1060	0.302230350177316
1061	0.302290270770912
1062	0.302425399256199
1063	0.302526387503877
1064	0.302609293695429
1065	0.302690098470117
1066	0.302826354372028
1067	0.302835316696096
1068	0.302831712287013
1069	0.302940290980552
1070	0.303077269485018
1071	0.303240511290384
1072	0.303280929651848
1073	0.303424405377754
1074	0.303495564113808
1075	0.303647615848071
1076	0.303729910696485
1077	0.303908318811279
1078	0.304001026247084
1079	0.304057171134041
1080	0.304190861194851
1081	0.304325226696698
1082	0.304437629133571
1083	0.304514862092871
1084	0.304573516234786
1085	0.304570503651392
1086	0.304592786174136
1087	0.304631169898571
1088	0.304689989144785
1089	0.304803482941388
1090	0.304916486561818
1091	0.305026853404405
1092	0.305250795388105
1093	0.305387165130419
1094	0.305508185061166
1095	0.305593257393832
1096	0.305620521108056
1097	0.305683002150222
1098	0.305798528281948
1099	0.30594165753506
1100	0.306058109811366
1101	0.30614675309962
1102	0.306212666887402
1103	0.306261245953825
1104	0.306325423551715
1105	0.306445501137034
1106	0.306451500701509
1107	0.306602693431674
1108	0.306714798167085
1109	0.306869357516374
1110	0.306940235262132
1111	0.307067102182566
1112	0.307135798110157
1113	0.307180447736037
1114	0.307214110372618
1115	0.307329616224012
1116	0.307463698515978
1117	0.307498722932007
1118	0.307573023357339
1119	0.307608657371236
1120	0.30768977490855
1121	0.307747493608075
1122	0.307801336143179
1123	0.307932089302561
1124	0.308019807333286
1125	0.308114683392326
1126	0.308140538118899
1127	0.308246728711599
1128	0.308312800948814
1129	0.308383846390962
1130	0.308434852973069
1131	0.30857670754504
1132	0.308637130868655
1133	0.308728148733487
1134	0.308806331385919
1135	0.308876798049048
1136	0.308906639529781
1137	0.309001913847739
1138	0.309155789381096
1139	0.309251353825948
1140	0.309269675325284
1141	0.309349069989072
1142	0.309373390506649
1143	0.309403575312462
1144	0.309429533846212
1145	0.309556469596638
1146	0.309684083105775
1147	0.309769066960175
1148	0.309877822547863
1149	0.309976742988411
1150	0.310004975340728
1151	0.310075508034162
1152	0.31016894644196
1153	0.310193671233544
1154	0.3102651560597
1155	0.310321936814443
1156	0.310423188374213
1157	0.310489672585424
1158	0.310585297444535
1159	0.31069586117445
1160	0.310799750140773
1161	0.310946957799574
1162	0.311058810224391
1163	0.311144988734372
1164	0.311256371011059
1165	0.311349063809066
1166	0.31144230220591
1167	0.311528940582634
1168	0.311585623209922
1169	0.31165286032237
1170	0.311774812447075
1171	0.311884074814097
1172	0.311992946166207
1173	0.312084701116639
1174	0.312135850735312
1175	0.312241862939112
1176	0.312325925772842
1177	0.312410166377572
1178	0.312477550337002
1179	0.312528010549446
1180	0.31265398193153
1181	0.312751268143686
1182	0.312808535416516
1183	0.312887644118929
1184	0.312988136960958
1185	0.313044197627687
1186	0.313140298594256
1187	0.313233766534443
1188	0.31326305670746
1189	0.313347379978588
1190	0.313425974229224
1191	0.313531425286209
1192	0.313593162926774
1193	0.313713130782223
1194	0.313784277687147
1195	0.313810491998801
1196	0.313852303725985
1197	0.313904741290524
1198	0.313931862541802
1199	0.313968186571338
1200	0.314043721279187
1201	0.31407861188391
1202	0.314154954779493
1203	0.314263218078702
1204	0.314326321110842
1205	0.314398685893726
1206	0.31437470402819
1207	0.314407193486071
1208	0.314481843420855
1209	0.314547451931621
1210	0.314616752656975
1211	0.314667965009098
1212	0.314695181509111
1213	0.314770351832989
1214	0.314779256658548
1215	0.314840134356582
1216	0.314929847849378
1217	0.314988481532348
1218	0.315088161287928
1219	0.315120555578572
1220	0.315160549368709
1221	0.315188692607082
1222	0.315243142515954
1223	0.315338237032401
1224	0.315414526666685
1225	0.315477518403585
1226	0.315505635148554
1227	0.315515765216253
1228	0.31556789876994
1229	0.315602797581027
1230	0.31567895947384
1231	0.315799854265487
1232	0.315849968370419
1233	0.315892714981331
1234	0.315954869291874
1235	0.31599580468841
1236	0.316043961195565
1237	0.316091539547013
1238	0.316151776143402
1239	0.31624752294496
1240	0.316307811203338
1241	0.316426631863743
1242	0.316484742509831
1243	0.316500038454384
1244	0.316587313207628
1245	0.316670015237863
1246	0.316785776851683
1247	0.316842514691696
1248	0.316889981630001
1249	0.316971060484982
1250	0.316970985044031
1251	0.317038172924262
1252	0.317101234110372
1253	0.317154557256719
1254	0.317258517468413
1255	0.317310173130757
1256	0.317343658003543
1257	0.317381412428275
1258	0.31746386671325
1259	0.317538500748871
1260	0.317604456022748
1261	0.317703912174486
1262	0.317737133439919
1263	0.317810529393163
1264	0.317841420191772
1265	0.317921025820982
1266	0.317966599572311
1267	0.318083148178474
1268	0.318127266377013
1269	0.318234350430796
1270	0.318289466497375
1271	0.318305519730569
1272	0.318357394560239
1273	0.318371975937855
1274	0.318406348707757
1275	0.318462453789279
1276	0.318544012296722
1277	0.318626744326844
1278	0.31869124071474
1279	0.318730513404349
1280	0.318817681423942
1281	0.318862098069133
1282	0.318904774270589
1283	0.319044045909371
1284	0.319110127802
1285	0.319147391000257
1286	0.319212672256262
1287	0.319278484498275
1288	0.319248079175508
1289	0.319312828413143
1290	0.319397096487896
1291	0.31944795317171
1292	0.319547638534479
1293	0.319614823135475
1294	0.319663616987606
1295	0.31967926026024
1296	0.319695015070345
1297	0.319729849216845
1298	0.319818155781766
1299	0.319874475260879
1300	0.319966895004561
1301	0.320060499414576
1302	0.320081687812845
1303	0.320142837840413
1304	0.320132607052435
1305	0.320190416502934
1306	0.32020917766381
1307	0.320277468881156
1308	0.320350934998803
1309	0.320413226822945
1310	0.320468737794131
1311	0.320538182636983
1312	0.320603433544263
1313	0.320625613809327
1314	0.320700329851343
1315	0.320770911755899
1316	0.320811491370721
1317	0.320855520631002
1318	0.320874494461198
1319	0.320894355299745
1320	0.320932952479858
1321	0.320991799944835
1322	0.321007339679281
1323	0.321012384351912
1324	0.321062062509606
1325	0.321055259148311
1326	0.321069096363711
1327	0.321092516251936
1328	0.321149623040573
1329	0.321154152527962
1330	0.321147196946286
1331	0.321198463658916
1332	0.321197108684547
1333	0.321180538720445
1334	0.321184658482135
1335	0.321128111296455
1336	0.321092122543504
1337	0.32112452531385
1338	0.321158523592346
1339	0.321180662454545
1340	0.32127997842943
1341	0.321293035088302
1342	0.321234443061381
1343	0.321260756222872
1344	0.32124982027779
1345	0.321238151281933
1346	0.321328478582929
1347	0.321327893273347
1348	0.32133137130071
1349	0.321320728768046
1350	0.321267729348917
1351	0.321268823804148
1352	0.321335157347857
1353	0.321344327628074
1354	0.321384823525577
1355	0.321392350613262
1356	0.321348947028656
1357	0.321325590016225
1358	0.321382366198323
1359	0.321377336456423
1360	0.321428420609729
1361	0.321469487417713
1362	0.32145238898033
1363	0.321426404669247
1364	0.321416147525535
1365	0.321399838575135
1366	0.321370728139057
1367	0.321311741587447
1368	0.321250166669262
1369	0.321176907968252
1370	0.321079331250371
1371	0.320974835325444
1372	0.320850708005487
1373	0.320699672426215
1374	0.320529973752116
1375	0.320321791566091
1376	0.320086661592021
1377	0.319830033773804
1378	0.319531066496531
1379	0.31923395471123
1380	0.318786065588118
1381	0.318323306175403
1382	0.317702919992231
1383	0.31699384536538
1384	0.3161746249963
1385	0.315258407851141
1386	0.31432943599927
1387	0.313376547300251
1388	0.312364870637065
1389	0.311332464960416
1390	0.31032910709316
1391	0.309340687821199
1392	0.308515775627207
1393	0.307921923925322
1394	0.307453000066118
1395	0.307174563391027
1396	0.307189962243772
1397	0.307212476387638
1398	0.307488505262837
1399	0.307706953282716
1400	0.308002570455319
1401	0.308218213291318
1402	0.308430723507656
1403	0.308615135355906
1404	0.308786903717005
1405	0.308863400532491
1406	0.308900061884986
1407	0.308965546358905
1408	0.308932192512892
1409	0.308947277121178
1410	0.308978374604338
1411	0.309057236741948
1412	0.309176510616711
1413	0.309290630449668
1414	0.309387755579688
1415	0.309519543621779
1416	0.309624947608261
1417	0.309772437286823
1418	0.30990446662895
1419	0.310030378945891
1420	0.310180192615806
1421	0.310299206352396
1422	0.310465244189124
1423	0.310602909220763
1424	0.310746343127848
1425	0.310928056396665
1426	0.311088727054554
1427	0.311244594970584
1428	0.311387869744364
1429	0.311545250414501
1430	0.311693651378634
1431	0.311829162339135
1432	0.311967125646619
1433	0.312100980499328
1434	0.31222852768815
1435	0.31232216413324
1436	0.312430245535714
1437	0.312582663133388
1438	0.312709215640527
1439	0.31282936304307
1440	0.312983542581841
1441	0.313106819754609
1442	0.313241630480999
1443	0.313379771855766
1444	0.313495165569902
1445	0.31355645793042
1446	0.313652261175444
1447	0.313760989635113
1448	0.313837172327127
1449	0.313888326858823
1450	0.313983190347453
1451	0.314052039576566
1452	0.314136406865891
1453	0.314299838118828
1454	0.314403202338999
1455	0.314536308636262
1456	0.31466807426508
1457	0.314743626714221
1458	0.314816905674011
1459	0.314862305956228
1460	0.314936253640945
1461	0.314974183292362
1462	0.315078834174318
1463	0.315177289636048
1464	0.31528224707956
1465	0.315363881951562
1466	0.315421079325464
1467	0.315491142279827
1468	0.315596157187285
1469	0.31573173634021
1470	0.315889385511324
1471	0.316006719274852
1472	0.316142646002449
1473	0.316239995455252
1474	0.316347480966413
1475	0.316456484943946
1476	0.316576507567897
1477	0.316666885862642
1478	0.316730153555948
1479	0.316820941777338
1480	0.31696664824944
1481	0.317046808527867
1482	0.317182187852156
1483	0.31731281786125
1484	0.317412388282557
1485	0.317533960504027
1486	0.317652131531998
1487	0.31777435595379
1488	0.317887196724473
1489	0.317969456133837
1490	0.318013162908594
1491	0.318085981363913
1492	0.318176195805775
1493	0.31821983637892
1494	0.318269509623708
1495	0.318354301182604
1496	0.318394964471552
1497	0.318468821378403
1498	0.318612210064601
1499	0.318706441426063
1500	0.31885824423717
1501	0.318963068477097
1502	0.319068538363033
1503	0.319173953093015
1504	0.319213638856864
1505	0.319278024350101
1506	0.319382276235702
1507	0.319425596891917
1508	0.319463798233436
1509	0.319528899435973
1510	0.319568872482012
1511	0.319624148200682
1512	0.319649060619003
1513	0.31973367310906
1514	0.3197525004371
1515	0.319823000428284
1516	0.319884357862916
1517	0.319957006775827
1518	0.320053367490799
1519	0.32013436963653
1520	0.320214406503268
1521	0.320315196514927
1522	0.32039185228834
1523	0.320422763289377
1524	0.32047907283291
1525	0.32052509102422
1526	0.320582963718805
1527	0.320640817797564
1528	0.320676896785198
1529	0.320704377467806
1530	0.320761592562843
1531	0.320751661455285
1532	0.320786880468188
1533	0.320838877507244
1534	0.320896652965807
1535	0.320989120856862
1536	0.321024924361631
1537	0.32103511450736
1538	0.321081712636029
1539	0.321110233806948
1540	0.321167751541685
1541	0.321210812414213
1542	0.321214036577039
1543	0.321175974682516
1544	0.321223247287313
1545	0.321282419573343
1546	0.321351533403308
1547	0.321403345040574
1548	0.321450100521599
1549	0.321451309817598
1550	0.321487467322491
1551	0.321567804892976
1552	0.321615157601778
1553	0.321690032482375
1554	0.321714738596452
1555	0.321756538582726
1556	0.321770491074684
1557	0.321806362268724
1558	0.321798449655875
1559	0.321778610251832
1560	0.32180491741792
1561	0.32177721285358
1562	0.321814677445065
1563	0.321834013306122
1564	0.321871706603504
1565	0.321987062067005
1566	0.322025151153509
1567	0.322090832017014
1568	0.322186396726692
1569	0.322244016335585
1570	0.322316560881843
1571	0.322406668615196
1572	0.322444764724298
1573	0.322460960365281
1574	0.322487960508986
1575	0.322444737937273
1576	0.322449050610015
1577	0.322462246034781
1578	0.322466604709569
1579	0.322471683226204
1580	0.322487532337641
1581	0.322531956894104
1582	0.322547974116615
1583	0.322623471754339
1584	0.322698608745309
1585	0.32277777668817
1586	0.322840761958343
1587	0.322962381287632
1588	0.323049303101288
1589	0.323167113443447
1590	0.323243108323513
1591	0.323261061377157
1592	0.323314026019051
1593	0.323291051214012
1594	0.323307764745217
1595	0.323347898842106
1596	0.323352937335263
1597	0.323334572995818
1598	0.323352607163603
1599	0.323354436577228
1600	0.323372573749447
1601	0.323500398226699
1602	0.323579947113534
1603	0.323645867259766
1604	0.323712904104058
1605	0.323748162641797
1606	0.32380358005996
1607	0.323864151797002
1608	0.323882492810093
1609	0.323936195844213
1610	0.323966967272894
1611	0.324047099195464
1612	0.324040384192298
1613	0.324041142145623
1614	0.32406007831926
1615	0.324052275458169
1616	0.324097100891527
1617	0.324096177611241
1618	0.324178536885014
1619	0.324227528974884
1620	0.324284533553376
1621	0.324425103074003
1622	0.32449636190066
1623	0.324600816222035
1624	0.324672747420509
1625	0.324702505774374
1626	0.324748639450395
1627	0.324796430349629
1628	0.324842976306478
1629	0.324860738966507
1630	0.324921403286252
1631	0.32491622412068
1632	0.324912103428128
1633	0.32486869906196
1634	0.324877344647137
1635	0.324882018998353
1636	0.324929549811119
1637	0.324983502194146
1638	0.325044479995099
1639	0.325066052308667
1640	0.325113436004038
1641	0.325179412923711
1642	0.325213173953101
1643	0.32529717171992
1644	0.325357813101132
1645	0.325386371430766
1646	0.325420996601297
1647	0.325452494579363
1648	0.325447421149019
1649	0.32544641717781
1650	0.325441305212125
1651	0.325412476280376
1652	0.325434198858113
1653	0.325477535152056
1654	0.325513068880514
1655	0.32560376363759
1656	0.325707895408376
1657	0.325751300463991
1658	0.325827125914599
1659	0.325929001564409
1660	0.326018695121713
1661	0.326165009982577
1662	0.326256025156119
1663	0.326281010732793
1664	0.326387844662938
1665	0.326419956990317
1666	0.326471559356383
1667	0.326450223245136
1668	0.326488947721722
1669	0.326505158320067
1670	0.326531784239883
1671	0.326565122959745
1672	0.326592911255374
1673	0.326585192264433
1674	0.326628412571627
1675	0.326755588329374
1676	0.326858045549639
1677	0.326992190062184
1678	0.327110215988788
1679	0.32724649443363
1680	0.327424149754393
1681	0.327572148073665
1682	0.327705959202476
1683	0.327874965894451
1684	0.327965241031991
1685	0.327963327160794
1686	0.328054350178749
1687	0.328173069898993
1688	0.328204569081502
1689	0.328272380003381
1690	0.328320075298091
1691	0.32828488479155
1692	0.328302589087406
1693	0.32837756505013
1694	0.328457849790242
1695	0.328565252499592
1696	0.328677665820438
1697	0.328719342248139
1698	0.328817300431763
1699	0.329003786949977
1700	0.329102935670534
1701	0.329248882689589
1702	0.329365250044119
1703	0.329443675638874
1704	0.329561040425339
1705	0.329599693766372
1706	0.329608697855476
1707	0.329599380343556
1708	0.329640697264091
1709	0.329647403117722
1710	0.329628307028585
1711	0.329619365295207
1712	0.329581555833193
1713	0.329571548201183
1714	0.3295322532178
1715	0.329547107970008
1716	0.329485237263381
1717	0.329399368572409
1718	0.329390643967
1719	0.329292448928955
1720	0.329225621669319
1721	0.32920945044749
1722	0.329142825416352
1723	0.329087896889701
1724	0.329043176032705
1725	0.32893266083197
1726	0.328860770120737
1727	0.328830374589416
1728	0.328736474366549
1729	0.32856873577661
1730	0.328427765671321
1731	0.328271406212412
1732	0.328125533245554
1733	0.327982065054199
1734	0.3278907803431
1735	0.327710202834653
1736	0.327545709853493
1737	0.327456177888935
1738	0.327352870660267
1739	0.327270322181192
1740	0.327237229169501
1741	0.327163909805465
1742	0.327148630341672
1743	0.3271153707827
1744	0.327160371248411
1745	0.327195795462062
1746	0.327180050650359
1747	0.327158848286026
1748	0.327069143039397
1749	0.327037303580735
1750	0.327002403874468
1751	0.326951607407154
1752	0.326819405189147
1753	0.32673203900067
1754	0.326625984529699
1755	0.326523313876683
1756	0.326435491870137
1757	0.326389359161425
1758	0.326256840669893
1759	0.326185160868098
1760	0.326092408873035
1761	0.32607215203539
1762	0.326000267260807
1763	0.325977339586506
1764	0.325962195416764
1765	0.325858638581448
1766	0.325805916084236
1767	0.325798087261199
1768	0.325716022422886
1769	0.325645685092772
1770	0.325611521311471
1771	0.325491475740563
1772	0.325296137307077
1773	0.325212407722623
1774	0.325087910802182
1775	0.324944010913232
1776	0.324862762743602
1777	0.32471976484422
1778	0.324600103584404
1779	0.324570599384032
1780	0.324508423321728
1781	0.324441951513225
1782	0.324437873798955
1783	0.324451712284057
1784	0.324465084850097
1785	0.324523986662732
1786	0.324602769088323
1787	0.324655104971642
1788	0.324724720749961
1789	0.324756245608933
1790	0.324840140834867
1791	0.324904424390379
1792	0.324852262141259
1793	0.324800699828993
1794	0.324750628883685
1795	0.32469830205528
1796	0.324619820876585
1797	0.32464585874896
1798	0.324617098910003
1799	0.324522321097774
1800	0.324458608157384
1801	0.324382448737095
1802	0.32433654782771
1803	0.324295437421495
1804	0.324286330525871
1805	0.32424345465324
1806	0.324316425826826
1807	0.324418300144652
1808	0.324632199712052
1809	0.324703819524183
1810	0.324758376933243
1811	0.324838607869143
1812	0.324842479911246
1813	0.324878152597813
1814	0.324898644401811
1815	0.324925823310525
1816	0.324978642137921
1817	0.324999202156323
1818	0.324948833280374
1819	0.324990270741528
1820	0.325008004035393
1821	0.324965840880256
1822	0.324863659049952
1823	0.324777881894578
1824	0.324714905272394
1825	0.324719039893162
1826	0.324672229424103
1827	0.324679148301418
1828	0.32474321479835
1829	0.324696119528321
1830	0.324776115908042
1831	0.323725266394916
1832	0.323864517704538
1833	0.324010016380638
1834	0.324113334604453
1835	0.324227351347729
1836	0.324307025837575
1837	0.324298673844881
1838	0.324298771417202
1839	0.324302833492365
1840	0.324367964627304
1841	0.324387259512968
1842	0.324369716967646
1843	0.324484895449711
1844	0.324470170255326
1845	0.324438087188111
1846	0.32447956766711
1847	0.324403019643153
1848	0.324216062537837
1849	0.323997203810564
1850	0.323938330745922
1851	0.323800616304324
1852	0.323771570124838
1853	0.323888017292958
1854	0.323970496360445
1855	0.324000563341849
1856	0.324059621977454
1857	0.324276158253368
1858	0.324272346113169
1859	0.324150712785103
1860	0.324169139932671
1861	0.324275546481321
1862	0.324289041090891
1863	0.324176276885477
1864	0.324034182257377
1865	0.323836808258279
1866	0.323502299186111
1867	0.323202629655768
1868	0.323058569243852
1869	0.32288654691668
1870	0.322592993629289
1871	0.322245918305308
1872	0.32185792250003
1873	0.321373002938201
1874	0.320921983349425
1875	0.320372052465868
1876	0.319906917255408
1877	0.319557616564145
1878	0.31916962448087
1879	0.3187370419888
1880	0.318325330524913
1881	0.317815021707202
1882	0.317232115938894
1883	0.316595110700998
1884	0.316043736950995
1885	0.315170354187421
1886	0.314095428217815
1887	0.312892924790007
1888	0.311623942696588
1889	0.310369035151669
1890	0.309108642614539
1891	0.307986838950986
1892	0.306676892090661
1893	0.30515789440173
1894	0.303717062547917
1895	0.302179734100333
1896	0.300743509641153
1897	0.299371824293802
1898	0.298038206995619
1899	0.296819273204642
1900	0.295684401560801
1901	0.294745466502547
1902	0.293927382053002
1903	0.293160655547649
1904	0.29258410226802
1905	0.292058592812443
1906	0.291580859273771
1907	0.291230347229603
1908	0.290942176922332
1909	0.290847725323689
1910	0.290748121807608
1911	0.290751695079967
1912	0.290746453813411
1913	0.290811372175631
1914	0.290814707891735
1915	0.290746743961093
1916	0.29071191714783
1917	0.290633976046161
1918	0.290551778765429
1919	0.290533420469317
1920	0.290511500290622
1921	0.290593889352471
1922	0.290699334819881
1923	0.290785018024417
1924	0.290894640902366
1925	0.291046925052919
1926	0.291215726696393
1927	0.291384230071662
1928	0.291569332393059
1929	0.291862631693734
1930	0.292123265627154
1931	0.292323676607249
1932	0.292596905509535
1933	0.292855653718548
1934	0.293133142884233
1935	0.293398846893046
1936	0.293629588396316
1937	0.293949056517495
1938	0.294216591545396
1939	0.294429273130223
1940	0.294686729481218
1941	0.294840950538761
1942	0.294936469691926
1943	0.295073248116261
1944	0.295201069527627
1945	0.295337414306317
1946	0.295512877865017
1947	0.295660494258344
1948	0.295877380535057
1949	0.295951419523274
1950	0.29617263004359
1951	0.296407725643729
1952	0.296636682006251
1953	0.29695826130996
1954	0.297245919073481
1955	0.297550165820262
1956	0.297831099475131
1957	0.298027882384097
1958	0.298319459182492
1959	0.298577774223826
1960	0.298967905510898
1961	0.299310496533942
1962	0.299768045503258
1963	0.300116422766187
1964	0.300423236795054
1965	0.300768972831951
1966	0.301155956672736
1967	0.301470717956414
1968	0.301822160055793
1969	0.302040172041069
1970	0.302066498344722
1971	0.302130563655554
1972	0.302308953425525
1973	0.302456421513738
1974	0.302663757917559
1975	0.303046126954914
1976	0.30330254733251
1977	0.30356732549642
1978	0.303729293197028
1979	0.30389366494473
1980	0.304064571956702
1981	0.304203549507146
1982	0.3043338204441
1983	0.304548894928684
1984	0.304838773679947
1985	0.305202235961904
1986	0.305655749462055
1987	0.306038023299522
1988	0.306514462989785
1989	0.306942352571491
1990	0.307316695510741
1991	0.307630343217557
1992	0.307926417183248
1993	0.308239163639413
1994	0.308460689083002
1995	0.308575732604806
1996	0.30881794649679
1997	0.30916628992008
1998	0.309427363229012
1999	0.309733931113009
2000	0.309948717966249
2001	0.310103039467577
2002	0.310300317144399
2003	0.31046178446138
2004	0.310680281365725
2005	0.310876256434378
2006	0.310946624127265
2007	0.311132167029032
2008	0.31131527541977
2009	0.311549157903844
2010	0.31180007405694
2011	0.312073468741141
2012	0.312453724087503
2013	0.312737515237261
2014	0.31284327109668
2015	0.313076234340185
2016	0.313308138473308
2017	0.313581378337293
2018	0.313969638572195
2019	0.314308194666894
2020	0.314572399227377
2021	0.314690995422008
2022	0.314917110511015
2023	0.315102051163111
2024	0.315338623637233
2025	0.315548893773668
2026	0.315728303247307
2027	0.315842178517129
2028	0.315847885906048
2029	0.315901206989571
2030	0.316092368771392
2031	0.316125921490296
2032	0.316118102471348
2033	0.316170816269266
2034	0.316213473470801
2035	0.316217064352822
2036	0.316153879327151
2037	0.316229099234511
2038	0.316278968085111
2039	0.316324095967724
2040	0.316446976882039
2041	0.316528335262113
2042	0.316477765785957
2043	0.316434738325686
2044	0.316456325953336
2045	0.316571879220121
2046	0.316675665370444
2047	0.316869441873945
2048	0.317014113661608
2049	0.317201680301384
2050	0.317234024502952
2051	0.317097709057595
2052	0.317060623988015
2053	0.317053468273039
2054	0.316982137622856
2055	0.317058353813723
2056	0.317193573856374
2057	0.3172504836274
2058	0.317253186643035
2059	0.317166450697842
2060	0.317020310632201
2061	0.316882497726113
2062	0.316682827847783
2063	0.316524836580476
2064	0.316357526230955
2065	0.316270089304306
2066	0.316183868943601
2067	0.316262732664724
2068	0.31646084588485
2069	0.316518360742724
2070	0.31654472890174
2071	0.316665256670916
2072	0.316761930003753
2073	0.316864364094846
2074	0.317002834714013
2075	0.31717461938333
2076	0.31730224360238
2077	0.317373956697243
2078	0.317532212257261
2079	0.31770399745035
2080	0.31788585728738
2081	0.317930620250441
2082	0.318004489424237
2083	0.318034796004642
2084	0.318135071545205
2085	0.318191483941161
2086	0.318355174498331
2087	0.318327794318433
2088	0.318086169695951
2089	0.317994442619424
2090	0.317953746592569
2091	0.31795786356382
2092	0.318044973322521
2093	0.317915741696962
2094	0.317769390055899
2095	0.317711619264955
2096	0.317598758435687
2097	0.317545662551823
2098	0.317543269523062
2099	0.317691085625689
2100	0.317758229780185
2101	0.317872321930841
2102	0.317969334158567
2103	0.318081354578721
2104	0.318198236795943
2105	0.318359382597339
2106	0.318456267074131
2107	0.318563644307155
2108	0.318492331510233
2109	0.318556525934465
2110	0.318650771134526
2111	0.318762607526762
2112	0.318847973160655
2113	0.318958209312865
2114	0.318955057403263
2115	0.318929260295126
2116	0.31890836155305
2117	0.318883837212202
2118	0.318678548447022
2119	0.318630760029411
2120	0.318738142271083
2121	0.318612450151369
2122	0.318423749374999
2123	0.318233978789052
2124	0.317851201274469
2125	0.317578087245544
2126	0.317451775940566
2127	0.317261756868792
2128	0.316978434173391
2129	0.316629735774897
2130	0.316197254362325
2131	0.31576092340451
2132	0.315473221123724
2133	0.315234975290429
2134	0.315003373468565
2135	0.314929559889792
2136	0.3147203790356
2137	0.314442908097519
2138	0.314074610764815
2139	0.314010588588837
2140	0.313726284822185
2141	0.313316035141424
2142	0.313224138545968
2143	0.313077509481983
2144	0.312750094194018
2145	0.312409897409672
2146	0.311995890763313
2147	0.311574614210517
2148	0.310843849701577
2149	0.310339464214123
2150	0.310076594050847
2151	0.309640147024559
2152	0.309176011114332
2153	0.308561798861159
2154	0.307981184835871
2155	0.307115270416949
2156	0.306228364412765
2157	0.305430026088123
2158	0.304474368150109
2159	0.303580100075496
2160	0.302679284674982
2161	0.301612344174341
2162	0.300626411798531
2163	0.299577272093125
2164	0.29860243953208
2165	0.297555381806893
2166	0.296846694039603
2167	0.296278616476569
2168	0.295823289865051
2169	0.295432806241368
2170	0.295257650515025
2171	0.295190007821462
2172	0.29528359676765
2173	0.2954191445065
2174	0.295724917583155
2175	0.296063839772164
2176	0.296216686291151
2177	0.296427080208477
2178	0.296682119846691
2179	0.296880686615666
2180	0.296995357778704
2181	0.29708607754014
2182	0.297211586436419
2183	0.297200397258928
2184	0.297116971356616
2185	0.297005287499219
2186	0.296828451391453
2187	0.296643679201937
2188	0.296374196033369
2189	0.296145211618037
2190	0.295908455480831
2191	0.295532111633853
2192	0.295152905353791
2193	0.294779572176973
2194	0.294309260520332
2195	0.293896119364418
2196	0.29355423140298
2197	0.293041734122309
2198	0.292472841265594
2199	0.292003478213619
2200	0.291468416222788
2201	0.291033008195717
2202	0.290680865036546
2203	0.290381019621827
2204	0.290147968307466
2205	0.289990926238347
2206	0.28977695708652
2207	0.289619192780466
2208	0.289493290360556
2209	0.289198127133727
2210	0.28910101493564
2211	0.289202907136719
2212	0.289142363959894
2213	0.289112569593725
2214	0.289170531668221
2215	0.289098381170158
2216	0.289110316515002
2217	0.289122594719739
2218	0.289135470528231
2219	0.289249961116894
2220	0.289366792768681
2221	0.289590119209396
2222	0.289824761273134
2223	0.289903807674468
2224	0.28991036363473
2225	0.290055493236861
2226	0.290147177449991
2227	0.290371413691403
2228	0.290879858463702
2229	0.291197416034415
2230	0.291456123852204
2231	0.291798380212293
2232	0.29209852940752
2233	0.292470687664072
2234	0.292743061708612
2235	0.293090796385538
2236	0.293368158657484
2237	0.293559742866316
2238	0.293976317065075
2239	0.294337459867266
2240	0.294739553506281
2241	0.295282333294597
2242	0.295719675184443
2243	0.29612646016047
2244	0.296533994250106
2245	0.296860171162147
2246	0.297339098191481
2247	0.297955112976884
2248	0.298455592669972
2249	0.299040268344273
2250	0.299436675451203
2251	0.299602363902823
2252	0.299886051471319
2253	0.300129384529099
2254	0.30047192596333
2255	0.300858602803138
2256	0.301437563981314
2257	0.301760948476543
2258	0.302149919913976
2259	0.302547321256916
2260	0.302744376936613
2261	0.303041035875184
2262	0.303288462041162
2263	0.3034347015037
2264	0.303708071640722
2265	0.303851626961018
2266	0.304102672738156
2267	0.304487398022691
2268	0.304926270050343
2269	0.305224657729899
2270	0.305354305034407
2271	0.305559140730119
2272	0.30578011128189
2273	0.305890250470844
2274	0.306013804408166
2275	0.30619724372616
2276	0.30622470421641
2277	0.306345468233024
2278	0.306565095423784
2279	0.306664395789697
2280	0.306626326870646
2281	0.306540152143941
2282	0.306445396151882
2283	0.306451236905316
2284	0.306478163546097
2285	0.306578205297374
2286	0.306737020827918
2287	0.306649310952207
2288	0.306502248917814
2289	0.30642191699746
2290	0.306418527874849
2291	0.306627900501945
2292	0.306938237623728
2293	0.307189100680371
2294	0.307284206331332
2295	0.307339079317776
2296	0.30737809957892
2297	0.307371359048122
2298	0.307427080050356
2299	0.307593415199598
2300	0.307580712073436
2301	0.307432705649946
2302	0.307406912669026
2303	0.307360957449982
2304	0.307372218750493
2305	0.307486922273218
2306	0.307523969730162
2307	0.307630158037799
2308	0.307545443904516
2309	0.307198350867932
2310	0.306988537713688
2311	0.306901494062559
2312	0.306331352652562
2313	0.30591253244476
2314	0.305529246765602
2315	0.305208437956016
2316	0.304993394861225
2317	0.304665434093391
2318	0.304414993048468
2319	0.304000762243987
2320	0.303659886224675
2321	0.303695345899647
2322	0.303631891137825
2323	0.303639719783998
2324	0.303857513583523
2325	0.303683688603967
2326	0.303452692649261
2327	0.303441871557159
2328	0.303330555930478
2329	0.303372569419034
2330	0.303830073274417
2331	0.30398735465608
2332	0.303985054076434
2333	0.304025041859621
2334	0.303895287133562
2335	0.303929923242449
2336	0.304220779526961
2337	0.304367822816627
2338	0.304473896713537
2339	0.304538417856809
2340	0.304595284909371
2341	0.304443213431521
2342	0.30428398382347
2343	0.304172499284248
2344	0.303834230105451
2345	0.303637599034409
2346	0.303672936134614
2347	0.303464177871971
2348	0.303204158943336
2349	0.30315423156763
2350	0.30317374853622
2351	0.30299604428262
2352	0.302668843976348
2353	0.302406751890678
2354	0.301903522679279
2355	0.301416750450429
2356	0.30114969440381
2357	0.300996531106878
2358	0.300805232927935
2359	0.300574765251304
2360	0.300343796419434
2361	0.299985946128494
2362	0.299794363561043
2363	0.299541461434144
2364	0.299212841844455
2365	0.299037392912309
2366	0.298743235884615
2367	0.298487423873395
2368	0.298048801582107
2369	0.297432784800009
2370	0.296907200784416
2371	0.296334944253356
2372	0.295777815885745
2373	0.295129936036141
2374	0.294734215630076
2375	0.294320245233546
2376	0.293917114357567
2377	0.29370983284673
2378	0.29319655790964
2379	0.292128066241674
2380	0.291527873580651
2381	0.29117171132515
2382	0.290666475982112
2383	0.290329148162363
2384	0.289880130158928
2385	0.289216298291073
2386	0.288626523218909
2387	0.288004163075812
2388	0.287434003681783
2389	0.286729123000801
2390	0.286179643446816
2391	0.285642854159738
2392	0.285104533540736
2393	0.284774638741832
2394	0.284293316566412
2395	0.283669928585044
2396	0.283211757643018
2397	0.282700825079259
2398	0.28234875911514
2399	0.282232322045165
2400	0.282078662695117
2401	0.281806120764955
2402	0.281584711799541
2403	0.280903753978066
2404	0.280382761561623
2405	0.279840920884844
2406	0.279249467491708
2407	0.279028748178859
2408	0.278552471788708
2409	0.278019162144707
2410	0.277425545342678
2411	0.276936048153357
2412	0.276584635748836
2413	0.276390819583046
2414	0.276293533037288
2415	0.275711951618272
2416	0.275302093603405
2417	0.274567761055885
2418	0.273534780607211
2419	0.273229952961634
2420	0.272612622276691
2421	0.272404059201472
2422	0.272823786135205
2423	0.272561912440919
2424	0.272235643078529
2425	0.272060611091402
2426	0.271578136212711
2427	0.271327316068394
2428	0.271274986382917
2429	0.27094835738035
2430	0.270520410505438
2431	0.270328187401931
2432	0.269984631472668
2433	0.269794629439146
2434	0.269695307838107
2435	0.269399879140563
2436	0.268883503455165
2437	0.268727850531408
2438	0.2685053408297
2439	0.268544536898104
2440	0.268948230849002
2441	0.269047150627458
2442	0.269106170021852
2443	0.268761929275935
2444	0.267962093930763
2445	0.267489299118583
2446	0.266647929604015
2447	0.26632023034429
2448	0.266462531285873
2449	0.266129479829202
2450	0.265773761690521
2451	0.265319355257532
2452	0.264514452834615
2453	0.26409881721146
2454	0.26393143173599
2455	0.263415546724105
2456	0.26285421432543
2457	0.262208377642235
2458	0.261246900785039
2459	0.260849070850355
2460	0.260914088418566
2461	0.260690657995245
2462	0.26055655693075
2463	0.260084687120631
2464	0.259419502875192
2465	0.258809530967226
2466	0.258258227357743
2467	0.257413720312375
2468	0.256196654341141
2469	0.255609908649331
2470	0.254932593176057
2471	0.254553951983414
2472	0.254880137268645
2473	0.25459482086525
2474	0.254216350032591
2475	0.253689026329593
2476	0.252967178048054
2477	0.252589415235859
2478	0.252451491786864
2479	0.252026114546488
2480	0.251839479961524
2481	0.251683202687227
2482	0.251311568039956
2483	0.25100067400328
2484	0.250806132769467
2485	0.250592610570993
2486	0.250499285414065
2487	0.250119315759347
2488	0.2500031526113
2489	0.249442680812424
2490	0.248675887697566
2491	0.24786177917497
2492	0.246736030601502
2493	0.245933879457128
2494	0.24518265306545
2495	0.244492718990683
2496	0.244199275384508
2497	0.244109576715538
2498	0.243908132567067
2499	0.244493385247155
2500	0.245940466955371
