350	0.322810079412944
351	0.3219184251158
352	0.329643344494473
353	0.31503035060028
354	0.294517396091837
355	0.30082747228773
356	0.299248138625203
357	0.278604050375975
358	0.278416249606272
359	0.284612380394454
360	0.27622201216648
361	0.273653627753296
362	0.269404723992893
363	0.266939494577172
364	0.266167607947153
365	0.274203996658283
366	0.270666066452793
367	0.263468902590473
368	0.259648600590627
369	0.256108593901874
370	0.252593951625967
371	0.258408313079139
372	0.243863939183662
373	0.240554421256305
374	0.244002851761952
375	0.242626403437953
376	0.238430013466785
377	0.232689551190892
378	0.232325477786834
379	0.236336502066449
380	0.233257029980083
381	0.229744424499246
382	0.231864894993368
383	0.229797679320738
384	0.226237190309487
385	0.224818863341291
386	0.223792358766328
387	0.2246643414461
388	0.221877673151392
389	0.219299593660977
390	0.222505042057185
391	0.221134622760122
392	0.219075608619971
393	0.215629920721584
394	0.211554533455524
395	0.213225015033878
396	0.213872401879357
397	0.212183072992262
398	0.215727226303019
399	0.214535274367
400	0.21260616758824
401	0.210327634293019
402	0.209067446601703
403	0.210550686416368
404	0.212313870581965
405	0.210793281354254
406	0.208631178191044
407	0.207607749336717
408	0.206993583115425
409	0.207696605069472
410	0.206735740828563
411	0.204576536929724
412	0.204335075901539
413	0.20630231413097
414	0.205737275270764
415	0.2051944689289
416	0.204953341971906
417	0.203340604540749
418	0.201892712627256
419	0.201625051774946
420	0.201359047023381
421	0.200863016288126
422	0.201156193189167
423	0.200540225391854
424	0.199694152716565
425	0.199586751170097
426	0.199802991832315
427	0.198779176368829
428	0.197792541128544
429	0.198178643967163
430	0.198143145830915
431	0.197429442837649
432	0.196754683150865
433	0.196247913623645
434	0.196480358277808
435	0.196687251989545
436	0.196087756770321
437	0.196130242480329
438	0.196034659470888
439	0.196325458299649
440	0.195942326591254
441	0.196243062898092
442	0.196870685955245
443	0.196823350712262
444	0.196853033188411
445	0.196349221339329
446	0.196576983109127
447	0.196927796808267
448	0.196742309147892
449	0.196603239918479
450	0.196845160333017
451	0.196809250607101
452	0.19744386797969
453	0.197369353851679
454	0.19743707347652
455	0.197876381898701
456	0.197764125273829
457	0.197831229916411
458	0.197757760421628
459	0.19748296522235
460	0.197979986306299
461	0.197665479550524
462	0.197613970914456
463	0.197793177840432
464	0.198271828704942
465	0.19820048974624
466	0.197824208461879
467	0.19757304499749
468	0.197878714552869
469	0.197800464386122
470	0.197782649562834
471	0.197782574323182
472	0.197856408548427
473	0.197961511605293
474	0.198054801150305
475	0.198201058859422
476	0.198468725007792
477	0.198484235768103
478	0.198418562160363
479	0.19824428855488
480	0.198369099018249
481	0.198561632370788
482	0.19872738128873
483	0.199001223020785
484	0.199024822482855
485	0.199128842653998
486	0.199369030137959
487	0.199440289957555
488	0.199432919094571
489	0.199567615730396
490	0.199893802469346
491	0.200231873916277
492	0.200253860301274
493	0.200627829188204
494	0.201026740175076
495	0.2014057033763
496	0.201601393938125
497	0.201661370592849
498	0.201948791976403
499	0.202265002939226
500	0.202557652716574
501	0.20267423562042
502	0.203087037750016
503	0.203226259908607
504	0.203630436344111
505	0.204023786921204
506	0.204451743655136
507	0.204905205542387
508	0.205041542303503
509	0.205249113422145
510	0.205669475146685
511	0.206031930409532
512	0.206422121078894
513	0.206720331636361
514	0.206699711972017
515	0.207260019395171
516	0.207879562120387
517	0.208226041124958
518	0.208270975741005
519	0.208681456349441
520	0.209050224403811
521	0.209267513228914
522	0.209656309511156
523	0.21014659819884
524	0.210611796869269
525	0.211159466145921
526	0.211440144014401
527	0.211687426722909
528	0.212152387364944
529	0.212529749234854
530	0.212947563383018
531	0.213403234674878
532	0.213859865334652
533	0.214308739709059
534	0.21465227522522
535	0.215125969735575
536	0.215427416236409
537	0.215740247055689
538	0.216302683689516
539	0.216722954290193
540	0.217115913010548
541	0.217555516973859
542	0.21795843689248
543	0.218240479132319
544	0.218609379119114
545	0.219101631261056
546	0.219577988455488
547	0.220011972552146
548	0.220512059180041
549	0.221020209835248
550	0.221412080037754
551	0.22178373142273
552	0.222295920563116
553	0.222911579568803
554	0.22338019343793
555	0.223884289142609
556	0.224342294102223
557	0.224754027230347
558	0.225252188870094
559	0.225725447601177
560	0.226132680587314
561	0.226634758416947
562	0.227115011063433
563	0.227668851177076
564	0.228111390454638
565	0.228541289658225
566	0.229058662649309
567	0.229618828099848
568	0.230187705572871
569	0.23060071063966
570	0.231091092984201
571	0.231524446191986
572	0.231947912254172
573	0.232338609675645
574	0.232733738724435
575	0.233145481441403
576	0.233652368490106
577	0.23409127303583
578	0.234511604063102
579	0.234899982896631
580	0.235316211318439
581	0.235713368795185
582	0.236144703895459
583	0.236472999926515
584	0.236970992734576
585	0.237425426758469
586	0.237846854600989
587	0.238200061516686
588	0.238518208698211
589	0.238833179226845
590	0.239168920195113
591	0.239411067000743
592	0.239661814732058
593	0.240110113032945
594	0.240512902195171
595	0.240914908701406
596	0.241217119148572
597	0.241568925543134
598	0.242001380132157
599	0.242321279671599
600	0.242562078625471
601	0.24281411883895
602	0.243172692222744
603	0.243446263753031
604	0.243751773489271
605	0.244087547041775
606	0.244291709287288
607	0.244483213217805
608	0.244816087768431
609	0.245142871362375
610	0.245466090818798
611	0.245696912074236
612	0.245959276062704
613	0.246187099282865
614	0.246453593790873
615	0.246731665453556
616	0.246970894835287
617	0.247277762102548
618	0.247492082188557
619	0.247676825839894
620	0.247940650409447
621	0.248261349960811
622	0.248505780322522
623	0.248727953112466
624	0.248901771617517
625	0.249127206516895
626	0.24936982039451
627	0.249656239367258
628	0.249931348784732
629	0.250148232224455
630	0.250296524141091
631	0.250529989679574
632	0.250772063941976
633	0.250957019790475
634	0.251153588350902
635	0.251377450374359
636	0.251618087610788
637	0.251803337201384
638	0.252039968281407
639	0.252259296261348
640	0.252492755557857
641	0.25270388324285
642	0.252913777118575
643	0.253137943409374
644	0.253287756807233
645	0.253432254293085
646	0.253680322167135
647	0.253913447934418
648	0.254061142423506
649	0.254182061103686
650	0.254350220282288
651	0.254577159237887
652	0.254662260375535
653	0.254781004529802
654	0.254958799018182
655	0.255141130937402
656	0.255353066386194
657	0.255507628323855
658	0.255672066696712
659	0.255842831922407
660	0.25602709997998
661	0.256242002354301
662	0.256437572653905
663	0.256612420512556
664	0.256829347067683
665	0.257008192961501
666	0.257178489423069
667	0.257367168821697
668	0.257490205990437
669	0.257640135424194
670	0.257880227502402
671	0.258132261669052
672	0.258281818601402
673	0.258495774342226
674	0.258736706496338
675	0.258875287915028
676	0.259049872244726
677	0.259310269974353
678	0.259487912368877
679	0.259654880625706
680	0.259886580967523
681	0.260065847297901
682	0.260237714118732
683	0.260426389212751
684	0.260589286211742
685	0.26081018038118
686	0.261009877806109
687	0.261133317329282
688	0.26131968967095
689	0.261451552319653
690	0.261560757115696
691	0.261780492724789
692	0.261948710689555
693	0.262232618854522
694	0.262698493634669
695	0.263242252277074
696	0.263936394232774
697	0.264296947914288
698	0.264204424215258
699	0.263807947918045
700	0.263684273571918
701	0.263769367258398
702	0.264015973105367
703	0.264200737921812
704	0.264349245976402
705	0.264483028854427
706	0.264662901249576
707	0.264935308805678
708	0.26513732398076
709	0.265309820999907
710	0.265464565606402
711	0.26570165691358
712	0.265870371303224
713	0.266012949060451
714	0.266203039624578
715	0.266386084335273
716	0.266547655608092
717	0.266733881487041
718	0.266851283023153
719	0.266961898855329
720	0.267082437824907
721	0.26719465997192
722	0.267309021932349
723	0.267549362137364
724	0.267789072174876
725	0.267946662077632
726	0.268083337923385
727	0.268206041150973
728	0.268295018084437
729	0.268513164970121
730	0.268677615335571
731	0.268787086783877
732	0.268889334161628
733	0.26908123891176
734	0.269283285502885
735	0.269438639380382
736	0.269605282490017
737	0.269784765050654
738	0.269922811236352
739	0.270009067123202
740	0.270136406314305
741	0.270332668186297
742	0.270488067862241
743	0.270586875043643
744	0.270745900318661
745	0.270910413813345
746	0.271005619491524
747	0.271136765204
748	0.271311558165191
749	0.271423746491263
750	0.271516969729399
751	0.271667142309188
752	0.271806468850109
753	0.271918687197958
754	0.272040192312212
755	0.272159050053484
756	0.272305929583335
757	0.272435283323232
758	0.272520187487245
759	0.272636985981182
760	0.272750086889564
761	0.272825416262318
762	0.272750091347467
763	0.272708227239684
764	0.272780760335004
765	0.2729609223062
766	0.273059729596051
767	0.273214726274324
768	0.27347413146808
769	0.273644014330515
770	0.273848826779211
771	0.274032959383471
772	0.274183126433328
773	0.274320358437699
774	0.274399760573102
775	0.274511885905132
776	0.274625184491938
777	0.274754021610292
778	0.274861453613797
779	0.27494790426533
780	0.275026668352336
781	0.275149888367369
782	0.275264960354842
783	0.275343745917928
784	0.275432689449604
785	0.27555021252302
786	0.275629345973695
787	0.275675231977206
788	0.275761153599399
789	0.275905856484062
790	0.276007061590977
791	0.276056936073248
792	0.27610130242915
793	0.276216226466664
794	0.276381846808329
795	0.27643202961657
796	0.276484716570171
797	0.276594152715319
798	0.276704099722841
799	0.276818348764179
800	0.27689652612041
801	0.276989467482112
802	0.277088242690694
803	0.277209368677923
804	0.277287245496161
805	0.277369962466446
806	0.27752294732398
807	0.277602662897619
808	0.277702518825947
809	0.277832227147503
810	0.277903652689608
811	0.278049888822919
812	0.278133255526601
813	0.278192466836853
814	0.278250809017468
815	0.278342923390402
816	0.278434741738957
817	0.278514075407128
818	0.278626214500917
819	0.27868978810008
820	0.278715644292658
821	0.278846621140949
822	0.279002573818451
823	0.27912125666049
824	0.279193368523747
825	0.27931122760619
826	0.279359265471428
827	0.279439480870295
828	0.279571159729303
829	0.27965940709968
830	0.27974418134923
831	0.279833678700456
832	0.279899650232608
833	0.279938662438637
834	0.280028395619145
835	0.280152649606381
836	0.280254900553407
837	0.280331259005116
838	0.280342179353391
839	0.280390192715044
840	0.280540196336348
841	0.280644256028135
842	0.280653827653711
843	0.280669629713629
844	0.280788813313856
845	0.28087135526072
846	0.280914575589343
847	0.281004002893285
848	0.281044237046712
849	0.281116027099773
850	0.281160894407264
851	0.281244214735897
852	0.281295004305649
853	0.28136364551069
854	0.281371260456789
855	0.281414497124469
856	0.281514433155517
857	0.281615508502113
858	0.28164939078716
859	0.281706225256865
860	0.281854338624384
861	0.281903982175749
862	0.281974078848221
863	0.281999778643448
864	0.282062462258555
865	0.282111258115368
866	0.282206735674426
867	0.282281248055664
868	0.282314262052537
869	0.282374461041726
870	0.282452747855517
871	0.282522372960254
872	0.282680630031466
873	0.282770042351682
874	0.282818672053587
875	0.282948420099069
876	0.283045681946957
877	0.283139398472334
878	0.283267131885538
879	0.283325585139866
880	0.283358572170051
881	0.283485038163034
882	0.283638222654993
883	0.2837823009366
884	0.283869324275575
885	0.284004678038267
886	0.284127671580105
887	0.284176366705581
888	0.284376840581414
889	0.284498829231231
890	0.284589196278502
891	0.284641358922689
892	0.284745691929179
893	0.284858992201793
894	0.284981303968792
895	0.285033957392373
896	0.285098141085168
897	0.285191417800494
898	0.285302180876457
899	0.285435697379563
900	0.285541072225337
901	0.285575049207803
902	0.285650685439897
903	0.285840764146317
904	0.285926626109475
905	0.285952716991238
906	0.286120996767703
907	0.286232517404403
908	0.286322183100351
909	0.286414872106356
910	0.286537638068636
911	0.286594224527761
912	0.28669629487684
913	0.286772112556241
914	0.286798522424444
915	0.286858489716627
916	0.287062306344235
917	0.287257308162031
918	0.28730007832223
919	0.287365826403857
920	0.287484290913533
921	0.287541242982483
922	0.287641284878667
923	0.287811726950189
924	0.287917826039079
925	0.287973473512017
926	0.287971063624085
927	0.288031274539478
928	0.288308213213086
929	0.288376909879771
930	0.288428232935276
931	0.288484371293989
932	0.288482000178088
933	0.288684598873122
934	0.288824906721913
935	0.288696677863194
936	0.288894068526536
937	0.288966130962944
938	0.28910340737193
939	0.289284859403831
940	0.289305701880636
941	0.289466258800189
942	0.289464381288539
943	0.289694889537961
944	0.289935157353852
945	0.290006735772034
946	0.29000625538677
947	0.289988259913389
948	0.290074246657942
949	0.290190769950228
950	0.29023304626566
951	0.290296195786697
952	0.29040850429618
953	0.290498981831868
954	0.290576210359685
955	0.290676940130652
956	0.290822681674896
957	0.290940176255535
958	0.291049626017198
959	0.291153911220795
960	0.291334051624985
961	0.291590811264215
962	0.291747185516749
963	0.291769905558348
964	0.291748586246595
965	0.291918097513298
966	0.291988280611724
967	0.292116964751878
968	0.292362667164006
969	0.292416407629795
970	0.292568130994925
971	0.292717767433138
972	0.29267467235309
973	0.292768646223114
974	0.292992574785091
975	0.293206609470328
976	0.293328738533153
977	0.293491255693804
978	0.293839759030822
979	0.293632180223617
980	0.293726129839662
981	0.293920409320025
982	0.294054189447136
983	0.294074720109261
984	0.294430193769374
985	0.29451045379988
986	0.294589749566236
987	0.294608100469189
988	0.29486053713013
989	0.295029212619972
990	0.29517182723875
991	0.295438055871995
992	0.295370338664922
993	0.295510634215004
994	0.295695129483735
995	0.295849088585563
996	0.295831824540108
997	0.29613965933325
998	0.296453673666837
999	0.296615384001412
1000	0.296735388581401
1001	0.294968640266403
1002	0.294954362503136
1003	0.295085247671634
1004	0.295226630519884
1005	0.295305113804316
1006	0.295406535204384
1007	0.295602478455724
1008	0.295752409102534
1009	0.295943826418698
1010	0.295908411841824
1011	0.295979895604607
1012	0.296081079826274
1013	0.296150672827451
1014	0.296210490459251
1015	0.296389143738371
1016	0.296422133297244
1017	0.296513447931556
1018	0.296657199912413
1019	0.296649831488894
1020	0.296791114087002
1021	0.296849210579324
1022	0.296955247190968
1023	0.297030113666743
1024	0.297133834410103
1025	0.297214412180338
1026	0.297390892612085
1027	0.297490621591448
1028	0.297495160539086
1029	0.29760448706647
1030	0.297564325702521
1031	0.297641102554496
1032	0.297708045469875
1033	0.297752586646124
1034	0.297940345635885
1035	0.297982965659387
1036	0.297962901974115
1037	0.298074998409993
1038	0.298261141595055
1039	0.298271440370602
1040	0.298433866538842
1041	0.298569716552037
1042	0.298814321742772
1043	0.298803263685881
1044	0.298867470330926
1045	0.299044400738708
1046	0.299040080854022
1047	0.29906771932308
1048	0.299091394789761
1049	0.299272759177473
1050	0.29935074763933
1051	0.299428547178943
1052	0.299560103546489
1053	0.299682326015319
1054	0.299811431122605
1055	0.299970041060224
1056	0.300120317611691
1057	0.300151554158412
1058	0.300157700135324
1059	0.300279818209449
1060	0.300378632272462
1061	0.300447369771602
1062	0.300688001346321
1063	0.300797937589967
1064	0.300759408009444
1065	0.300850278056291
1066	0.300951835120131
1067	0.301057209886301
1068	0.301340168457105
1069	0.301458180233495
1070	0.301506185417375
1071	0.301570052508954
1072	0.301624777596216
1073	0.301854129612285
1074	0.301978274961393
1075	0.302024922290273
1076	0.302200525660629
1077	0.302237145656717
1078	0.302344058404466
1079	0.302481373964717
1080	0.302551889203984
1081	0.302680222641036
1082	0.302731709616565
1083	0.302841858826601
1084	0.302926541613796
1085	0.303065695346777
1086	0.303067021458889
1087	0.30318214972604
1088	0.303268593170281
1089	0.303409149077993
1090	0.30346341935015
1091	0.303542858470904
1092	0.303655680204626
1093	0.303736151443521
1094	0.303797244620196
1095	0.303895880638921
1096	0.303970048852403
1097	0.304045519668158
1098	0.304188691253551
1099	0.304271346565214
1100	0.304377604261508
1101	0.304400198161218
1102	0.304573221147381
1103	0.30469114437779
1104	0.30478187035614
1105	0.304900407788618
1106	0.304995394060462
1107	0.3050104137636
1108	0.305198404295213
1109	0.305247838692547
1110	0.305390112773342
1111	0.305478721375882
1112	0.305557624622509
1113	0.305580824288073
1114	0.305647333317894
1115	0.305789109974844
1116	0.305855392620289
1117	0.305957723768546
1118	0.306063240240387
1119	0.306116807753625
1120	0.30616647904496
1121	0.306233715704715
1122	0.306308898968746
1123	0.306338899209557
1124	0.306521587609158
1125	0.306615409571064
1126	0.306784951791372
1127	0.306899790249052
1128	0.307015144370776
1129	0.307060953777924
1130	0.307211247766004
1131	0.307283037356646
1132	0.307407629176518
1133	0.30752891301717
1134	0.307600968114262
1135	0.307642903245754
1136	0.307718062397439
1137	0.307802219648624
1138	0.307853546119242
1139	0.308037405847962
1140	0.308146674549979
1141	0.308183717675739
1142	0.308255708207915
1143	0.30829339809766
1144	0.308372657099611
1145	0.308470297759434
1146	0.308599254970182
1147	0.308723329977153
1148	0.308826465311786
1149	0.30890787685279
1150	0.308940749410926
1151	0.308967332177097
1152	0.309024100017996
1153	0.30914548250367
1154	0.309277400385134
1155	0.309358493189383
1156	0.309526698901155
1157	0.309615740554812
1158	0.309761149940007
1159	0.309851313778722
1160	0.309960170326765
1161	0.310041089340712
1162	0.310158053368212
1163	0.310250499214677
1164	0.310337476394579
1165	0.310489832639612
1166	0.310558972986099
1167	0.310624598950604
1168	0.310761448288094
1169	0.310866939343806
1170	0.310923527437276
1171	0.311084088299839
1172	0.311207635265747
1173	0.311307761613578
1174	0.311425567505971
1175	0.311534219593273
1176	0.311603477987161
1177	0.311690150685999
1178	0.311775825602646
1179	0.311868748903593
1180	0.311960484212622
1181	0.312059688642813
1182	0.312167924777555
1183	0.312252696192602
1184	0.312338789539968
1185	0.312455924041333
1186	0.312526533712372
1187	0.312597470249579
1188	0.312717803040513
1189	0.312804162062343
1190	0.312873995390842
1191	0.312975655154818
1192	0.313038393299104
1193	0.313116337396351
1194	0.31314945703141
1195	0.313221374359349
1196	0.313264056636992
1197	0.313304765134855
1198	0.313371500177674
1199	0.313457894431924
1200	0.313534060691836
1201	0.313583116986594
1202	0.313649355806007
1203	0.31371285541463
1204	0.313814020633447
1205	0.313926302118173
1206	0.313979474181346
1207	0.314026852143785
1208	0.314106427404125
1209	0.314133964525343
1210	0.314197856870759
1211	0.314249358061195
1212	0.314288377040826
1213	0.314325539364073
1214	0.314385341486743
1215	0.314408216339055
1216	0.314493369118969
1217	0.314552186107775
1218	0.314639647295215
1219	0.314672212696188
1220	0.314786761256363
1221	0.314832222021825
1222	0.314890478289225
1223	0.314962859757025
1224	0.315024928339211
1225	0.315101209115897
1226	0.315129383201262
1227	0.315197619373497
1228	0.315249777158675
1229	0.315305736448315
1230	0.315381898341129
1231	0.315493240513124
1232	0.315543342940236
1233	0.31562023030943
1234	0.315644274105199
1235	0.315691877472617
1236	0.315778086670779
1237	0.315906665297228
1238	0.315966866662697
1239	0.316103605079251
1240	0.316163865901659
1241	0.316216810276893
1242	0.316228079324942
1243	0.316249116145356
1244	0.316329594006899
1245	0.316412197629241
1246	0.316477263740137
1247	0.316533871887037
1248	0.316598376570037
1249	0.316679310414902
1250	0.31676146514136
1251	0.316828532673813
1252	0.316854043832382
1253	0.316945547944385
1254	0.317039755730298
1255	0.317091243379981
1256	0.317199466107173
1257	0.317275562193211
1258	0.317314597560589
1259	0.317389087780006
1260	0.317422035952652
1261	0.317482682948575
1262	0.317545740923842
1263	0.31761892949547
1264	0.317677599639216
1265	0.317725038121767
1266	0.317770368304926
1267	0.317805985558073
1268	0.317849725988763
1269	0.317909566590285
1270	0.318003245767488
1271	0.318144994926774
1272	0.318235774510764
1273	0.31829230757906
1274	0.318365855187796
1275	0.318461298521257
1276	0.318582385507311
1277	0.318689067981869
1278	0.318793491537172
1279	0.318798252244491
1280	0.318845643629038
1281	0.318867035144927
1282	0.31890972884033
1283	0.319012698699462
1284	0.319078658457898
1285	0.319126937183384
1286	0.319233049101645
1287	0.319298944214458
1288	0.31936141950098
1289	0.319426647562523
1290	0.319487441263709
1291	0.319538690490762
1292	0.319630516245343
1293	0.319698057180719
1294	0.319718517494493
1295	0.31977688630368
1296	0.319767425389041
1297	0.319845351167749
1298	0.319915777078956
1299	0.319972416457759
1300	0.32007174748616
1301	0.320122261175151
1302	0.320093491673777
1303	0.320111100636037
1304	0.320155360142211
1305	0.320169514487997
1306	0.320189369658028
1307	0.32025765394582
1308	0.320316943738144
1309	0.320289626333869
1310	0.320345250639694
1311	0.320423638728684
1312	0.320489084090633
1313	0.320527794575877
1314	0.320559421988329
1315	0.320594698339172
1316	0.320592777321843
1317	0.320627976511748
1318	0.32064781603898
1319	0.320655904452047
1320	0.320653124191768
1321	0.320724713281643
1322	0.320741498455085
1323	0.320786452724848
1324	0.320795705734168
1325	0.320803903507865
1326	0.320819146482196
1327	0.320822688762655
1328	0.320840703678768
1329	0.320878233639115
1330	0.320913118039331
1331	0.3209268133729
1332	0.320966880275648
1333	0.320977439951952
1334	0.321037851088239
1335	0.321054206244567
1336	0.321070796764269
1337	0.321103344993736
1338	0.321111832135588
1339	0.321172098230469
1340	0.321203956539818
1341	0.321217565576238
1342	0.321245420266636
1343	0.321308362501739
1344	0.32135993127138
1345	0.321383676114166
1346	0.321406617196196
1347	0.321476888576474
1348	0.321521033223312
1349	0.321544282732846
1350	0.321598844687381
1351	0.321632403062257
1352	0.321688559600579
1353	0.321729702984608
1354	0.321761897381901
1355	0.321800892327546
1356	0.321855838839276
1357	0.32186264477114
1358	0.321906828211427
1359	0.321944431276996
1360	0.321969659161117
1361	0.322022091709295
1362	0.322057355697682
1363	0.322093578127312
1364	0.322111074775046
1365	0.322100615463302
1366	0.322067039347098
1367	0.321986980910918
1368	0.321921284175715
1369	0.32184548269487
1370	0.321744242218563
1371	0.321632504632519
1372	0.321535732486807
1373	0.321452935658079
1374	0.32131036251924
1375	0.321154186524445
1376	0.320946187071607
1377	0.32070271457069
1378	0.320371395875355
1379	0.320075894273126
1380	0.319625806427681
1381	0.319135789264331
1382	0.318513292109479
1383	0.317801244360571
1384	0.317038672432183
1385	0.316152392730967
1386	0.315221200812563
1387	0.314234109146719
1388	0.313202343241987
1389	0.312162407274834
1390	0.311113961412885
1391	0.310158070633258
1392	0.309318744939518
1393	0.308733886552413
1394	0.308295609771237
1395	0.308016252398648
1396	0.307967095001548
1397	0.307988939894357
1398	0.308197709703315
1399	0.308358336427693
1400	0.308684350996401
1401	0.308899583919362
1402	0.309188198501592
1403	0.309343621661682
1404	0.309500801781339
1405	0.309605588747583
1406	0.309617050663785
1407	0.309653733500296
1408	0.309623665296396
1409	0.309638592027548
1410	0.309651716056558
1411	0.309730501349761
1412	0.309799879059724
1413	0.309885468934442
1414	0.31001182607742
1415	0.310115116620181
1416	0.310257717191624
1417	0.310405333295871
1418	0.310578890029006
1419	0.310762130912597
1420	0.310915730752089
1421	0.311039260193978
1422	0.311202820311514
1423	0.31136370086419
1424	0.311564093058366
1425	0.311772813877492
1426	0.311941845978537
1427	0.312125607484759
1428	0.312321070648682
1429	0.312484719744983
1430	0.312691199535667
1431	0.312837394503947
1432	0.313004850883676
1433	0.313138791083376
1434	0.313295958619156
1435	0.313456821733159
1436	0.313594680059524
1437	0.313748832476679
1438	0.313905306299264
1439	0.314016381120739
1440	0.314171695177653
1441	0.314293153542689
1442	0.314429134753056
1443	0.314582313721187
1444	0.314728010274861
1445	0.31488074325976
1446	0.315007072539857
1447	0.315082890383125
1448	0.315160501168955
1449	0.315214609975366
1450	0.31531098714556
1451	0.315431980009375
1452	0.315547340498671
1453	0.315719080524123
1454	0.315794831907414
1455	0.315846624850193
1456	0.315950681225493
1457	0.316042160982491
1458	0.31614677554347
1459	0.316296177929904
1460	0.316411337231524
1461	0.316466628350971
1462	0.316565052214737
1463	0.316637079833643
1464	0.316740371338827
1465	0.316834526595012
1466	0.31693790220646
1467	0.317051961924396
1468	0.317153777367964
1469	0.317261494434792
1470	0.317389661618476
1471	0.317508981837434
1472	0.317603974040138
1473	0.317733480236181
1474	0.317920069673564
1475	0.318061373638179
1476	0.318250978174844
1477	0.31837377084376
1478	0.318421595174522
1479	0.318514491974729
1480	0.318617479510141
1481	0.318699803733984
1482	0.318832110042512
1483	0.318934440128345
1484	0.319014872860071
1485	0.319138606367791
1486	0.319253538165669
1487	0.319377928246788
1488	0.319562242326109
1489	0.319677540089441
1490	0.319789140552191
1491	0.319926064727432
1492	0.320013814620149
1493	0.320090650671667
1494	0.320186001667368
1495	0.320273173532625
1496	0.320318511273506
1497	0.320394883080473
1498	0.32043021167768
1499	0.320495726443621
1500	0.32060561091529
1501	0.320681592908537
1502	0.320798075046304
1503	0.320874541606878
1504	0.320975514248186
1505	0.321042340009948
1506	0.321160196698653
1507	0.32123761333504
1508	0.321313138186218
1509	0.321380815409405
1510	0.321458787750016
1511	0.32151664294358
1512	0.321612436430998
1513	0.321674473053356
1514	0.321704320791174
1515	0.321764122712253
1516	0.321835003060472
1517	0.321889793972817
1518	0.321943338216551
1519	0.322025674003453
1520	0.32216247110109
1521	0.322286425632927
1522	0.322333860817343
1523	0.322397744545269
1524	0.322456995065532
1525	0.322454044641444
1526	0.322514610204734
1527	0.32260519249691
1528	0.322644085424199
1529	0.322694540753394
1530	0.322722095294309
1531	0.322782350315736
1532	0.322820695245579
1533	0.32290954957901
1534	0.322970454345955
1535	0.323039675982858
1536	0.323078655408272
1537	0.32311425957683
1538	0.323164156629229
1539	0.323227533037938
1540	0.323288491343195
1541	0.323399849167971
1542	0.32340649633494
1543	0.323414188526434
1544	0.323465046650703
1545	0.323491896126789
1546	0.323497742158046
1547	0.323528192105304
1548	0.323578588623722
1549	0.323562144097026
1550	0.323635570775943
1551	0.323753172499282
1552	0.323838119438632
1553	0.323927149849606
1554	0.323989746982632
1555	0.324065426209378
1556	0.324083389975393
1557	0.32415234355526
1558	0.324182541698078
1559	0.324157838810224
1560	0.324188143812037
1561	0.324205526710044
1562	0.324212761719465
1563	0.324234630061323
1564	0.324276467679768
1565	0.3242498020035
1566	0.324291810926903
1567	0.3242633016061
1568	0.324328026937863
1569	0.324437464250942
1570	0.324514065446829
1571	0.324621641517886
1572	0.324733908195078
1573	0.324784955405012
1574	0.324851362104327
1575	0.324945228047367
1576	0.324989233011415
1577	0.324989093835808
1578	0.324962521487911
1579	0.324948167020994
1580	0.324932972131647
1581	0.324967641932607
1582	0.324952426393252
1583	0.325007410775519
1584	0.325051274708551
1585	0.325153674400516
1586	0.325221355394898
1587	0.325324496296645
1588	0.325452360792574
1589	0.325507500567123
1590	0.325588244285916
1591	0.325679682926663
1592	0.325737398265397
1593	0.325812888632015
1594	0.325907604763839
1595	0.32596300152101
1596	0.325973121098974
1597	0.325892739925267
1598	0.325878775542533
1599	0.325908137888927
1600	0.325931085236491
1601	0.326035100322773
1602	0.326082553346304
1603	0.326076668948265
1604	0.326111451595357
1605	0.326141428270381
1606	0.326201677003124
1607	0.326351240823025
1608	0.326449688535089
1609	0.326507669244776
1610	0.326581458261627
1611	0.326651425703143
1612	0.326687982591231
1613	0.326715110473155
1614	0.326701527189931
1615	0.326672117326076
1616	0.326645927377561
1617	0.326684693627301
1618	0.326695972133538
1619	0.326757524047968
1620	0.326781588059005
1621	0.326904348892653
1622	0.32698087887589
1623	0.32705073819191
1624	0.327127899927611
1625	0.327188145818138
1626	0.327239706179764
1627	0.327317583307563
1628	0.327369658096778
1629	0.327378368119464
1630	0.327444379305651
1631	0.327443969829908
1632	0.32748452613128
1633	0.327510715053007
1634	0.327524912868078
1635	0.327535495201979
1636	0.327549115990734
1637	0.327586194798232
1638	0.327613098123869
1639	0.327603121954459
1640	0.327616328818397
1641	0.327618770867641
1642	0.327658541472095
1643	0.327712650907143
1644	0.327820067728059
1645	0.327947473868662
1646	0.328029277974352
1647	0.328112888239343
1648	0.328155136211271
1649	0.328217930009851
1650	0.328219439198744
1651	0.328213101749365
1652	0.328200384272821
1653	0.328192424957372
1654	0.328234848365429
1655	0.328304236984111
1656	0.32837400030256
1657	0.328445940820635
1658	0.328487636018096
1659	0.328596079252381
1660	0.328651794552429
1661	0.328696323949789
1662	0.328795319941989
1663	0.328824652871098
1664	0.328939337514405
1665	0.329069723692262
1666	0.329172222329849
1667	0.329222582141808
1668	0.329312375915376
1669	0.329338004833547
1670	0.3293716697011
1671	0.329416991676162
1672	0.329451524354152
1673	0.329493008347873
1674	0.3295428807205
1675	0.329574320461456
1676	0.329639180998084
1677	0.32970681278492
1678	0.329786937833333
1679	0.329915340185232
1680	0.330055270802699
1681	0.330201236866574
1682	0.330342244706964
1683	0.33048623788374
1684	0.330628830689517
1685	0.330756614855638
1686	0.330900751069062
1687	0.331037323814614
1688	0.331167915162077
1689	0.331269949995229
1690	0.331371489932482
1691	0.331431816773157
1692	0.331503757556676
1693	0.331496760630474
1694	0.331538507909693
1695	0.331655401114156
1696	0.331682305161849
1697	0.331745252441816
1698	0.331850573487755
1699	0.331864341643585
1700	0.331970486037754
1701	0.33207521578253
1702	0.332198261317093
1703	0.33228288077614
1704	0.332406985002995
1705	0.332450885709581
1706	0.332521540071818
1707	0.332564598904116
1708	0.332677819098102
1709	0.332706201479107
1710	0.332726830015176
1711	0.332735023928605
1712	0.332666136803089
1713	0.332618520742906
1714	0.332627252250969
1715	0.33264044023684
1716	0.332582595912445
1717	0.332552391186505
1718	0.332433807029805
1719	0.332334015498747
1720	0.332281325276578
1721	0.332252672375466
1722	0.332216074496713
1723	0.332182826323328
1724	0.332113196853338
1725	0.332025241644789
1726	0.331924203984695
1727	0.331888205339038
1728	0.331792909189183
1729	0.331707833535788
1730	0.331566632348944
1731	0.331417705880082
1732	0.331198515761846
1733	0.331059283357826
1734	0.330961747473061
1735	0.330820713575425
1736	0.330706397538448
1737	0.330531125269514
1738	0.330409999294602
1739	0.330334264144346
1740	0.330253499083018
1741	0.330228332681257
1742	0.330257564373353
1743	0.330196066040646
1744	0.330141377048913
1745	0.33013918024126
1746	0.330133188427031
1747	0.330158693201213
1748	0.330238227286944
1749	0.330243237883356
1750	0.330167033423009
1751	0.330123956627609
1752	0.33010165795552
1753	0.330075801099912
1754	0.329995999059977
1755	0.329829298543743
1756	0.329741080899186
1757	0.329559019425329
1758	0.329436995843841
1759	0.329348112375568
1760	0.329149471067101
1761	0.329047902300609
1762	0.32893001262136
1763	0.328857599993845
1764	0.328813752023125
1765	0.328769904285801
1766	0.328685142004896
1767	0.328656370351036
1768	0.328655597499102
1769	0.328671938407982
1770	0.328622627557953
1771	0.32855422589812
1772	0.328514901976426
1773	0.328430057296906
1774	0.328308644420829
1775	0.32820757368398
1776	0.328128032423839
1777	0.328031725765947
1778	0.327910325056238
1779	0.327794596201383
1780	0.327650474266871
1781	0.327584596218214
1782	0.327508998461788
1783	0.327499822948699
1784	0.327466229743066
1785	0.327408702021578
1786	0.327437500207134
1787	0.327423531129227
1788	0.327447070536172
1789	0.327508779824174
1790	0.327604097541186
1791	0.327735449691126
1792	0.327894080220522
1793	0.3279138510791
1794	0.327887341408488
1795	0.327907234066874
1796	0.327905931166521
1797	0.327871219243374
1798	0.327927006919142
1799	0.327889376139208
1800	0.327762275139855
1801	0.327738267417481
1802	0.32764679981465
1803	0.327583847072437
1804	0.32752703699058
1805	0.327589001575936
1806	0.327594871113736
1807	0.327665458385215
1808	0.327713405156275
1809	0.327636761915399
1810	0.327652719645265
1811	0.327774056709087
1812	0.32784984919926
1813	0.328022729509632
1814	0.328103386180575
1815	0.328135095212536
1816	0.328218562533649
1817	0.32819005368834
1818	0.328197451236192
1819	0.328200297061837
1820	0.328222541895113
1821	0.328364386651867
1822	0.32835411157217
1823	0.328318260863419
1824	0.32828134494771
1825	0.328264807487487
1826	0.328175820782588
1827	0.328274191339796
1828	0.328226872196789
1829	0.32817768105264
1830	0.328147024881214
1831	0.327700614491529
1832	0.327633658570597
1833	0.327634908160797
1834	0.327673364000057
1835	0.327754774812153
1836	0.327890469834719
1837	0.328168347974439
1838	0.328290803751041
1839	0.328367703412328
1840	0.328480728306369
1841	0.328483547761948
1842	0.328457929891196
1843	0.32838799212042
1844	0.328306015255324
1845	0.328292295844716
1846	0.32836077387774
1847	0.328335596040101
1848	0.328314574259436
1849	0.328178702857
1850	0.328017534326914
1851	0.327992181929992
1852	0.3279421596033
1853	0.327862256483325
1854	0.327868098823975
1855	0.327900982610278
1856	0.327884577709528
1857	0.32792254935659
1858	0.32806633598834
1859	0.328044096132465
1860	0.32799736289764
1861	0.328151083273878
1862	0.328248409370999
1863	0.328161258354737
1864	0.328003413734631
1865	0.327832073020152
1866	0.327518838438073
1867	0.327244556426187
1868	0.327046898174607
1869	0.326824900533064
1870	0.326474403875317
1871	0.326094495699793
1872	0.325728176158361
1873	0.325412475882669
1874	0.324949949397563
1875	0.324357674437305
1876	0.323788690689952
1877	0.323063795624541
1878	0.322478102910716
1879	0.32196632370323
1880	0.321381362083943
1881	0.320743931985208
1882	0.320170076571342
1883	0.319408121903173
1884	0.318550004024183
1885	0.317674496764934
1886	0.316792413092788
1887	0.31571977985106
1888	0.314748939744216
1889	0.313633075657677
1890	0.312371499936753
1891	0.311010448333108
1892	0.309548539530653
1893	0.307888541604764
1894	0.306356437879744
1895	0.304800945268109
1896	0.303273303624753
1897	0.301781704540798
1898	0.300369395419417
1899	0.299089170402327
1900	0.297838046773704
1901	0.296747325898726
1902	0.29578361914587
1903	0.294895117351412
1904	0.294062284119872
1905	0.293385316965514
1906	0.292932990828812
1907	0.292549379392345
1908	0.292199904106505
1909	0.291954098658638
1910	0.291823415465747
1911	0.291737885909098
1912	0.291761346217804
1913	0.292039228754418
1914	0.292160020345007
1915	0.292227016907712
1916	0.292338712009452
1917	0.292378780771302
1918	0.292499276342851
1919	0.292626176946761
1920	0.292878876992786
1921	0.293017219330841
1922	0.293230851239011
1923	0.293342548336334
1924	0.293338103877999
1925	0.293428676202631
1926	0.293533047315026
1927	0.293611081699546
1928	0.293676886755899
1929	0.293775375189695
1930	0.29394694153092
1931	0.294098546604847
1932	0.294283229539458
1933	0.294584744664369
1934	0.294861129352276
1935	0.295126257640705
1936	0.295442777200805
1937	0.295838687083811
1938	0.29616287682042
1939	0.296431963842327
1940	0.296692873528532
1941	0.296961149205289
1942	0.297165533570237
1943	0.297415893174732
1944	0.2976932019763
1945	0.29788513502872
1946	0.298076328660317
1947	0.298221734133491
1948	0.298415770723543
1949	0.2985178033788
1950	0.29867959531414
1951	0.298897999476197
1952	0.299096400498704
1953	0.299291645378145
1954	0.299577968826855
1955	0.299918273183021
1956	0.300198259750961
1957	0.300439309358078
1958	0.30073047303798
1959	0.301115624927508
1960	0.301401422555693
1961	0.301772562830658
1962	0.302294805236524
1963	0.302700586503459
1964	0.303136904633074
1965	0.303483183304823
1966	0.30382615290368
1967	0.304113092829458
1968	0.304352393402545
1969	0.30457127386995
1970	0.304806619768999
1971	0.304960441693426
1972	0.305168600707637
1973	0.305330963280217
1974	0.305568112891081
1975	0.305845016818484
1976	0.306045113560376
1977	0.306232711042964
1978	0.306395596810695
1979	0.30660287850822
1980	0.306803517949544
1981	0.307077902574979
1982	0.307362626454539
1983	0.307636790801536
1984	0.307934919531852
1985	0.308271812620354
1986	0.30873511474515
1987	0.30909094186928
1988	0.309429168833664
1989	0.309801963591478
1990	0.3101696659759
1991	0.310485956670511
1992	0.310933502533474
1993	0.31121787390458
1994	0.311528913117535
1995	0.311802027173622
1996	0.312163061144579
1997	0.312593973554776
1998	0.312945297519426
1999	0.313344434955878
2000	0.313591237419077
2001	0.313695793234553
2002	0.313895694984462
2003	0.314042460770685
2004	0.314238798453279
2005	0.314431413780653
2006	0.314656263416572
2007	0.314933026490715
2008	0.315300295876642
2009	0.315567298731228
2010	0.315753615501606
2011	0.316001419117108
2012	0.316164629356553
2013	0.316422651618669
2014	0.316709751510756
2015	0.317035482807561
2016	0.317293620178384
2017	0.317555462167567
2018	0.317796039735185
2019	0.317978839990127
2020	0.318277249441159
2021	0.318618198442594
2022	0.318908595730573
2023	0.319193101173542
2024	0.319494431072754
2025	0.319696044824882
2026	0.319940068148617
2027	0.320188529934435
2028	0.320328623572437
2029	0.320415625602081
2030	0.320369465220696
2031	0.320377043406789
2032	0.320301454848849
2033	0.320328301539176
2034	0.320474420344477
2035	0.320482131508396
2036	0.320536325086753
2037	0.320464153982424
2038	0.320126597886225
2039	0.320053944181168
2040	0.320087848251334
2041	0.320224454427475
2042	0.320353117936786
2043	0.320568402375142
2044	0.320625140229789
2045	0.320608202342728
2046	0.320624760497913
2047	0.320620937050219
2048	0.320708612074766
2049	0.320821698924423
2050	0.320919659588296
2051	0.321001138691632
2052	0.321193893343533
2053	0.321429635053808
2054	0.32160023926596
2055	0.321719804147886
2056	0.321748514461068
2057	0.321734430072887
2058	0.321714755918164
2059	0.32172497118987
2060	0.321823407784514
2061	0.32181376285568
2062	0.321679044099248
2063	0.321524935231686
2064	0.321401423142118
2065	0.321129629464129
2066	0.32091475951826
2067	0.320814766307138
2068	0.320740326819562
2069	0.320777239125275
2070	0.320928738857742
2071	0.32099253668757
2072	0.321093958736524
2073	0.321222517995847
2074	0.321334498401427
2075	0.321342676241876
2076	0.321412304984668
2077	0.321396341758956
2078	0.321528231069238
2079	0.321768844809464
2080	0.322116446916939
2081	0.322402052072739
2082	0.322447821710505
2083	0.322494319196341
2084	0.32259691796572
2085	0.322754149363718
2086	0.323006335116152
2087	0.323111863157491
2088	0.323116104874525
2089	0.323157987417626
2090	0.323071328957282
2091	0.32308118986362
2092	0.323196587148722
2093	0.323220296348963
2094	0.323088096780788
2095	0.322972475409004
2096	0.322909702209112
2097	0.322748542027735
2098	0.322650875371766
2099	0.322722958907469
2100	0.322634291598249
2101	0.322402783172755
2102	0.32234384660798
2103	0.322393607544906
2104	0.322419594438239
2105	0.32250547112022
2106	0.32254332897449
2107	0.322553407529547
2108	0.32246364351137
2109	0.32265127606847
2110	0.322865830168615
2111	0.323027298931337
2112	0.32326612721886
2113	0.323351694020191
2114	0.323242237411318
2115	0.32319090682613
2116	0.323089628817917
2117	0.323038877278113
2118	0.323014773510084
2119	0.322941078669023
2120	0.322878034722827
2121	0.322792998490404
2122	0.322746988746265
2123	0.322549826491825
2124	0.322306567144533
2125	0.322028043422542
2126	0.321829827479795
2127	0.321490781111791
2128	0.321090481486288
2129	0.32084173071863
2130	0.320478793032363
2131	0.320118053732289
2132	0.319802591824618
2133	0.319593937296669
2134	0.319265827783878
2135	0.318864731439227
2136	0.318558013821243
2137	0.318246324387986
2138	0.317941644011147
2139	0.31766871776741
2140	0.317352326509027
2141	0.316997994214368
2142	0.316679388943591
2143	0.316383827399884
2144	0.31604130410253
2145	0.315689854204591
2146	0.31530785906823
2147	0.31496037195282
2148	0.314497632406626
2149	0.314172342698117
2150	0.31405939311037
2151	0.313557620030539
2152	0.312818747576688
2153	0.312103519591192
2154	0.311198163919961
2155	0.310312935022061
2156	0.309531419483141
2157	0.308888216764415
2158	0.308064189567902
2159	0.307204312712547
2160	0.306224400238607
2161	0.305072959833792
2162	0.304063588726112
2163	0.302941564356879
2164	0.30193499984616
2165	0.30096546391878
2166	0.300225265974869
2167	0.299520498041335
2168	0.298998101876103
2169	0.298692576237729
2170	0.2984505318809
2171	0.298247752810682
2172	0.298298115319336
2173	0.29859053793342
2174	0.298787413561253
2175	0.299192062621379
2176	0.299614815687067
2177	0.299802757845071
2178	0.30006061849338
2179	0.300428119682029
2180	0.300683545856906
2181	0.300944466622867
2182	0.30120169640614
2183	0.301238104460092
2184	0.30109645644664
2185	0.300921560810874
2186	0.300644722782559
2187	0.300396921631366
2188	0.300072878903657
2189	0.299705507184879
2190	0.299303851703013
2191	0.298894537533955
2192	0.298372064748597
2193	0.298000900322107
2194	0.297726485934885
2195	0.29725295763123
2196	0.296748896466554
2197	0.296237758641899
2198	0.295740010530255
2199	0.295398098441976
2200	0.294960337473573
2201	0.294576911172018
2202	0.294236731309325
2203	0.293857053819207
2204	0.293556379681014
2205	0.293391825376196
2206	0.293188404952885
2207	0.293006192991196
2208	0.292770040144785
2209	0.292464316238764
2210	0.292195373049413
2211	0.292164169850915
2212	0.292052532442086
2213	0.292156984822107
2214	0.292348894647748
2215	0.292504843979704
2216	0.292662702712605
2217	0.292789640250195
2218	0.292919553889789
2219	0.293084384232234
2220	0.293269109962439
2221	0.293514816126037
2222	0.293657199109519
2223	0.293785203505448
2224	0.293828388930236
2225	0.29389861457878
2226	0.294010767329679
2227	0.294201845158038
2228	0.294518545824572
2229	0.294719112385729
2230	0.294991881508994
2231	0.295154232850384
2232	0.295105819069412
2233	0.295292122747745
2234	0.295591367738337
2235	0.295918632951895
2236	0.296323940738064
2237	0.296660871756721
2238	0.296960466951593
2239	0.297374279978661
2240	0.297941475056729
2241	0.298396922310861
2242	0.298848997660386
2243	0.29931402416231
2244	0.299864746216723
2245	0.300402675229393
2246	0.301072176181825
2247	0.301960146224522
2248	0.302476346928501
2249	0.302857935420827
2250	0.303313525626413
2251	0.303614176194558
2252	0.304003094025216
2253	0.304495779652699
2254	0.304946457843006
2255	0.305394053106293
2256	0.305715527862512
2257	0.305907864756661
2258	0.306170058207277
2259	0.306381725486898
2260	0.30666496097548
2261	0.307005893374791
2262	0.307244421432741
2263	0.307459128175129
2264	0.30778801459773
2265	0.308142298762001
2266	0.308467094542587
2267	0.308738300562394
2268	0.308880086724717
2269	0.308998255206767
2270	0.30906341314002
2271	0.309182863132051
2272	0.309299263945969
2273	0.30946883292256
2274	0.309600806249866
2275	0.309549761839659
2276	0.309333185394829
2277	0.309315081260446
2278	0.309339086868432
2279	0.309397420380396
2280	0.309786982178522
2281	0.310000405709392
2282	0.309993862076055
2283	0.310203125730026
2284	0.310292942357106
2285	0.310352928678625
2286	0.310624303617693
2287	0.310658127779505
2288	0.310658367739862
2289	0.310974544774713
2290	0.311261574277321
2291	0.311345925137313
2292	0.311540507382137
2293	0.311634761028452
2294	0.311604511700418
2295	0.311695766929549
2296	0.311751716366011
2297	0.311914855982488
2298	0.311935687570529
2299	0.311783209578986
2300	0.311893758694272
2301	0.312141874224297
2302	0.312241340943576
2303	0.312415464420936
2304	0.312391451145253
2305	0.311960013916733
2306	0.311739933981163
2307	0.311719396370442
2308	0.311538297719171
2309	0.311261842323426
2310	0.311064603700487
2311	0.310780708985539
2312	0.31040148931617
2313	0.310099878523031
2314	0.309961081191346
2315	0.309563790090088
2316	0.309152232717011
2317	0.308723929902543
2318	0.308480736620578
2319	0.308423471489871
2320	0.308203470116321
2321	0.307981027879686
2322	0.307743026304715
2323	0.307686787119358
2324	0.30772927054337
2325	0.30795595636097
2326	0.308159422060994
2327	0.308107385537788
2328	0.307708131507648
2329	0.307766830063507
2330	0.307836389261212
2331	0.30795065780244
2332	0.30834702541644
2333	0.308464285901354
2334	0.308128289115502
2335	0.308060833468263
2336	0.308096264662516
2337	0.308140129790335
2338	0.3084002023362
2339	0.308483721324162
2340	0.308369922274116
2341	0.308296937220796
2342	0.308305498036147
2343	0.308212325554479
2344	0.30805217571365
2345	0.307937603435529
2346	0.307687377329315
2347	0.307313450522425
2348	0.307380740766595
2349	0.307406625178292
2350	0.307158034957708
2351	0.306997281201908
2352	0.30676701966602
2353	0.306377287798767
2354	0.306143440240096
2355	0.306094876954748
2356	0.305797039754594
2357	0.30538009427689
2358	0.30487861348065
2359	0.304446817826341
2360	0.304220620362646
2361	0.303716280916212
2362	0.303609328342065
2363	0.303648593442388
2364	0.303403357994845
2365	0.303178172857458
2366	0.302695890007806
2367	0.301846124732641
2368	0.301214062999533
2369	0.30045230260349
2370	0.299941363725165
2371	0.299731838312727
2372	0.299475020389072
2373	0.299442979015268
2374	0.299139330235566
2375	0.298536672721226
2376	0.298009040724501
2377	0.297467981605915
2378	0.296827299927606
2379	0.296049165104235
2380	0.295321090963008
2381	0.294265624074798
2382	0.293626620921772
2383	0.293287278176801
2384	0.292778372255062
2385	0.292131688801807
2386	0.291633486611449
2387	0.29107993634384
2388	0.290448972432877
2389	0.289623556857295
2390	0.28908891200348
2391	0.288625222269609
2392	0.288102577491924
2393	0.288095962117232
2394	0.287633088343895
2395	0.2868231371304
2396	0.286221702095185
2397	0.28580320185889
2398	0.28538665076148
2399	0.285323820198308
2400	0.284971587106509
2401	0.284649301823832
2402	0.284131584509352
2403	0.28335032237376
2404	0.282929171110237
2405	0.282491992438167
2406	0.282168392638597
2407	0.282285949458065
2408	0.282084794149426
2409	0.281717325123086
2410	0.281310817174546
2411	0.280815501942069
2412	0.280392812273473
2413	0.280161398464873
2414	0.280075534218833
2415	0.279755014119711
2416	0.279105016999344
2417	0.27835937560626
2418	0.277467455134439
2419	0.277027531934815
2420	0.276880242928168
2421	0.277085038252473
2422	0.277177639809319
2423	0.276534288245594
2424	0.275982037595346
2425	0.275640036094669
2426	0.275175220396584
2427	0.274754908745921
2428	0.274657464223267
2429	0.274352162905217
2430	0.273699078589463
2431	0.273330097944057
2432	0.273082353277053
2433	0.272912986412519
2434	0.272781111264752
2435	0.272405711228645
2436	0.271949504748806
2437	0.271507534588063
2438	0.270560602868832
2439	0.270405836200407
2440	0.270618469164808
2441	0.270518784442956
2442	0.270651030549465
2443	0.270423906398711
2444	0.269861475337842
2445	0.269401373788546
2446	0.268824444599351
2447	0.268401812675291
2448	0.267957881765949
2449	0.267524184637019
2450	0.267236660306742
2451	0.266904193532213
2452	0.266595693646996
2453	0.266421010585181
2454	0.266780031553103
2455	0.266627340868156
2456	0.266358002568231
2457	0.265851132559413
2458	0.264886939493017
2459	0.264277083280978
2460	0.263794915649249
2461	0.263352132217991
2462	0.262971902147034
2463	0.262274286800695
2464	0.261285792439372
2465	0.260812284678423
2466	0.260339323652783
2467	0.259759901484537
2468	0.259227495021911
2469	0.258790579835206
2470	0.258308050782736
2471	0.257827981662918
2472	0.257765564169515
2473	0.257374191423854
2474	0.256750188782156
2475	0.256246878125134
2476	0.256018384356978
2477	0.255399883789113
2478	0.254734935055297
2479	0.25419548559878
2480	0.25375572805744
2481	0.253052434701749
2482	0.2518607207978
2483	0.251411203273974
2484	0.251367367190187
2485	0.251162109549827
2486	0.252063141296504
2487	0.251863068234675
2488	0.250269048461941
2489	0.249873240577654
2490	0.249412204672865
2491	0.249110393043201
2492	0.249508944247507
2493	0.249455604445416
2494	0.248908277355519
2495	0.248478805488707
2496	0.247982846131427
2497	0.247604834692016
2498	0.246350616348318
2499	0.246206270317156
2500	0.246902084720378
