350	0.307237752271574
351	0.309590067778936
352	0.301626546812624
353	0.290197305129461
354	0.271102974207711
355	0.277895240218901
356	0.278281455768953
357	0.268543096226433
358	0.270396433716791
359	0.271572919476316
360	0.25759612475935
361	0.25737984551769
362	0.250455787295698
363	0.244510902034855
364	0.243760726601337
365	0.238076414747044
366	0.237310300781606
367	0.23866228563464
368	0.237548252091915
369	0.234475731988436
370	0.234285497468838
371	0.236825494591262
372	0.237460320333411
373	0.229038727818032
374	0.227511067652708
375	0.227854073723813
376	0.226978369016763
377	0.225589164630683
378	0.22601605689363
379	0.22221408870236
380	0.220855240098142
381	0.219163090110521
382	0.215171545691143
383	0.217418325719459
384	0.21779926540479
385	0.216386861424907
386	0.211086838804973
387	0.212090056079564
388	0.212602687161619
389	0.209013688468032
390	0.206747381974022
391	0.206058231792433
392	0.209224011162856
393	0.210826300579786
394	0.209208353307836
395	0.203700241039222
396	0.205966367196498
397	0.205880639448173
398	0.202518922235509
399	0.199989172000781
400	0.200459908880553
401	0.199964427607872
402	0.200641917649003
403	0.199315269465188
404	0.197696707610679
405	0.195807608511883
406	0.196561989304649
407	0.197647210743802
408	0.195762873229788
409	0.193879412678423
410	0.194845765928828
411	0.193334251515078
412	0.191813199844532
413	0.192354378383992
414	0.192789807654558
415	0.19047134941438
416	0.1886210917835
417	0.188203936283822
418	0.187279240309712
419	0.187137935662834
420	0.186341275804662
421	0.186064261050569
422	0.185315718377639
423	0.184815229123663
424	0.184244665256048
425	0.18448741143884
426	0.185161862996205
427	0.183660863541079
428	0.183250192502134
429	0.184199838429609
430	0.183970769217447
431	0.183682704498028
432	0.183433717314938
433	0.182790433061588
434	0.18331894806222
435	0.183992217030845
436	0.184256286516955
437	0.183830360471065
438	0.184073301174643
439	0.184137846240245
440	0.184712219690301
441	0.184683442156931
442	0.184715747212661
443	0.185417253275306
444	0.186081026940461
445	0.186177550769695
446	0.186218727903905
447	0.186043391482989
448	0.186451987900582
449	0.187112490073797
450	0.187907119179724
451	0.187998054591186
452	0.187969025874357
453	0.187891547723967
454	0.188253855067429
455	0.189005221753159
456	0.189485900955426
457	0.189445788588585
458	0.189658306447255
459	0.190068217714918
460	0.190280350387498
461	0.190672164728739
462	0.190814615084942
463	0.190935592789585
464	0.191302393573293
465	0.191531053326916
466	0.192099898811892
467	0.192055445339897
468	0.192176640495322
469	0.192410729450176
470	0.193094921708513
471	0.193102714890531
472	0.193018794981533
473	0.193504366149656
474	0.193842694161075
475	0.194127606436865
476	0.194350829408578
477	0.194474653855217
478	0.194686919364375
479	0.195089039197171
480	0.1952819954594
481	0.195337618242941
482	0.195650678484719
483	0.196208061908926
484	0.19628055514331
485	0.196249379572283
486	0.196560803595236
487	0.197018632120146
488	0.197355531429667
489	0.197633155195694
490	0.197889465769088
491	0.198487108942123
492	0.198929115632275
493	0.198954338536192
494	0.199515504941849
495	0.200047385349745
496	0.200298394136047
497	0.200480586166449
498	0.200832172338827
499	0.201555537762898
500	0.202090974807375
501	0.2026966383118
502	0.203225599564351
503	0.20353645265473
504	0.204365746903509
505	0.2049295001012
506	0.205356217079138
507	0.206090661574705
508	0.206835858463646
509	0.207187104194592
510	0.207899388952615
511	0.208654217871085
512	0.209124714481143
513	0.209542202278842
514	0.210157675724354
515	0.210814371359238
516	0.211741145413431
517	0.212329523726405
518	0.212712585962922
519	0.213434004488879
520	0.21413137548338
521	0.214829408391251
522	0.21535325023778
523	0.215976784556155
524	0.216503689329725
525	0.217107612970781
526	0.217774279524801
527	0.218247247095617
528	0.218915535597384
529	0.21959585756275
530	0.220119995140747
531	0.220670919773481
532	0.221372636157689
533	0.22191291361835
534	0.222554474147474
535	0.223097264948356
536	0.22354870822035
537	0.224156012811373
538	0.224865302611143
539	0.22541874866906
540	0.225910870690789
541	0.226588547863865
542	0.227127023114728
543	0.227680161953062
544	0.228245727542655
545	0.228875308873369
546	0.229441702254559
547	0.229982511119253
548	0.230592154125998
549	0.231214121128035
550	0.231814520615659
551	0.232487789667643
552	0.233064874121825
553	0.23367720959721
554	0.23429141060474
555	0.234984166786813
556	0.235674931324261
557	0.23634445123679
558	0.23701180015219
559	0.237729348355558
560	0.23841202048884
561	0.239091773496309
562	0.23970772941322
563	0.24037853839073
564	0.241068798059997
565	0.241737068503102
566	0.242446404926504
567	0.243209443485309
568	0.243948447968147
569	0.244692772509368
570	0.245405725198845
571	0.246061713013533
572	0.246772706049457
573	0.247409102424332
574	0.248012388954645
575	0.248748912396557
576	0.249452147953405
577	0.250124951040229
578	0.250730649713142
579	0.251285516483022
580	0.251866556173061
581	0.252457741134394
582	0.253110478715263
583	0.2537377470908
584	0.254306868522668
585	0.254936524379088
586	0.255535134210687
587	0.256044809504118
588	0.256556449354056
589	0.25706553671385
590	0.257597425930655
591	0.258021453129633
592	0.258520208754432
593	0.25903329882664
594	0.259455137919685
595	0.259995809394657
596	0.260401777889728
597	0.260792350648046
598	0.26119572677927
599	0.261613776212015
600	0.262017789851936
601	0.262395732908766
602	0.262812246881336
603	0.263186602744331
604	0.263513955837168
605	0.263801536434543
606	0.264136464220943
607	0.264447329891812
608	0.264793502672119
609	0.265105247907353
610	0.265415388335007
611	0.265700499039938
612	0.265984801533166
613	0.266319444448613
614	0.26662766243607
615	0.266845316642219
616	0.267028180690968
617	0.267266714221358
618	0.267469852753358
619	0.267721460977148
620	0.268017792108294
621	0.268193763474224
622	0.268407736090677
623	0.268659758462485
624	0.268859635483857
625	0.269093258932469
626	0.26927708529053
627	0.269403947424968
628	0.269599373914484
629	0.26978737460452
630	0.269971971477256
631	0.270131761530522
632	0.270351905894339
633	0.270561211499679
634	0.27069091854282
635	0.270846893478858
636	0.271024589894756
637	0.271211807375915
638	0.271366880163206
639	0.271454819721016
640	0.271571493967638
641	0.27177068028566
642	0.271926745133087
643	0.272058284210711
644	0.272207805719688
645	0.27230448228225
646	0.272420581632069
647	0.27251338459586
648	0.272658738039499
649	0.272810207826704
650	0.272920687148422
651	0.272985188538554
652	0.273137436436765
653	0.273291887150529
654	0.273318295409116
655	0.273384225829066
656	0.273563142982734
657	0.273786902604238
658	0.273886790568461
659	0.273978255771309
660	0.274079586063617
661	0.274167546286055
662	0.274261470782924
663	0.274398370637196
664	0.27451848034504
665	0.274569043936046
666	0.274636469571906
667	0.274795933761439
668	0.274966066116846
669	0.275108407595271
670	0.275224119258886
671	0.275301495223101
672	0.275409655851531
673	0.275450789274166
674	0.275575721916932
675	0.275680643132268
676	0.275787711816041
677	0.275896957448893
678	0.276005665233214
679	0.276110272032489
680	0.276186941338122
681	0.276346282378777
682	0.276457031451364
683	0.276522771498333
684	0.276600691049128
685	0.276679814665848
686	0.276769138631519
687	0.276836623552756
688	0.276872284767064
689	0.276939233105623
690	0.277018143362533
691	0.27710968814206
692	0.277161145727356
693	0.27730701374731
694	0.277591908005712
695	0.277972421336213
696	0.278582307341781
697	0.278881819280963
698	0.278708643805709
699	0.278209778422794
700	0.278015903802726
701	0.278026496683876
702	0.278132627857513
703	0.278191783888517
704	0.278192749942869
705	0.278232036874877
706	0.278334253670045
707	0.278449031842137
708	0.278481235125109
709	0.278527468425429
710	0.278626618115153
711	0.278662801787967
712	0.278717013821063
713	0.278790865031303
714	0.278863757535185
715	0.278914781799307
716	0.278980913653137
717	0.27908163218817
718	0.279154393900136
719	0.279183598441316
720	0.279240713250363
721	0.279328415262431
722	0.27937019177642
723	0.279408126092218
724	0.279457507773206
725	0.279516103054172
726	0.279557876701637
727	0.279623214581344
728	0.279708488879098
729	0.279722655509916
730	0.279769979113267
731	0.279823723651586
732	0.279901647687568
733	0.279895863589708
734	0.279906372866195
735	0.279982040691441
736	0.280066979395867
737	0.280094784592247
738	0.280074646417918
739	0.28010326469601
740	0.280197758340035
741	0.280274085503632
742	0.280302153368335
743	0.280381832878101
744	0.280435893535181
745	0.280470557957002
746	0.280478777180653
747	0.280558913873983
748	0.280600490758145
749	0.280582072064667
750	0.28062992620729
751	0.280746126975614
752	0.280790658187161
753	0.280799347239547
754	0.280843239442131
755	0.280946911293195
756	0.281006277846476
757	0.280991901244872
758	0.281016837098676
759	0.281078763079809
760	0.281133597894728
761	0.281189739912248
762	0.281238004132296
763	0.281310026557452
764	0.281339782202349
765	0.281317733935984
766	0.281438253076624
767	0.281529523709432
768	0.281572292401518
769	0.281562690794109
770	0.281616607182283
771	0.281688135193816
772	0.281777452698655
773	0.281795217930175
774	0.281835536879241
775	0.281901762103949
776	0.281924353551868
777	0.281962941726149
778	0.28201517580857
779	0.282113783653107
780	0.282140995705723
781	0.282155399527954
782	0.282189244849066
783	0.282266614919199
784	0.282313792169418
785	0.282314816327576
786	0.282356303365282
787	0.282335466527723
788	0.282389421009484
789	0.282457462779371
790	0.282470426159722
791	0.282472231344392
792	0.28252972590572
793	0.282575192312121
794	0.28258494425711
795	0.282619572792708
796	0.282659979266222
797	0.28269615245897
798	0.282693360815559
799	0.282700080649701
800	0.282759720880889
801	0.282812623094883
802	0.282801418764024
803	0.282807018144932
804	0.282825484477376
805	0.282827010451317
806	0.282806762922259
807	0.282792976832307
808	0.282794863561845
809	0.282774624285134
810	0.282810258522425
811	0.282757608980743
812	0.282759401632583
813	0.282759594887401
814	0.282765796296493
815	0.282747075483555
816	0.282717287132311
817	0.28269740313665
818	0.282702514892627
819	0.2827148628568
820	0.282707458760456
821	0.282615642180931
822	0.282609492364941
823	0.282615092252326
824	0.282621472722189
825	0.282593615891654
826	0.282493551267568
827	0.282470578563984
828	0.282484760251249
829	0.282467622847145
830	0.282404934289619
831	0.282352760961849
832	0.282365048735378
833	0.282343882349504
834	0.282314791678921
835	0.282279922110851
836	0.282217956402516
837	0.282174700406243
838	0.282088319008348
839	0.281995973764979
840	0.281924377570418
841	0.281918306146044
842	0.281902719234549
843	0.281878448777971
844	0.281768998422933
845	0.281658119405791
846	0.281619555368974
847	0.281582295272913
848	0.281548645586661
849	0.281460145907885
850	0.281315945665478
851	0.281266156069974
852	0.281217587566942
853	0.281189107297867
854	0.281111672824445
855	0.281036879652582
856	0.280935968912476
857	0.280925929750299
858	0.28083775155236
859	0.280726231195645
860	0.28066423673764
861	0.280570910218616
862	0.280513620667605
863	0.280523791599331
864	0.280434839218074
865	0.28028040048956
866	0.280194903605356
867	0.280101949743529
868	0.280059112037526
869	0.280029537657722
870	0.279893870935064
871	0.279806891473886
872	0.279815228356159
873	0.279815019235838
874	0.27974368630797
875	0.279612292798734
876	0.279491191911563
877	0.27938857003539
878	0.279342637017385
879	0.279235331255456
880	0.279128651447669
881	0.27905744567212
882	0.27899936769014
883	0.278977992441016
884	0.278916826181179
885	0.278805397559027
886	0.278716862063037
887	0.278669594701392
888	0.278589082620357
889	0.278592432169641
890	0.278516716474857
891	0.27836388666871
892	0.278264976491393
893	0.278175076755201
894	0.278104063599767
895	0.278021990673152
896	0.277937903370913
897	0.277857424948548
898	0.277874727962513
899	0.277767224192045
900	0.277684766717451
901	0.27766830684276
902	0.277600380174749
903	0.277532566258885
904	0.277470066986497
905	0.277408478344649
906	0.277305216880455
907	0.277228753196611
908	0.277163428176118
909	0.277120879596917
910	0.277045403396215
911	0.276941298457575
912	0.276919294500028
913	0.276895854352914
914	0.276886116657105
915	0.276766979637006
916	0.276743124494335
917	0.276665899669515
918	0.276584847690156
919	0.276598378716177
920	0.276572506176167
921	0.276464057077499
922	0.276408718457596
923	0.276400590512588
924	0.276449033493746
925	0.276409643733889
926	0.276383597579905
927	0.276341161806929
928	0.276196778083488
929	0.276172211489231
930	0.27622501140848
931	0.276174742018049
932	0.276119149423786
933	0.276152529338975
934	0.276109956960092
935	0.276118754606642
936	0.276174072001552
937	0.276184374299319
938	0.275948779348969
939	0.275852050184315
940	0.275961718039256
941	0.275912288987809
942	0.275927266251156
943	0.275822801833708
944	0.275784885588399
945	0.275783461749524
946	0.275849136710731
947	0.275796978148526
948	0.275669064688534
949	0.275710807199897
950	0.275775446517845
951	0.275669049164832
952	0.275653106754349
953	0.275714060483085
954	0.275687316860706
955	0.275712191363829
956	0.275691555776828
957	0.275575695353596
958	0.275706424412847
959	0.275866960883638
960	0.27595139406074
961	0.275909442336957
962	0.275774816403019
963	0.275819949815233
964	0.275736958281486
965	0.275774450594954
966	0.275962939738831
967	0.275920641084001
968	0.275960664317518
969	0.275966550829175
970	0.275974576961991
971	0.276054107837826
972	0.276169366981055
973	0.276248382888855
974	0.276235093352348
975	0.276187015594822
976	0.276369820623222
977	0.27644302146706
978	0.276356388530819
979	0.276322968318916
980	0.276452546862538
981	0.276612940379986
982	0.276643349870718
983	0.2767020837321
984	0.276762742510746
985	0.27672584328879
986	0.276691067860704
987	0.276781486414165
988	0.276918292239047
989	0.277031302593981
990	0.277167448828368
991	0.277081224739911
992	0.277191210894514
993	0.277032899286468
994	0.277174652374839
995	0.27738084235848
996	0.277346153125672
997	0.27753081047131
998	0.277618093772339
999	0.277732612342493
1000	0.27761332019512
1001	0.273552091018013
1002	0.273601635296928
1003	0.273609933729573
1004	0.273540448139898
1005	0.273634496803247
1006	0.273700688555783
1007	0.273640109851577
1008	0.273646603388829
1009	0.27373767038431
1010	0.273731194381626
1011	0.273788664589475
1012	0.273704273647615
1013	0.273677442783465
1014	0.273568720797362
1015	0.273448939840837
1016	0.273424087504985
1017	0.273620485323713
1018	0.273594918909317
1019	0.273764396650978
1020	0.273818691903191
1021	0.273833540171887
1022	0.27374744403587
1023	0.273636985677168
1024	0.273661163917334
1025	0.273679806393157
1026	0.273644968636142
1027	0.273599694361112
1028	0.273642424792189
1029	0.273551018635088
1030	0.273578311550085
1031	0.273488391489589
1032	0.273484710976133
1033	0.273470824607618
1034	0.273442612912999
1035	0.273456812570802
1036	0.27338897881569
1037	0.273448630029992
1038	0.273391502660599
1039	0.273351636423213
1040	0.27330361198409
1041	0.273264732175547
1042	0.273325245443072
1043	0.273378773573523
1044	0.273392598958521
1045	0.2734378729562
1046	0.273477190311706
1047	0.273406344552991
1048	0.273377148378938
1049	0.273380860274881
1050	0.273402939879444
1051	0.273488355449142
1052	0.27344278581554
1053	0.273371460524646
1054	0.273351821359139
1055	0.273399289912963
1056	0.273362861858702
1057	0.273315062507091
1058	0.273328601324147
1059	0.273332053710069
1060	0.273371006217169
1061	0.273367882469065
1062	0.273555590387306
1063	0.273543380488053
1064	0.273520219510453
1065	0.273500191139079
1066	0.273487755883991
1067	0.273498804836579
1068	0.273384345843992
1069	0.273426211331779
1070	0.273427184847532
1071	0.273417170443086
1072	0.273418690994262
1073	0.273438710193131
1074	0.273359612027676
1075	0.273365839749613
1076	0.273375184534139
1077	0.273458378092992
1078	0.273473575956228
1079	0.273462890687506
1080	0.273463265060179
1081	0.27350976382913
1082	0.273523339301137
1083	0.273630129491851
1084	0.273667131704227
1085	0.273625956389863
1086	0.273568779445832
1087	0.273548569007706
1088	0.273580479175588
1089	0.273668245321879
1090	0.273708707229716
1091	0.273762708396643
1092	0.273865034902802
1093	0.273843259401831
1094	0.27385678892649
1095	0.273853992735786
1096	0.273858569551949
1097	0.273855803017961
1098	0.273893437121145
1099	0.273882042916848
1100	0.273831616622002
1101	0.273848535868656
1102	0.273827969212701
1103	0.273839766003982
1104	0.27390914956043
1105	0.273896826905602
1106	0.273904482072455
1107	0.273893266790575
1108	0.27389128824729
1109	0.273989198313004
1110	0.273969910474763
1111	0.273994233202451
1112	0.274018787057753
1113	0.274031614040158
1114	0.2740755781857
1115	0.274107667462736
1116	0.274183590446715
1117	0.274118569416262
1118	0.274110787323436
1119	0.274184902536614
1120	0.274138794795413
1121	0.274187591910014
1122	0.274231092914118
1123	0.274289731454661
1124	0.274350771366989
1125	0.274433567912504
1126	0.274471408904348
1127	0.274480208547303
1128	0.274472857128339
1129	0.274539762446366
1130	0.274601303011801
1131	0.274647701652917
1132	0.274740485499357
1133	0.274714639629213
1134	0.274707740408462
1135	0.274764995795194
1136	0.274759907909718
1137	0.274823674778013
1138	0.274824727573117
1139	0.274849090805315
1140	0.274919092839086
1141	0.274974983273644
1142	0.275120026856244
1143	0.275184186479629
1144	0.275222541199951
1145	0.275312855410098
1146	0.275360020759307
1147	0.27537445984105
1148	0.275381690666026
1149	0.275431289037706
1150	0.275451257401236
1151	0.275574937284025
1152	0.275706136518284
1153	0.275812648977729
1154	0.275903065861678
1155	0.2759813515771
1156	0.27602115680998
1157	0.276051623402031
1158	0.276168452900101
1159	0.276287302617049
1160	0.276374134155177
1161	0.276434700572548
1162	0.276512289538734
1163	0.276629887250188
1164	0.276689058857076
1165	0.276803216289211
1166	0.276864461501298
1167	0.276894043946349
1168	0.276983569490355
1169	0.277055015853101
1170	0.277136602156714
1171	0.277281395293798
1172	0.277374511727263
1173	0.277457617145297
1174	0.277578162797316
1175	0.277690094947953
1176	0.277854605373614
1177	0.277985062801393
1178	0.278075061045277
1179	0.278190630481019
1180	0.278291155193412
1181	0.278392167947813
1182	0.278534347249381
1183	0.278627221017743
1184	0.278717992541952
1185	0.278781605738945
1186	0.27883577562832
1187	0.278970940916119
1188	0.279086180236407
1189	0.279172610863401
1190	0.279268448740992
1191	0.279382087272068
1192	0.279466161565516
1193	0.279525011230853
1194	0.279613148920923
1195	0.279713805200372
1196	0.279805994918922
1197	0.279946355771797
1198	0.280031730885739
1199	0.280117956311245
1200	0.280235369931126
1201	0.280271895655995
1202	0.280356534583327
1203	0.280474418510805
1204	0.28058587114
1205	0.280705170190018
1206	0.280807967048231
1207	0.280878366597816
1208	0.280966660249871
1209	0.281030388652346
1210	0.281145758012626
1211	0.281258330992053
1212	0.281316726563904
1213	0.281412311247922
1214	0.281505550144835
1215	0.281622425474234
1216	0.281756189063377
1217	0.281856160759925
1218	0.281901038270141
1219	0.281994987676312
1220	0.282114853102802
1221	0.282239747408576
1222	0.282383711668361
1223	0.282510876030224
1224	0.28261906717715
1225	0.282740090975218
1226	0.282849352034566
1227	0.282940860973133
1228	0.283071610824137
1229	0.283233072978632
1230	0.283374571115172
1231	0.283484662324881
1232	0.28364774159353
1233	0.283764561739007
1234	0.283900403186762
1235	0.284032270733082
1236	0.284178984878934
1237	0.284312994636779
1238	0.284432516752575
1239	0.284566076961614
1240	0.284707370194977
1241	0.28482459411291
1242	0.284956636406946
1243	0.285067839926088
1244	0.285221406477099
1245	0.285357576693877
1246	0.285512473489304
1247	0.285632454579723
1248	0.285808535822122
1249	0.285977918753824
1250	0.286148611589758
1251	0.286312920169355
1252	0.286430204039127
1253	0.286578509709133
1254	0.286723783462589
1255	0.286856120296333
1256	0.287040874510451
1257	0.28720676567746
1258	0.287342197435473
1259	0.287503347928798
1260	0.287671504203191
1261	0.287855513040825
1262	0.288051990356301
1263	0.288247943840103
1264	0.288371097013827
1265	0.288451466943156
1266	0.288626896136529
1267	0.288809651500584
1268	0.289008489744979
1269	0.289170806891625
1270	0.289376849467738
1271	0.289529833926254
1272	0.289676281830629
1273	0.289857754604085
1274	0.290001360812531
1275	0.290114583846495
1276	0.290283572074119
1277	0.2904790968576
1278	0.290662800414973
1279	0.290825307542894
1280	0.290984193966616
1281	0.291109067337384
1282	0.291294901123833
1283	0.291499967801892
1284	0.291702132716441
1285	0.291914668177002
1286	0.292115025695517
1287	0.292263952676023
1288	0.29240337700678
1289	0.292590986579334
1290	0.292775266263619
1291	0.292960984794497
1292	0.293157957684406
1293	0.293334679327569
1294	0.293541741583729
1295	0.293749303114613
1296	0.293942481982111
1297	0.294125586787756
1298	0.294280775531965
1299	0.294481550016108
1300	0.294678389157748
1301	0.294876264775398
1302	0.295113636691533
1303	0.29529998117353
1304	0.295449195649449
1305	0.295653565504221
1306	0.295818888115595
1307	0.295996791916011
1308	0.296248698911028
1309	0.296493434465868
1310	0.296688777050196
1311	0.296886901945835
1312	0.297079198467447
1313	0.297202731398056
1314	0.297391373327461
1315	0.297561053356986
1316	0.297775408020912
1317	0.29797946046367
1318	0.298170812895294
1319	0.298350502102375
1320	0.298526918930904
1321	0.298671887766667
1322	0.298833382085198
1323	0.299071666079792
1324	0.299234365488414
1325	0.299385158870279
1326	0.299573501552574
1327	0.299751858745256
1328	0.299891401933756
1329	0.300025322766666
1330	0.300197810208217
1331	0.300334934986234
1332	0.300507220925507
1333	0.300735070184667
1334	0.300932104680669
1335	0.301133666590131
1336	0.301316255978977
1337	0.301521731521019
1338	0.301645212434787
1339	0.301803697402611
1340	0.301975868741708
1341	0.302140325880037
1342	0.302341569961299
1343	0.302504403621029
1344	0.302638257905014
1345	0.302793336733151
1346	0.302887629740354
1347	0.303049697556875
1348	0.303173948715905
1349	0.303335033139345
1350	0.30356150542377
1351	0.303752412604094
1352	0.303923351866133
1353	0.304113692252047
1354	0.304250798112316
1355	0.304399923534503
1356	0.30455601285071
1357	0.304717302205727
1358	0.304871058649478
1359	0.30502796820186
1360	0.305173156507739
1361	0.305282623516558
1362	0.305380872455246
1363	0.305440899314481
1364	0.30543541071695
1365	0.305361900718626
1366	0.305267676612792
1367	0.305082592448418
1368	0.304892685003865
1369	0.304654891417973
1370	0.304423116075294
1371	0.304116809098072
1372	0.30387155492315
1373	0.30359698483402
1374	0.303397875852752
1375	0.303190334247652
1376	0.303005365423291
1377	0.302875107273587
1378	0.302753621264841
1379	0.30264549490253
1380	0.302517078437437
1381	0.302405852301157
1382	0.302231355732755
1383	0.3019920637876
1384	0.301752045755599
1385	0.301429905513199
1386	0.301111044339944
1387	0.300746865846061
1388	0.300344431309774
1389	0.299897700347769
1390	0.299443206157628
1391	0.299023082749257
1392	0.298662738875891
1393	0.298421649333305
1394	0.29818812822166
1395	0.298063676262906
1396	0.298018622270468
1397	0.298049010863914
1398	0.298175843039047
1399	0.298334674385999
1400	0.298611749352572
1401	0.298832848263235
1402	0.299085727355687
1403	0.299369080595712
1404	0.299637343822738
1405	0.299888762676906
1406	0.300201457505915
1407	0.300441101717588
1408	0.3006626019857
1409	0.300862053791158
1410	0.301052360404313
1411	0.301277355092132
1412	0.301517759131312
1413	0.301822697553633
1414	0.3020988437794
1415	0.302438225149264
1416	0.30277502279036
1417	0.303149116907529
1418	0.303595673795672
1419	0.304033338972824
1420	0.30445401440258
1421	0.304833195741578
1422	0.30518917216967
1423	0.305607541837081
1424	0.306019631542256
1425	0.306453170190566
1426	0.306915257868634
1427	0.307335806892323
1428	0.307740342485362
1429	0.308158874038212
1430	0.308543319329907
1431	0.308922132848697
1432	0.309267939667983
1433	0.309612959572796
1434	0.309911176315873
1435	0.31019318138464
1436	0.310501284068706
1437	0.310828918297412
1438	0.311118139718332
1439	0.311397984246748
1440	0.311677256681111
1441	0.312010397053045
1442	0.312308837252696
1443	0.312679590067979
1444	0.312997439716714
1445	0.313286868231221
1446	0.31359513343003
1447	0.313850500475153
1448	0.314120020062288
1449	0.314412676444841
1450	0.314692671635099
1451	0.314951152467875
1452	0.315173822656016
1453	0.315327284525549
1454	0.315501430297523
1455	0.315741012639381
1456	0.315973442877915
1457	0.316206315140022
1458	0.316458661000653
1459	0.316690284450681
1460	0.316880176980259
1461	0.317127313765464
1462	0.317367866388931
1463	0.317591953024549
1464	0.317804597167823
1465	0.318056085763484
1466	0.318309362905543
1467	0.318555824871374
1468	0.318804553746843
1469	0.319035625896935
1470	0.319201258718402
1471	0.319403369293215
1472	0.319609337965808
1473	0.319861908375267
1474	0.32013788047373
1475	0.320391873135174
1476	0.320662056608925
1477	0.320928304435799
1478	0.321146154436773
1479	0.321403953732494
1480	0.321577681983349
1481	0.321846481503023
1482	0.32214062372705
1483	0.322410888026062
1484	0.322734955141011
1485	0.323006710950353
1486	0.323248775584384
1487	0.323481287740637
1488	0.323697422562476
1489	0.323951066309039
1490	0.324253532540591
1491	0.324498631057693
1492	0.324736755203884
1493	0.324942153618429
1494	0.325103540667958
1495	0.325289751982794
1496	0.325512939824732
1497	0.325741350185757
1498	0.325912264059155
1499	0.326151949036296
1500	0.326365813942656
1501	0.32658567366787
1502	0.326858342517443
1503	0.327089708533032
1504	0.327294247962306
1505	0.327526328146374
1506	0.327748342310321
1507	0.32795026427722
1508	0.328161072080581
1509	0.328333045559426
1510	0.328444070628881
1511	0.328606487499158
1512	0.32877171248191
1513	0.328934176765285
1514	0.3290905850402
1515	0.329265815235777
1516	0.329396913336761
1517	0.329563302291089
1518	0.329766533313849
1519	0.329949698423593
1520	0.330124622561203
1521	0.330335343708262
1522	0.330524033681137
1523	0.330734286963463
1524	0.330924198981084
1525	0.331132479675527
1526	0.331302118650615
1527	0.331422674005682
1528	0.331560892134311
1529	0.331636319840528
1530	0.331807676704892
1531	0.3320021574018
1532	0.332152744586163
1533	0.332371224384033
1534	0.332511936809304
1535	0.332597838235992
1536	0.332772196756842
1537	0.332941826590381
1538	0.333106231022163
1539	0.33331303568675
1540	0.333489617949761
1541	0.333613427195764
1542	0.333779979075931
1543	0.333947087952794
1544	0.33409250918718
1545	0.334274901715935
1546	0.334432523471131
1547	0.334603560202957
1548	0.334762270246211
1549	0.334959158438426
1550	0.335096432316578
1551	0.335280460604503
1552	0.335463791294841
1553	0.335607482884251
1554	0.335746955456828
1555	0.335930520130933
1556	0.336082486963867
1557	0.336206178322502
1558	0.336347700741031
1559	0.336479870106283
1560	0.336610829348585
1561	0.336718076655904
1562	0.336849888428811
1563	0.337031694707993
1564	0.337198991589666
1565	0.337373628741717
1566	0.337518745315783
1567	0.337623314828212
1568	0.337769320099977
1569	0.337959469645157
1570	0.338141864552749
1571	0.338307990726206
1572	0.33849221731687
1573	0.338645178684827
1574	0.338783765921785
1575	0.338878537487033
1576	0.339006131207173
1577	0.339061735945112
1578	0.339142777630844
1579	0.339245314192047
1580	0.339314948027605
1581	0.33942744925304
1582	0.339568879148665
1583	0.339754443084373
1584	0.339909102839018
1585	0.340030044956945
1586	0.340186512910082
1587	0.340363902179841
1588	0.3405461691843
1589	0.340786653618139
1590	0.340934363902046
1591	0.341061355317578
1592	0.341197831795342
1593	0.341311705059378
1594	0.341376315639185
1595	0.341502893687749
1596	0.341604765411128
1597	0.341712555744627
1598	0.341814320635743
1599	0.341926823060098
1600	0.342028407992409
1601	0.342102577943015
1602	0.342193167338662
1603	0.342349011686249
1604	0.342465873738276
1605	0.342540519074731
1606	0.342671012763099
1607	0.342806179659594
1608	0.342950580097811
1609	0.343108314527913
1610	0.343255060031381
1611	0.343330976319375
1612	0.343441080272513
1613	0.343621799528827
1614	0.343744893701508
1615	0.343835868803796
1616	0.343958711184177
1617	0.344044319924723
1618	0.344129816685037
1619	0.344302049480889
1620	0.344440086529871
1621	0.344614922504989
1622	0.344754185781096
1623	0.344897022468923
1624	0.344998707476898
1625	0.345074219825373
1626	0.34516466245978
1627	0.345250538063313
1628	0.345368775717698
1629	0.345505390121895
1630	0.345636867916216
1631	0.345792739889539
1632	0.345937562284766
1633	0.346055168070923
1634	0.346187450332857
1635	0.34625052389715
1636	0.346371564541143
1637	0.346471126906601
1638	0.346607033745075
1639	0.346732659797877
1640	0.346883669946547
1641	0.34703821647046
1642	0.347151987533647
1643	0.347256739533544
1644	0.347373334084715
1645	0.347486810841575
1646	0.347590441096798
1647	0.347629621348916
1648	0.347691421594369
1649	0.347784287762886
1650	0.347916498992833
1651	0.348079754265244
1652	0.348172058603156
1653	0.348261491224406
1654	0.348354725109642
1655	0.348452844935356
1656	0.348534380217811
1657	0.348656652213097
1658	0.34882703325336
1659	0.349014503838903
1660	0.349218494131195
1661	0.349390560262605
1662	0.349624685895476
1663	0.349785485311367
1664	0.349992329217293
1665	0.350187826874078
1666	0.350410041399235
1667	0.350561531914578
1668	0.350725457988849
1669	0.350966283271258
1670	0.351099379574727
1671	0.351252097195701
1672	0.35138187034079
1673	0.351506613567971
1674	0.351666074919788
1675	0.351905812087888
1676	0.352080006261102
1677	0.352239631963829
1678	0.352417911181897
1679	0.352614354576006
1680	0.352870378717762
1681	0.353171569683798
1682	0.353448829395159
1683	0.353759850142553
1684	0.354027097459607
1685	0.354221235252807
1686	0.354491296528167
1687	0.354725669312797
1688	0.355011854197112
1689	0.355273406280684
1690	0.355500590297653
1691	0.355755446013432
1692	0.355998459028281
1693	0.356214841045465
1694	0.356410833892462
1695	0.356582875734364
1696	0.356794059269642
1697	0.356971508538445
1698	0.357184661038709
1699	0.35737885845352
1700	0.357530314571789
1701	0.35768163833386
1702	0.357800792570253
1703	0.357879656901168
1704	0.357999816773718
1705	0.358093915642269
1706	0.358299487109302
1707	0.358449143809058
1708	0.358639192534698
1709	0.358841018195443
1710	0.359040177900765
1711	0.359166476245832
1712	0.359333644567412
1713	0.359481533889375
1714	0.359664933251044
1715	0.359885018610221
1716	0.359998917303942
1717	0.360107980043585
1718	0.360198844774803
1719	0.360257908947876
1720	0.360331469868423
1721	0.360428613628571
1722	0.360458361431296
1723	0.360472551042572
1724	0.360454702909575
1725	0.360354197948521
1726	0.36027987909092
1727	0.360274259538398
1728	0.360207886719851
1729	0.360127813161227
1730	0.360053157212683
1731	0.359866562735436
1732	0.359746345390372
1733	0.359696751192082
1734	0.359596766267444
1735	0.359477742480977
1736	0.35943703647465
1737	0.359341300210153
1738	0.359360885705996
1739	0.359406237444696
1740	0.359405497468817
1741	0.359386378405974
1742	0.359432612487908
1743	0.359466910198906
1744	0.359497913750464
1745	0.359532528263722
1746	0.359524173284733
1747	0.359548057466571
1748	0.359589527531159
1749	0.359617959280434
1750	0.359666414653744
1751	0.359661349370492
1752	0.359628896807423
1753	0.359589639006368
1754	0.359500659346888
1755	0.359338233082204
1756	0.359304176449275
1757	0.359226110869199
1758	0.35916662878099
1759	0.359186383580717
1760	0.359111962789785
1761	0.359057050536318
1762	0.358977312074676
1763	0.358902241968088
1764	0.358885309165352
1765	0.358819100563638
1766	0.358759437668278
1767	0.35876006812059
1768	0.358841117219681
1769	0.35887576703845
1770	0.358874722768216
1771	0.358799684732467
1772	0.358743824747729
1773	0.358705613005197
1774	0.358739538787313
1775	0.358745665150434
1776	0.358693558101527
1777	0.358707718108895
1778	0.358706024881826
1779	0.358709286989632
1780	0.358717113508752
1781	0.35869742103686
1782	0.358669259381085
1783	0.35865553282303
1784	0.358688528750146
1785	0.358650184246731
1786	0.358616727437969
1787	0.358629764381033
1788	0.358668814246799
1789	0.358647948878564
1790	0.358679476915112
1791	0.358651567210054
1792	0.358718631220356
1793	0.358754520552944
1794	0.358854014194831
1795	0.358890695891785
1796	0.358924716551947
1797	0.358962401168368
1798	0.359136751271614
1799	0.359255004567422
1800	0.359332139752968
1801	0.359400781893133
1802	0.359488365251641
1803	0.359588374810296
1804	0.35972470336816
1805	0.359756446144262
1806	0.359762411969748
1807	0.359716540516082
1808	0.359789157843755
1809	0.359872195577556
1810	0.359880701225638
1811	0.359850219093203
1812	0.359826837497868
1813	0.359793315103134
1814	0.359802639528896
1815	0.359871925006317
1816	0.359844353189627
1817	0.359829743161464
1818	0.35993066648451
1819	0.359968232260412
1820	0.360047269875977
1821	0.359990917876802
1822	0.36001017866166
1823	0.360016620174596
1824	0.360097934610466
1825	0.360222478599296
1826	0.360349486749158
1827	0.360468296362592
1828	0.360550827145707
1829	0.360638308354905
1830	0.360807728452807
1831	0.359637106654538
1832	0.359676900797623
1833	0.359797548279745
1834	0.359741576149283
1835	0.359753157781505
1836	0.359780535965689
1837	0.359862060552164
1838	0.359942700578322
1839	0.359979412880887
1840	0.359995053470552
1841	0.360107859939456
1842	0.360213357569494
1843	0.360174867460461
1844	0.360089189589206
1845	0.359959905497056
1846	0.35963093756037
1847	0.359559141979807
1848	0.359664215091813
1849	0.359832662847314
1850	0.359970736702455
1851	0.360041360670892
1852	0.360086927632998
1853	0.360099644614491
1854	0.360078541818168
1855	0.360103258238157
1856	0.360119730878782
1857	0.360039747075719
1858	0.359936041619637
1859	0.360009747033532
1860	0.360077027308071
1861	0.360042077402546
1862	0.359851568969785
1863	0.359724697714145
1864	0.359494865748812
1865	0.35942834869233
1866	0.35961774037858
1867	0.359548729785588
1868	0.359396490780609
1869	0.359141168564979
1870	0.3587894004109
1871	0.358356429124145
1872	0.357988888537068
1873	0.357731869600552
1874	0.357358983623975
1875	0.356998618933092
1876	0.356535345145721
1877	0.355992562744843
1878	0.355441445774862
1879	0.354923723062082
1880	0.354218123525129
1881	0.353558603194831
1882	0.352927628175123
1883	0.352222077140763
1884	0.35150814924453
1885	0.350701642367711
1886	0.349884639747377
1887	0.348898483525848
1888	0.347939984448197
1889	0.346973483908076
1890	0.345907610950501
1891	0.344879453005309
1892	0.343724186575013
1893	0.342411543724208
1894	0.341176923658031
1895	0.339902627650765
1896	0.338639912034517
1897	0.337377300647906
1898	0.336220623602529
1899	0.335051405011325
1900	0.333866893026396
1901	0.332690043223015
1902	0.331358837703646
1903	0.330266745481431
1904	0.329180754356121
1905	0.328264259046822
1906	0.327547152185346
1907	0.327012984717134
1908	0.326392335773465
1909	0.325818627519662
1910	0.325369830248353
1911	0.324912020773709
1912	0.324613496662679
1913	0.324576748789478
1914	0.324476855188899
1915	0.32449648702435
1916	0.324525179313351
1917	0.324524087031958
1918	0.324663075364032
1919	0.324880117014805
1920	0.325260953432414
1921	0.325526877229714
1922	0.325886516253349
1923	0.326239816654679
1924	0.326564795797105
1925	0.326935411238462
1926	0.327439792090363
1927	0.327837111316067
1928	0.328145777795034
1929	0.328404421144553
1930	0.328700881299227
1931	0.328949986709341
1932	0.329205564020879
1933	0.329471297020373
1934	0.329764583361507
1935	0.330072514345953
1936	0.330413619877128
1937	0.330835253232127
1938	0.331156347566571
1939	0.331447949453582
1940	0.331716500873237
1941	0.331987867887031
1942	0.332173461357906
1943	0.332405574646665
1944	0.332593281900572
1945	0.332824698383636
1946	0.333182203299637
1947	0.333431995478027
1948	0.333668639053254
1949	0.333832824469423
1950	0.333966602932691
1951	0.333943908847951
1952	0.334048715462782
1953	0.33422575509889
1954	0.334378033852518
1955	0.334520249315289
1956	0.334739069147699
1957	0.334995063012812
1958	0.33525192785914
1959	0.335552831585404
1960	0.335792155898767
1961	0.336049240615048
1962	0.336288587413471
1963	0.336526914845085
1964	0.336818967299573
1965	0.337076958688492
1966	0.337237036701004
1967	0.337466934617159
1968	0.337739964691123
1969	0.338008431733944
1970	0.338263324565946
1971	0.338620926710786
1972	0.338928277972811
1973	0.339202282063823
1974	0.339462377190058
1975	0.33965824633542
1976	0.339871045072853
1977	0.340091739333308
1978	0.340285916536581
1979	0.34048931121881
1980	0.340732131212184
1981	0.341013505612164
1982	0.34117104095589
1983	0.34140540493736
1984	0.341706577120522
1985	0.341971051849673
1986	0.342282884195554
1987	0.342606535856348
1988	0.343116900158138
1989	0.343481339363467
1990	0.343937601318487
1991	0.344343226736001
1992	0.344647707693172
1993	0.345054251311722
1994	0.345510143974863
1995	0.346014811411482
1996	0.346433222788013
1997	0.347014586676334
1998	0.347472613078169
1999	0.347810491506899
2000	0.348249590578009
2001	0.348816574393133
2002	0.34926584547705
2003	0.349631061862999
2004	0.350016200927169
2005	0.35049188567694
2006	0.35094938901189
2007	0.35140340334077
2008	0.351958570992952
2009	0.352405393167637
2010	0.352713136661464
2011	0.353074825679731
2012	0.353457147070074
2013	0.353842941060492
2014	0.354299967568791
2015	0.354642079051866
2016	0.355016933001747
2017	0.355379062671752
2018	0.355755879679799
2019	0.356208648417188
2020	0.356551736837085
2021	0.356689337300345
2022	0.357084846210269
2023	0.357561782582015
2024	0.357978437208217
2025	0.358650373751823
2026	0.359159209809494
2027	0.359608496402725
2028	0.359882815724599
2029	0.360285580425993
2030	0.360658247263622
2031	0.361085055814443
2032	0.361521634619628
2033	0.362002054025488
2034	0.362546378516149
2035	0.362979353435315
2036	0.363376040165859
2037	0.363728158061586
2038	0.364011431229044
2039	0.364304165665693
2040	0.364462155548783
2041	0.36487209706517
2042	0.365265489435153
2043	0.365455052170419
2044	0.365795360846853
2045	0.366168669102409
2046	0.366529880238784
2047	0.366935479532673
2048	0.367248273883702
2049	0.36741594444127
2050	0.367691128617185
2051	0.367988504000804
2052	0.368294729260456
2053	0.368737738937235
2054	0.369035963633248
2055	0.36930376670629
2056	0.369528914793125
2057	0.369758468913719
2058	0.369896090735896
2059	0.370073536504585
2060	0.370155792417471
2061	0.370353348775437
2062	0.370598314547768
2063	0.370839217783085
2064	0.37121631723469
2065	0.371399898009506
2066	0.371548243866715
2067	0.371693052357853
2068	0.371799980451469
2069	0.372075614946348
2070	0.372298584571495
2071	0.372517279919079
2072	0.372663663795792
2073	0.37278433356024
2074	0.372943021282726
2075	0.373049180098115
2076	0.373204280848223
2077	0.373459108170526
2078	0.373682153444033
2079	0.373965675872155
2080	0.374209517615262
2081	0.374434116161516
2082	0.37460722973963
2083	0.3747571668013
2084	0.374942062316634
2085	0.375117300075662
2086	0.37531742281161
2087	0.375557404122622
2088	0.37584293133279
2089	0.376023848413222
2090	0.376183304876063
2091	0.376324895626624
2092	0.376371032936901
2093	0.376453132646146
2094	0.376450816462376
2095	0.376417379609418
2096	0.376336870012823
2097	0.376185162224903
2098	0.376282668571902
2099	0.376446840575137
2100	0.376582540483299
2101	0.376792692833946
2102	0.37693353420802
2103	0.376980428852759
2104	0.377061060430252
2105	0.377243529671591
2106	0.377287794684439
2107	0.377359475141798
2108	0.377417373372415
2109	0.3773681310955
2110	0.377459738102262
2111	0.377480872149801
2112	0.377613269322938
2113	0.377901826364716
2114	0.378137018833676
2115	0.378291951128631
2116	0.37855636807562
2117	0.378666611703227
2118	0.378582330645366
2119	0.378705650943314
2120	0.378936522128435
2121	0.379035442105153
2122	0.379143100884751
2123	0.379254638780829
2124	0.379198916696787
2125	0.379042896929463
2126	0.378965625549847
2127	0.378715226428662
2128	0.378337789621718
2129	0.378120681428914
2130	0.377821760291595
2131	0.377564528722335
2132	0.377337842577712
2133	0.377214775644454
2134	0.376961017073526
2135	0.376678968180362
2136	0.376402164397668
2137	0.376052548483457
2138	0.37585259977154
2139	0.375423499640311
2140	0.375096792037266
2141	0.374844653783725
2142	0.374437279396121
2143	0.374213910451379
2144	0.374184454231755
2145	0.374129197759989
2146	0.374020601390808
2147	0.37391027758416
2148	0.373745933758848
2149	0.37353462717745
2150	0.373299913513549
2151	0.373083529462659
2152	0.372843590347639
2153	0.372639376537628
2154	0.372443342998946
2155	0.372233131840731
2156	0.371859627278409
2157	0.371566726117058
2158	0.371332340823102
2159	0.37087179510554
2160	0.37063584896606
2161	0.370459255872217
2162	0.370109479938406
2163	0.369755137372068
2164	0.369303660020528
2165	0.368630064585278
2166	0.368162870140251
2167	0.367793457782911
2168	0.3673634729628
2169	0.367081470354915
2170	0.366737795656497
2171	0.366434669937061
2172	0.365944088798655
2173	0.365373419291165
2174	0.364887845937982
2175	0.364372957377754
2176	0.363962580324393
2177	0.363638780115084
2178	0.363268498251677
2179	0.362898353938399
2180	0.362291097576126
2181	0.361789229992111
2182	0.361347992960413
2183	0.360792309242679
2184	0.36009494864103
2185	0.359660754563819
2186	0.359275431380381
2187	0.358818450048763
2188	0.358410025450966
2189	0.35791556882936
2190	0.357382859788554
2191	0.356874676811156
2192	0.356238536484316
2193	0.355587769012159
2194	0.355013188855708
2195	0.354379688844539
2196	0.354047778146756
2197	0.353715466012342
2198	0.353099202230672
2199	0.352462363946557
2200	0.351812017842542
2201	0.351256286750323
2202	0.350781145531707
2203	0.350524180758636
2204	0.350199499111474
2205	0.349856921190272
2206	0.349629490263474
2207	0.349485868162353
2208	0.349304160375479
2209	0.349175819305858
2210	0.349142061477599
2211	0.349219223878357
2212	0.349217934484135
2213	0.349264835749534
2214	0.349494394340976
2215	0.349661660409575
2216	0.349727429406352
2217	0.350070243838255
2218	0.350307752998384
2219	0.350306424742836
2220	0.350690282737921
2221	0.350935379062941
2222	0.351012308644697
2223	0.351103318197356
2224	0.351149988275258
2225	0.351310134473788
2226	0.35154698174941
2227	0.351779570911037
2228	0.352017779273904
2229	0.352244722653213
2230	0.352354496256299
2231	0.352512973217448
2232	0.352791513621709
2233	0.353219377759509
2234	0.353600137609929
2235	0.353807239561545
2236	0.354108239040546
2237	0.354378871034088
2238	0.354633528816688
2239	0.355183444604685
2240	0.355613088570362
2241	0.355893021480732
2242	0.356459951228471
2243	0.356934379816955
2244	0.357457983572044
2245	0.358126506602298
2246	0.358826105209117
2247	0.359545520389844
2248	0.360182962680363
2249	0.360862588994033
2250	0.361461387477446
2251	0.36193534161494
2252	0.362493356837842
2253	0.362957453569669
2254	0.363539968624232
2255	0.364201865121407
2256	0.364685453700084
2257	0.365410599408624
2258	0.36608528570394
2259	0.36648658642171
2260	0.367055281489617
2261	0.367380484247289
2262	0.367682766390737
2263	0.368199064602771
2264	0.368478682297744
2265	0.368573005449703
2266	0.368753902197327
2267	0.368781394322398
2268	0.368575017157131
2269	0.36842364493162
2270	0.368316129850057
2271	0.368229263588042
2272	0.368169857567903
2273	0.368069158550499
2274	0.36796939696442
2275	0.3677024080281
2276	0.367351547523619
2277	0.3669281872685
2278	0.366394921153873
2279	0.365885154196683
2280	0.365330896200805
2281	0.364650631692323
2282	0.363921229579424
2283	0.36337560282859
2284	0.362758729677333
2285	0.362049009173932
2286	0.3613485076718
2287	0.360635127029575
2288	0.359838823157388
2289	0.359098458849317
2290	0.358614975781503
2291	0.358087322355251
2292	0.357433030782706
2293	0.356793756628071
2294	0.356095678384187
2295	0.355484942186233
2296	0.355047069456114
2297	0.354945972821912
2298	0.354486909388698
2299	0.353831946345629
2300	0.353254681068586
2301	0.352470727000234
2302	0.351934196127805
2303	0.351802726518675
2304	0.351275680902594
2305	0.350562940677165
2306	0.349931750598222
2307	0.34908456253553
2308	0.348276378398163
2309	0.347716788213048
2310	0.346839125573975
2311	0.345858599183911
2312	0.344831907548011
2313	0.343926265065388
2314	0.342960055818724
2315	0.342390506197043
2316	0.341768540727312
2317	0.340629347414207
2318	0.339560769258821
2319	0.338777673485241
2320	0.338197553483501
2321	0.337742420339837
2322	0.337317719119122
2323	0.336843868774877
2324	0.336174935846165
2325	0.335780698510798
2326	0.335627563825959
2327	0.335460830158936
2328	0.335336899678001
2329	0.335148925098458
2330	0.335036790296919
2331	0.335102598385749
2332	0.335366375660332
2333	0.335612880039614
2334	0.336152207888867
2335	0.336584521704269
2336	0.336808000703495
2337	0.337329275279527
2338	0.338044074439625
2339	0.338720374002474
2340	0.339351697241964
2341	0.339997847014762
2342	0.340640598484566
2343	0.341277348342016
2344	0.341996358836754
2345	0.342540932711807
2346	0.343009996853297
2347	0.343453720842029
2348	0.343686535839926
2349	0.343931925395362
2350	0.344297449411388
2351	0.344143524256518
2352	0.344190996136221
2353	0.344331340706323
2354	0.344266403077889
2355	0.344093148829998
2356	0.343888106404098
2357	0.343355842367718
2358	0.342664085060457
2359	0.342360322419236
2360	0.342064137349842
2361	0.34169623165318
2362	0.341596839636645
2363	0.341253877742039
2364	0.340747298428228
2365	0.340237159873214
2366	0.339645580897222
2367	0.338951869062739
2368	0.3381409784578
2369	0.337309639521114
2370	0.336508493152189
2371	0.335434401558788
2372	0.334805766950012
2373	0.3343486282685
2374	0.333756088390243
2375	0.333466352005794
2376	0.332719683272953
2377	0.331422586418511
2378	0.330416567186117
2379	0.329398106964625
2380	0.328519141828922
2381	0.327882293652327
2382	0.327258681756596
2383	0.326663938946819
2384	0.32595235113264
2385	0.325385432312414
2386	0.324708959302451
2387	0.323740171358304
2388	0.323148895818763
2389	0.322537489782926
2390	0.322193757363166
2391	0.322225439358445
2392	0.321954873778453
2393	0.3215006839406
2394	0.321248574149907
2395	0.321087854749117
2396	0.32074999177644
2397	0.320803566867595
2398	0.320681132939554
2399	0.320423038958206
2400	0.320147018316346
2401	0.320265810131176
2402	0.320321684657733
2403	0.320161161221101
2404	0.320155307646098
2405	0.319780839334826
2406	0.319334877311546
2407	0.319306847631231
2408	0.319133105236016
2409	0.319233535131323
2410	0.319406836571508
2411	0.319220186201689
2412	0.31940168827313
2413	0.319596978467189
2414	0.31943443658165
2415	0.319045111874959
2416	0.318343163969441
2417	0.317745843172034
2418	0.317556461105428
2419	0.317749130567578
2420	0.317786322951787
2421	0.317412871945196
2422	0.317013977272469
2423	0.316700796448811
2424	0.316550584384536
2425	0.31644577758283
2426	0.316841952041177
2427	0.316833476367453
2428	0.316751610863125
2429	0.316451268894125
2430	0.315942165584266
2431	0.315632667855677
2432	0.315132555397688
2433	0.315112507348454
2434	0.315522263152241
2435	0.315435440989572
2436	0.315325833440986
2437	0.315408903268437
2438	0.315444676694516
2439	0.315262367114947
2440	0.315265638946316
2441	0.315218027590518
2442	0.315043164422967
2443	0.314954082178162
2444	0.315096980528524
2445	0.315006986663625
2446	0.314584249644926
2447	0.314351843198491
2448	0.314264479303824
2449	0.314289664630132
2450	0.314688393236309
2451	0.314639762523871
2452	0.314977939781635
2453	0.31478101105317
2454	0.313941482477744
2455	0.313554246655703
2456	0.31335032700894
2457	0.312955025016952
2458	0.31260701926132
2459	0.312312676072246
2460	0.311419243779244
2461	0.311224589389977
2462	0.311664550206612
2463	0.31147678573609
2464	0.311468079107875
2465	0.311191713617046
2466	0.310009070210881
2467	0.309296909573077
2468	0.308449120192599
2469	0.307948250949492
2470	0.307538678807149
2471	0.307100802713019
2472	0.306903469113484
2473	0.30636113712197
2474	0.305113671553621
2475	0.30453400204587
2476	0.304099240311163
2477	0.303788157655805
2478	0.304210623546616
2479	0.303881212190307
2480	0.302740678201444
2481	0.302373479919172
2482	0.301823231660933
2483	0.301305587600243
2484	0.301220794573252
2485	0.30099733614239
2486	0.300358360066029
2487	0.300161567976865
2488	0.300411837391233
2489	0.300081559790631
2490	0.299129281333776
2491	0.298763542664317
2492	0.298320219019517
2493	0.297783660475676
2494	0.29770294684796
2495	0.297237883032937
2496	0.29532856876582
2497	0.294823896692792
2498	0.295039245405811
2499	0.29488834343691
2500	0.295378977513344
