350	0.281852436336839
351	0.282064650677789
352	0.271344405739023
353	0.276900013574687
354	0.257727939244455
355	0.254460363814165
356	0.250346992268479
357	0.244540611263284
358	0.25311239660012
359	0.255793929082723
360	0.249003844389375
361	0.242184740291019
362	0.237921859433951
363	0.23708265846158
364	0.231856380126959
365	0.234061653218749
366	0.232461647412531
367	0.232998775942228
368	0.230208385625699
369	0.222334721532368
370	0.21498966972495
371	0.222489958895238
372	0.224728888607326
373	0.224530704778962
374	0.221055596165956
375	0.219513373491499
376	0.222606211954442
377	0.222070185201419
378	0.220956375994296
379	0.214837889911905
380	0.216855941114616
381	0.21804402669098
382	0.21432577286209
383	0.213748872390821
384	0.217861068409668
385	0.216094784913031
386	0.21022607319767
387	0.208691250924686
388	0.208147891919749
389	0.207962984680589
390	0.209385897425729
391	0.207302968197789
392	0.208382914016449
393	0.206850194776477
394	0.204930781754185
395	0.203157987781453
396	0.205254988427069
397	0.205585638261813
398	0.200518912985723
399	0.199027566198563
400	0.200425415714512
401	0.200267023930518
402	0.200565054586104
403	0.198079391335383
404	0.198565405355671
405	0.197073415612793
406	0.196558536716358
407	0.197974099763872
408	0.196645076098862
409	0.194098684674934
410	0.195433720035035
411	0.194753877618504
412	0.192510883840274
413	0.193555524145511
414	0.194540139267923
415	0.192851521284714
416	0.191490964583693
417	0.19018945391432
418	0.189364223777786
419	0.189306742427632
420	0.188814351090842
421	0.187761825208478
422	0.187231849054285
423	0.187195558228886
424	0.186808281092596
425	0.18733265990517
426	0.187571016111732
427	0.186225431231785
428	0.185736729653201
429	0.186554031777478
430	0.186597797498354
431	0.185806489869459
432	0.185855030233538
433	0.186344584132648
434	0.186415868423753
435	0.186677596599464
436	0.186736494831605
437	0.18737422690031
438	0.187419634943655
439	0.187569588658209
440	0.188033767050303
441	0.188283771521265
442	0.188509501781971
443	0.188543678241431
444	0.189459377247733
445	0.189830867854705
446	0.189729560808323
447	0.189589020685112
448	0.190339307038734
449	0.19104110030186
450	0.191397912898183
451	0.191583763481637
452	0.192107196247969
453	0.192057789844063
454	0.191909867413554
455	0.192901332671608
456	0.193435541809374
457	0.193542168763861
458	0.193653819926317
459	0.193997385368268
460	0.194440250573522
461	0.194889632130662
462	0.194667855121188
463	0.194944035514215
464	0.195407952506417
465	0.195806114339041
466	0.196078247391172
467	0.196095786172889
468	0.196649172914571
469	0.197141537480154
470	0.197187165912967
471	0.197480321370903
472	0.197514129085937
473	0.197436328501477
474	0.197640435247757
475	0.198320787165318
476	0.19884983534958
477	0.199262427936911
478	0.199380994256744
479	0.199458472051721
480	0.199696498667344
481	0.199696401748833
482	0.200189970085596
483	0.20053661973792
484	0.200516856001969
485	0.200656834136193
486	0.200960456453718
487	0.201498375110333
488	0.201800501241822
489	0.20223685165207
490	0.202699553730146
491	0.203079383024192
492	0.203312651140904
493	0.203441499202599
494	0.203996326512827
495	0.204634577604423
496	0.204883208476434
497	0.205261894907792
498	0.205572461655984
499	0.206257320815496
500	0.206896727570276
501	0.20749151633552
502	0.207863417793726
503	0.208271422710341
504	0.209172214780038
505	0.209775742373663
506	0.21017696303985
507	0.2108192864848
508	0.211588356612429
509	0.212051063252049
510	0.212844728064326
511	0.213498910425969
512	0.214120466643659
513	0.214728414056036
514	0.215327575994461
515	0.215975002259561
516	0.216834426486086
517	0.217427093159192
518	0.217974139009237
519	0.218464702078157
520	0.219264719883989
521	0.220155684321349
522	0.220823656522062
523	0.221416363023329
524	0.222025890399215
525	0.222696202387529
526	0.223287961859135
527	0.223927546294409
528	0.224625861726591
529	0.225146192787871
530	0.225718686287295
531	0.226375828829722
532	0.22709719978423
533	0.227626582794016
534	0.228186344107462
535	0.228890872399912
536	0.229503673376399
537	0.230110970799242
538	0.230789159268322
539	0.231270969698664
540	0.231839147824905
541	0.232508430845984
542	0.233105336754146
543	0.23361127575733
544	0.234237318089566
545	0.234986257788142
546	0.235570389245988
547	0.236101754735602
548	0.236695732842594
549	0.237280285080148
550	0.2380496616866
551	0.238764566946671
552	0.239342262193232
553	0.239970010169717
554	0.240766120477222
555	0.241365851717338
556	0.24207488330663
557	0.242862569436695
558	0.243577435303292
559	0.244199221632104
560	0.244898661603301
561	0.245654534559193
562	0.246364218722197
563	0.247064553411035
564	0.247770020706007
565	0.248474472168688
566	0.249247259037273
567	0.25003102446052
568	0.250833465336822
569	0.251579440473933
570	0.25233269109661
571	0.253048992557604
572	0.253680666362426
573	0.254443097063229
574	0.255152249022483
575	0.255803647556966
576	0.256481813399351
577	0.257190006199054
578	0.257878745873433
579	0.258535048884133
580	0.259153182726499
581	0.259779279451844
582	0.260392581269097
583	0.26102180207913
584	0.261611216749697
585	0.26231171464154
586	0.262918319014395
587	0.263468728059491
588	0.264071303441339
589	0.26460022614486
590	0.265121266911969
591	0.26561341645708
592	0.266147634285319
593	0.266640899197289
594	0.267103551829828
595	0.267671524993215
596	0.268207576240874
597	0.268654087935054
598	0.26902631703442
599	0.269554440758652
600	0.269956086125945
601	0.270363275393688
602	0.270721263666063
603	0.271102330237865
604	0.27153269674581
605	0.271895133938094
606	0.272218291958209
607	0.272553713310397
608	0.272975637113843
609	0.273302039352042
610	0.273625700585778
611	0.273986072827605
612	0.274288985360698
613	0.274621770881813
614	0.274923685426578
615	0.275161731775184
616	0.275444142344558
617	0.275708337960691
618	0.275981884726697
619	0.276199521340989
620	0.276438511270254
621	0.276652718928905
622	0.276938751640721
623	0.277205441150551
624	0.277445978474853
625	0.277657440522037
626	0.277862613700388
627	0.278062571599368
628	0.278285154108362
629	0.278510941950826
630	0.2788164184015
631	0.278998594825419
632	0.279129233944656
633	0.279331338219762
634	0.279501862945772
635	0.279695353993234
636	0.279865994063603
637	0.280092364026355
638	0.280258169176984
639	0.280423051795976
640	0.28053425844623
641	0.280682360116359
642	0.280883365886618
643	0.28104380933281
644	0.28119953640686
645	0.281376214024106
646	0.281568630028734
647	0.281716165786083
648	0.281887995388503
649	0.282070330471663
650	0.282138647024696
651	0.282235254596834
652	0.282382180331
653	0.282479626550755
654	0.282559545221801
655	0.282724805924019
656	0.282806193839761
657	0.283001607972714
658	0.283155233331001
659	0.283216550342154
660	0.283426509062782
661	0.283528106523642
662	0.283647295596048
663	0.283799964499901
664	0.283943838907871
665	0.284033182557121
666	0.284108356764247
667	0.284231997890231
668	0.284359370817458
669	0.284499631406
670	0.284652970547822
671	0.284776543513431
672	0.284919157408551
673	0.285019561629592
674	0.285144491861362
675	0.285244118840849
676	0.285419616728249
677	0.285552155114164
678	0.285615529397013
679	0.28570927457699
680	0.285840640555007
681	0.285998586797595
682	0.286115550067275
683	0.28618134769613
684	0.286279971909317
685	0.286376945218436
686	0.286504756588123
687	0.286578310486577
688	0.286645823439442
689	0.286702917776045
690	0.286829751394252
691	0.286981247863008
692	0.287056144645672
693	0.287164198698043
694	0.287433033528828
695	0.287871448979718
696	0.288434800956016
697	0.288698688237644
698	0.288549759745835
699	0.288058378557384
700	0.287895037582786
701	0.287901847306772
702	0.288004833944464
703	0.288118506676125
704	0.288185748280663
705	0.288292635990805
706	0.288385577396366
707	0.288528062770842
708	0.288626901937921
709	0.28864202999084
710	0.288704883142639
711	0.288820586736691
712	0.288931689901724
713	0.289011700573959
714	0.289096398181756
715	0.289153108956474
716	0.289211136079236
717	0.2893527563729
718	0.289422588207739
719	0.289461181770381
720	0.289509616205766
721	0.289607864725673
722	0.289637127304285
723	0.289658752609638
724	0.289761121295999
725	0.289839026759397
726	0.289885992313686
727	0.289915296822311
728	0.290019072132189
729	0.290092511544702
730	0.290149504786523
731	0.290211491428301
732	0.290311122617277
733	0.290360728456954
734	0.290390130775572
735	0.290448668509656
736	0.29051957689776
737	0.29057467989631
738	0.290612243195103
739	0.290651515046865
740	0.290729877993625
741	0.290782187653061
742	0.290865223722891
743	0.290935631118647
744	0.290965092707719
745	0.291012602043554
746	0.291073464011278
747	0.291128676048946
748	0.291177232135479
749	0.291226893964506
750	0.29125794033145
751	0.291347115760794
752	0.291420611469247
753	0.2914413600374
754	0.291497321097041
755	0.291584943385844
756	0.291628297046689
757	0.291624250784177
758	0.291676141444336
759	0.291761779711362
760	0.29180145946143
761	0.291890554485637
762	0.291996665518107
763	0.292085231022119
764	0.292127527588334
765	0.292133691379685
766	0.292224147957947
767	0.29232183224127
768	0.292408311276968
769	0.292444120499068
770	0.292482158494043
771	0.292562106534611
772	0.292666071868405
773	0.29266236127264
774	0.292711515961811
775	0.292808508677
776	0.292863464274606
777	0.292902834130845
778	0.292960362607218
779	0.293082517310859
780	0.293119507133453
781	0.293103326890426
782	0.293132055820464
783	0.293227418368108
784	0.293320685074895
785	0.293337563932303
786	0.293336763670197
787	0.293359294597813
788	0.293431035507447
789	0.293460475516542
790	0.293480238490352
791	0.293528254884638
792	0.293587670554376
793	0.293629034088763
794	0.293618322700143
795	0.293658709975243
796	0.293747533236457
797	0.293806035031752
798	0.293774247803836
799	0.293785466855207
800	0.293819070933889
801	0.293880379322201
802	0.293906454123853
803	0.293887013035401
804	0.293896259984917
805	0.293890145569519
806	0.293872135107999
807	0.293834990950262
808	0.293798539955392
809	0.293862117910332
810	0.293936372884488
811	0.2938483762598
812	0.293799546644168
813	0.293799620761112
814	0.293838706039709
815	0.293792659676839
816	0.293743526418406
817	0.293727197692885
818	0.293756525031721
819	0.293738978003649
820	0.293687001989476
821	0.293618866170684
822	0.293617759846622
823	0.293611413059781
824	0.293594585666169
825	0.293524564893594
826	0.293472666204259
827	0.293463019226949
828	0.293473154222537
829	0.293424934549011
830	0.293357872688474
831	0.293281854506869
832	0.293276261228703
833	0.293259613039997
834	0.293196837452955
835	0.293106956417841
836	0.29303057362035
837	0.292998038910921
838	0.292939710354068
839	0.292846279200309
840	0.292789968288805
841	0.292706934639487
842	0.292660309374567
843	0.292650346123454
844	0.292552174828291
845	0.292430277171236
846	0.29240356802903
847	0.292393754258316
848	0.292303630422632
849	0.292185836289981
850	0.29208908154649
851	0.292058274914702
852	0.292005637064312
853	0.291953566293924
854	0.291886944454107
855	0.291770865790406
856	0.291696698449397
857	0.291690933790659
858	0.291639143882989
859	0.291556866209793
860	0.291462396246842
861	0.291358490045312
862	0.291259788427457
863	0.291250838329119
864	0.291159675804006
865	0.291032424263009
866	0.290945526497452
867	0.290839205957285
868	0.29078704040827
869	0.290719349371379
870	0.290604725575394
871	0.290486566850247
872	0.290465822967055
873	0.290404404596963
874	0.290269178511381
875	0.290144031523995
876	0.290029454327253
877	0.289942556023884
878	0.289927012629036
879	0.289869066281506
880	0.289706482090643
881	0.289596910465364
882	0.2894892948913
883	0.289458132717058
884	0.289430558559351
885	0.289387948372947
886	0.289261184096576
887	0.289162748233443
888	0.289097036837829
889	0.289028615247933
890	0.288981764953845
891	0.288922674148993
892	0.288842593237282
893	0.288761285492903
894	0.288683103397591
895	0.288646469668633
896	0.288526506827974
897	0.288425311854901
898	0.28841563775496
899	0.288296862094743
900	0.288319386066001
901	0.288268763270369
902	0.288069753365273
903	0.288036197530967
904	0.287935730698419
905	0.287802303123047
906	0.287744753745685
907	0.287745671986189
908	0.287686353839419
909	0.287671344591463
910	0.287544446571178
911	0.287458731816997
912	0.287421070345159
913	0.287392361190505
914	0.287232916291667
915	0.287122565797766
916	0.287107967181507
917	0.28712049801212
918	0.28710914790342
919	0.287058321933207
920	0.28700186576453
921	0.286917679395799
922	0.286837257280777
923	0.286869672372084
924	0.286911833129971
925	0.286867538416101
926	0.286737724196888
927	0.286731602910804
928	0.286766108989967
929	0.286696019153284
930	0.286666458408564
931	0.286696522175745
932	0.286652085334769
933	0.286724693812675
934	0.286655125781549
935	0.286500833096003
936	0.286502358892019
937	0.286545647787039
938	0.28648804251281
939	0.286504606752141
940	0.286476445923351
941	0.286384340822161
942	0.286401907922958
943	0.286312086967853
944	0.286307550679801
945	0.286397742099817
946	0.286311125493821
947	0.286262579148831
948	0.286294924222448
949	0.286354041563749
950	0.286380763465206
951	0.28623176152826
952	0.286251852165888
953	0.286287693103128
954	0.286342936278587
955	0.286377682126151
956	0.286412153226028
957	0.286374211959887
958	0.286304145178906
959	0.286203105315181
960	0.286232263017062
961	0.286385101208322
962	0.286501429931877
963	0.286489707095183
964	0.286493450215846
965	0.286520152555577
966	0.286499252000665
967	0.286495642184681
968	0.286693819439213
969	0.28667971475093
970	0.286723445572682
971	0.286725813089281
972	0.286719950659439
973	0.286731555269144
974	0.286784333792666
975	0.28681474922028
976	0.286868374929424
977	0.286926588436797
978	0.286906608966863
979	0.287020202336563
980	0.28703258650161
981	0.28696028065419
982	0.286962437013178
983	0.287044379412986
984	0.287187592596692
985	0.287255373204158
986	0.287313478787381
987	0.287278374381717
988	0.287351771526583
989	0.287521967827706
990	0.287727533992514
991	0.287645060203364
992	0.28769178340699
993	0.287686138407908
994	0.287796044476688
995	0.287704297594451
996	0.287669223055662
997	0.287782206724807
998	0.287978415811611
999	0.287869670501791
1000	0.28786758269977
1001	0.285890479018912
1002	0.285950347404063
1003	0.286076975373108
1004	0.286191287359882
1005	0.286205596909451
1006	0.286141885590768
1007	0.286122074762283
1008	0.286134134210408
1009	0.286030229694143
1010	0.285982839070164
1011	0.285964498628178
1012	0.285996931368261
1013	0.286011713412032
1014	0.286060764331381
1015	0.286089821359007
1016	0.286103794883416
1017	0.286191893023004
1018	0.286205111804033
1019	0.286136632422221
1020	0.286118340744098
1021	0.286005921013321
1022	0.285957314063625
1023	0.286116329277927
1024	0.286175770486631
1025	0.286159999395398
1026	0.286157332632185
1027	0.286102764024212
1028	0.286070268175221
1029	0.286008152031369
1030	0.285988388694027
1031	0.286031161976607
1032	0.285952860939248
1033	0.285966049216036
1034	0.286098681631345
1035	0.286139792231077
1036	0.286211536648227
1037	0.286294246750812
1038	0.286338568469253
1039	0.286221949311878
1040	0.286057308674409
1041	0.285943716590593
1042	0.285955020812602
1043	0.285947548534611
1044	0.285987387962996
1045	0.286072883100609
1046	0.286138770683475
1047	0.286103862419944
1048	0.286007860430925
1049	0.28590587781728
1050	0.285958054445818
1051	0.286020827934054
1052	0.286006177384528
1053	0.28607475666932
1054	0.286086077098524
1055	0.286098514292523
1056	0.285938985400621
1057	0.285905703848922
1058	0.28591061747475
1059	0.286022946557051
1060	0.28608136206973
1061	0.286104788858989
1062	0.286151955530297
1063	0.286162178614239
1064	0.286026436897278
1065	0.28593832410268
1066	0.285967756850692
1067	0.285905246823311
1068	0.28603967870676
1069	0.286001458133378
1070	0.286074052970764
1071	0.285947056047487
1072	0.285846497897527
1073	0.285842781800441
1074	0.285906758793087
1075	0.285908692485706
1076	0.285895663561144
1077	0.28591704746628
1078	0.285904060243517
1079	0.285985159627726
1080	0.285949571517068
1081	0.285969578420744
1082	0.285945563253157
1083	0.285860086762639
1084	0.285905955663831
1085	0.285972506288897
1086	0.285992542426083
1087	0.285971047183994
1088	0.286038763662401
1089	0.28608563305957
1090	0.286098711128365
1091	0.28617699535743
1092	0.286175706738324
1093	0.28619163953979
1094	0.286206322160181
1095	0.286241159731942
1096	0.286234387355569
1097	0.286268463057851
1098	0.286235483729957
1099	0.286278734479424
1100	0.28629179905215
1101	0.28637989113729
1102	0.286401899240994
1103	0.286387470727426
1104	0.286423165389445
1105	0.286399541385146
1106	0.286431803704521
1107	0.286544557067187
1108	0.286574049036845
1109	0.286616896745145
1110	0.286637106704899
1111	0.286702261936502
1112	0.286704434507543
1113	0.286672751896503
1114	0.286592944432874
1115	0.286551797069849
1116	0.286598218722001
1117	0.286644112592537
1118	0.286767524476305
1119	0.286881383742072
1120	0.286914710769672
1121	0.286880755244991
1122	0.286936502333263
1123	0.28693102378497
1124	0.286996028575488
1125	0.287077320488667
1126	0.287076322978809
1127	0.287114460660434
1128	0.287227440647994
1129	0.287261162172657
1130	0.287253088168068
1131	0.287253214696467
1132	0.287324928239137
1133	0.287393976961408
1134	0.287421556512473
1135	0.287562566710871
1136	0.287573355195704
1137	0.287545462742495
1138	0.287599686378596
1139	0.287610881600986
1140	0.287602431260674
1141	0.287656240474326
1142	0.287778403592196
1143	0.287806564885525
1144	0.287860072593969
1145	0.287943619859409
1146	0.287979711607862
1147	0.288000925960124
1148	0.288029260465825
1149	0.288180187472978
1150	0.288274033886756
1151	0.288313478569818
1152	0.288434236436673
1153	0.288482813853885
1154	0.288510693690203
1155	0.288583990458123
1156	0.288620724939318
1157	0.288634666068564
1158	0.288718206804029
1159	0.288843118512588
1160	0.288943892294942
1161	0.289004337392471
1162	0.289097269038503
1163	0.289235612332763
1164	0.289341568962915
1165	0.289413237052378
1166	0.289524928062137
1167	0.28959716176525
1168	0.289700302299825
1169	0.289832837603673
1170	0.289911432122247
1171	0.289977202014081
1172	0.290020444655105
1173	0.290104949092986
1174	0.290253198025765
1175	0.290358863343331
1176	0.290530575722579
1177	0.290659433646537
1178	0.290693138788902
1179	0.290770042260549
1180	0.290847151257885
1181	0.290953018179313
1182	0.29106962771129
1183	0.291213351649721
1184	0.29131859850839
1185	0.291427621462761
1186	0.291507362460623
1187	0.291645698623303
1188	0.291741313565653
1189	0.291868323492834
1190	0.292014345261531
1191	0.292094383842245
1192	0.292194707505222
1193	0.292302242386214
1194	0.292369451052752
1195	0.292449292765315
1196	0.29252266450697
1197	0.292677115435948
1198	0.292783987640858
1199	0.292876264600856
1200	0.292977890205412
1201	0.29308766530831
1202	0.293238654347597
1203	0.293343800211616
1204	0.293413188065235
1205	0.293493505513693
1206	0.293572047457515
1207	0.293747578648352
1208	0.293880386135164
1209	0.294011409977138
1210	0.294128764912564
1211	0.294232387815291
1212	0.294287226863066
1213	0.29441312376602
1214	0.29456960282126
1215	0.294679490030546
1216	0.294788175214626
1217	0.29488217730425
1218	0.294982452034692
1219	0.295071910409371
1220	0.295219305288704
1221	0.295330894824955
1222	0.295456332043515
1223	0.295536362288649
1224	0.295648345571603
1225	0.295774426807472
1226	0.295843619532013
1227	0.295929320765651
1228	0.29605908157723
1229	0.296157884404892
1230	0.296298890491011
1231	0.296463324282741
1232	0.296588826034336
1233	0.29671888940894
1234	0.296855717385222
1235	0.296923635115137
1236	0.297071822234495
1237	0.297225704060419
1238	0.297347193954846
1239	0.297510941806527
1240	0.297617083929441
1241	0.297807739136236
1242	0.29791871437948
1243	0.298037820479387
1244	0.298171132560653
1245	0.298311751988459
1246	0.298440176148265
1247	0.298565589855489
1248	0.298741905026945
1249	0.298878984518392
1250	0.298982846737909
1251	0.299154524827132
1252	0.299344841805637
1253	0.299501562492514
1254	0.299636641169221
1255	0.299816778693551
1256	0.300014630193719
1257	0.300153048627744
1258	0.300301775325827
1259	0.300475405889345
1260	0.30064234387584
1261	0.30083987074597
1262	0.301025729813411
1263	0.301235735929048
1264	0.301362127859205
1265	0.301479241010375
1266	0.301671360092686
1267	0.301814530455966
1268	0.301992161628104
1269	0.302247461504587
1270	0.302434373823828
1271	0.302551584391371
1272	0.302681307417521
1273	0.302832570072832
1274	0.303003724878725
1275	0.30322314214986
1276	0.303385249474038
1277	0.3035341693734
1278	0.303714969206811
1279	0.303890510994347
1280	0.304050682477904
1281	0.304213082365857
1282	0.304364835072239
1283	0.304532309854389
1284	0.304744660286475
1285	0.304903366117367
1286	0.30515630720631
1287	0.305316650061875
1288	0.305532701631185
1289	0.305692416987438
1290	0.305831901494233
1291	0.306032560996014
1292	0.306246498002838
1293	0.30643788384695
1294	0.306724803408814
1295	0.306900608878718
1296	0.30697518297675
1297	0.307163457456091
1298	0.307304641589742
1299	0.3075055383446
1300	0.307752964424875
1301	0.307986546315239
1302	0.308192222779141
1303	0.308404190530677
1304	0.308607099350851
1305	0.308782750064115
1306	0.30901593209243
1307	0.309197873159133
1308	0.309398701454318
1309	0.309556604882469
1310	0.309739408345703
1311	0.309884294792159
1312	0.310098037350216
1313	0.310351747019125
1314	0.310551805161742
1315	0.31070777671973
1316	0.31092329956682
1317	0.311097215089974
1318	0.311281413734429
1319	0.311586613594275
1320	0.311749323066054
1321	0.311876245367759
1322	0.312060167452818
1323	0.31220325149392
1324	0.312422953613896
1325	0.312657320181811
1326	0.312854221424419
1327	0.31300119410398
1328	0.313186175866031
1329	0.313337367094919
1330	0.313510517204768
1331	0.313712228049437
1332	0.313877888494093
1333	0.314031857655712
1334	0.314175957878955
1335	0.314349792854441
1336	0.31452354795848
1337	0.314677291916539
1338	0.314894878473899
1339	0.315074094130458
1340	0.315227344383653
1341	0.3154077834898
1342	0.315607824921665
1343	0.315784839047866
1344	0.315928208063967
1345	0.316098539161243
1346	0.316271563518957
1347	0.316448504953757
1348	0.316572952530905
1349	0.316782377180998
1350	0.316955464055513
1351	0.317124677415857
1352	0.317348367268247
1353	0.317520307825
1354	0.317659869411768
1355	0.317826104935024
1356	0.317990810306037
1357	0.318166591376598
1358	0.318377391998967
1359	0.318541469537511
1360	0.31871358305634
1361	0.318817829821913
1362	0.318883989088625
1363	0.318864279261341
1364	0.318838210291989
1365	0.318818403527746
1366	0.318669581152303
1367	0.318501892654407
1368	0.318260826640255
1369	0.317936729992587
1370	0.317662574565097
1371	0.317369883240407
1372	0.317091301193226
1373	0.316761415295626
1374	0.316538038969008
1375	0.316326368734017
1376	0.316155676202829
1377	0.316081930749426
1378	0.315982266414534
1379	0.315947708455721
1380	0.315844283574465
1381	0.31577101791259
1382	0.315620435213659
1383	0.315389910165367
1384	0.315143852829395
1385	0.314784698518023
1386	0.314432310210276
1387	0.314043100674727
1388	0.313621206607251
1389	0.313177284923505
1390	0.312744241664851
1391	0.312298857034012
1392	0.311893403492518
1393	0.3115766902278
1394	0.311373156278211
1395	0.311263041776562
1396	0.311254216532396
1397	0.311301899392266
1398	0.311467935205375
1399	0.31164589004651
1400	0.311928280071012
1401	0.312141379440582
1402	0.312391396339715
1403	0.312639708964425
1404	0.312889173896878
1405	0.313106741430164
1406	0.313359143891464
1407	0.313594282287263
1408	0.31378314430769
1409	0.314007374231322
1410	0.314206364259976
1411	0.314428734086651
1412	0.314677595043105
1413	0.314953655410113
1414	0.315212957241548
1415	0.31555346003967
1416	0.315962138491887
1417	0.31633886477902
1418	0.316812842594608
1419	0.317226124169986
1420	0.317663997920063
1421	0.318037319969869
1422	0.318397049008321
1423	0.318830760747263
1424	0.31925631416722
1425	0.319706136057823
1426	0.320167411992242
1427	0.320584937771268
1428	0.320900639925068
1429	0.321249118619923
1430	0.321613881216538
1431	0.321940901288998
1432	0.322325177125495
1433	0.322751387849086
1434	0.323117389599541
1435	0.323469513043989
1436	0.323788334387012
1437	0.324096514563982
1438	0.324425730072601
1439	0.324731185102403
1440	0.325051345353356
1441	0.325395601782779
1442	0.325677859960005
1443	0.325923509322391
1444	0.326225778026264
1445	0.326491615635006
1446	0.326784996008343
1447	0.327092065804374
1448	0.327405816741802
1449	0.32767879367387
1450	0.32797430370266
1451	0.328183207974771
1452	0.328421389436473
1453	0.328686685616562
1454	0.328965045203827
1455	0.329193963758286
1456	0.32944382580847
1457	0.329644381282318
1458	0.329885451253773
1459	0.330156983952767
1460	0.330422333787212
1461	0.33072585795416
1462	0.330991284626096
1463	0.331243113568291
1464	0.331512651508835
1465	0.331768330332984
1466	0.33199994961615
1467	0.332239777969779
1468	0.332448896061372
1469	0.332667579370581
1470	0.332828601728546
1471	0.333048321281362
1472	0.333281909709991
1473	0.333522887704601
1474	0.33377835872968
1475	0.334020683045662
1476	0.334268443875049
1477	0.334552416616786
1478	0.334838787115292
1479	0.335114052896133
1480	0.33538538383962
1481	0.335672261920989
1482	0.33597031010075
1483	0.336228199355885
1484	0.336473942211204
1485	0.336733171116858
1486	0.33693871672336
1487	0.337158185447656
1488	0.337392002565986
1489	0.337664188320641
1490	0.33794576122816
1491	0.338209027618233
1492	0.338503864818146
1493	0.338758090819242
1494	0.338971559152034
1495	0.339205988282352
1496	0.339412813330467
1497	0.339627850417254
1498	0.339874914866706
1499	0.340101706746319
1500	0.340306421195439
1501	0.340513760441792
1502	0.340703341809531
1503	0.340922458390459
1504	0.341126878236658
1505	0.341347960326906
1506	0.341572989075488
1507	0.3418269275179
1508	0.342044571848338
1509	0.342267478065576
1510	0.342499873855798
1511	0.342713154813092
1512	0.342900094371093
1513	0.343128934338209
1514	0.343315359637266
1515	0.343495454457133
1516	0.343693794164735
1517	0.343856376652555
1518	0.344011671958074
1519	0.344174183836687
1520	0.34437538396367
1521	0.344578019822585
1522	0.344756516595134
1523	0.344986167555631
1524	0.345198192173831
1525	0.345399509981837
1526	0.345590427481539
1527	0.345829761059253
1528	0.345988121098449
1529	0.346126590707714
1530	0.346287074959035
1531	0.34641409128315
1532	0.346554125851361
1533	0.34673177691476
1534	0.346894161273348
1535	0.347024911744438
1536	0.347188203884007
1537	0.347397777029476
1538	0.34758508311055
1539	0.347812658447562
1540	0.347979653204673
1541	0.348180467427444
1542	0.348337027012086
1543	0.34850277492559
1544	0.348638638802836
1545	0.348798566307122
1546	0.348947031971105
1547	0.349086985865278
1548	0.349236441122032
1549	0.34938304765048
1550	0.349543627117418
1551	0.349747838578762
1552	0.349887568385016
1553	0.350040315099967
1554	0.350170844392487
1555	0.350281387873394
1556	0.350424724673912
1557	0.350639100095958
1558	0.350805745221004
1559	0.351002635160834
1560	0.351158462257972
1561	0.35131899063509
1562	0.351475888703712
1563	0.351613040729285
1564	0.351770995056279
1565	0.351956933681816
1566	0.35209166974724
1567	0.352238403072298
1568	0.352374046985719
1569	0.35250563744144
1570	0.352644204568232
1571	0.352768641315062
1572	0.352945205834957
1573	0.353198836139882
1574	0.353399600063183
1575	0.353563463220685
1576	0.353753190011274
1577	0.353876206616502
1578	0.354054673683585
1579	0.354243262114384
1580	0.354374993588875
1581	0.354514895745473
1582	0.354647578263002
1583	0.354718359397645
1584	0.354793076682526
1585	0.354879515275068
1586	0.354993001807142
1587	0.355097739280665
1588	0.35520166956784
1589	0.35536296868001
1590	0.355504034026908
1591	0.355654852909866
1592	0.355820475445851
1593	0.355961204531141
1594	0.356091649936118
1595	0.356258410576122
1596	0.356389992854
1597	0.356509060991399
1598	0.356639102614532
1599	0.356731254574817
1600	0.35682271267889
1601	0.356931018159041
1602	0.357012584654911
1603	0.357137641231662
1604	0.357246468332949
1605	0.35738151207208
1606	0.357504595730242
1607	0.357591411310663
1608	0.357728812944176
1609	0.357923925597995
1610	0.358103001892386
1611	0.358268257651088
1612	0.358448900567248
1613	0.358571955318802
1614	0.358688870100511
1615	0.35878557415239
1616	0.358862391505355
1617	0.358890149201901
1618	0.358967489029532
1619	0.359068605423102
1620	0.359122005797477
1621	0.35923582236282
1622	0.359366964478965
1623	0.359487595332225
1624	0.359619807507894
1625	0.359785239154456
1626	0.359907739954176
1627	0.360103919428999
1628	0.360255835453155
1629	0.360400388502624
1630	0.360564619689827
1631	0.360681195207881
1632	0.360818288208999
1633	0.360910140435955
1634	0.360994406965418
1635	0.361032793481603
1636	0.361146398764254
1637	0.361264037369466
1638	0.361393089833537
1639	0.36149753483521
1640	0.361561945284066
1641	0.361609304207704
1642	0.361677695135559
1643	0.361892535671339
1644	0.362046495562625
1645	0.362218546509589
1646	0.362400112522826
1647	0.362507688526987
1648	0.362646334813766
1649	0.362849268944679
1650	0.363060398082984
1651	0.363298041982372
1652	0.363428721928256
1653	0.363572438998883
1654	0.363662929313815
1655	0.363749013271137
1656	0.363870789782926
1657	0.363915417994939
1658	0.364046024993414
1659	0.364170584340014
1660	0.36429519204357
1661	0.364446254656932
1662	0.364642067439427
1663	0.364805179009384
1664	0.365014863603791
1665	0.365227051763444
1666	0.365450889182399
1667	0.365636223239396
1668	0.365885861682286
1669	0.366186732805031
1670	0.366403100970252
1671	0.366617927369927
1672	0.366827715334693
1673	0.366976365305147
1674	0.367127914625083
1675	0.367276768022853
1676	0.367441426290008
1677	0.367589792269526
1678	0.367804823387026
1679	0.368053233586762
1680	0.368258670326576
1681	0.368465772522921
1682	0.368739343922416
1683	0.369007908538671
1684	0.369272695569615
1685	0.369568021485113
1686	0.369881185028316
1687	0.370077361264437
1688	0.370359952704191
1689	0.370620108379193
1690	0.370842962936463
1691	0.37111334739682
1692	0.371350623582766
1693	0.371503847651742
1694	0.371691770828513
1695	0.371837865660212
1696	0.37199294475614
1697	0.372160625409272
1698	0.372317241175422
1699	0.372424115144701
1700	0.372611591695184
1701	0.372808041387722
1702	0.372962153020223
1703	0.373164941404609
1704	0.373320587693672
1705	0.373509497812706
1706	0.373717633792844
1707	0.373961173135201
1708	0.374167206103081
1709	0.374299978924197
1710	0.374495137849807
1711	0.374672065207121
1712	0.374812099029803
1713	0.374987656469618
1714	0.375070508125078
1715	0.375032088227699
1716	0.375076698913091
1717	0.375139308129709
1718	0.375200222049653
1719	0.375269443210223
1720	0.375281858531945
1721	0.375330202595005
1722	0.375430754820566
1723	0.375514789158496
1724	0.375607028014943
1725	0.375607597043083
1726	0.375626121657877
1727	0.375612434665153
1728	0.375630328453717
1729	0.375590180389695
1730	0.375563555582198
1731	0.375508720183345
1732	0.375510223081833
1733	0.37544644753827
1734	0.37535210034646
1735	0.375195429394415
1736	0.374991708490506
1737	0.374894367910187
1738	0.374863710220138
1739	0.374761562341268
1740	0.374715919509957
1741	0.374604437888822
1742	0.374511678829162
1743	0.374542261604895
1744	0.374625103214772
1745	0.374666956796526
1746	0.37463617828806
1747	0.374690141070022
1748	0.374669687255357
1749	0.374744571540753
1750	0.374828653559932
1751	0.374861315124505
1752	0.374878720381859
1753	0.374878410633686
1754	0.374809427076734
1755	0.374720801217988
1756	0.374574888525394
1757	0.374484409136965
1758	0.374401090602332
1759	0.374323757134353
1760	0.374225545254644
1761	0.374127810036326
1762	0.374001639404234
1763	0.373960016966867
1764	0.373964490587328
1765	0.373839549707116
1766	0.373783160580875
1767	0.37373529915315
1768	0.373702973884782
1769	0.373699268235723
1770	0.373704421224417
1771	0.373675008374566
1772	0.373668435596925
1773	0.373697074155294
1774	0.373702822822928
1775	0.373721382052168
1776	0.373662780911396
1777	0.373560396997231
1778	0.373524539737387
1779	0.373471032416216
1780	0.373437030001146
1781	0.373434289132531
1782	0.373365622939264
1783	0.373335891401211
1784	0.373343557701882
1785	0.373317513095971
1786	0.373244954886889
1787	0.373340385911202
1788	0.373377915835042
1789	0.373468970258494
1790	0.373547298070991
1791	0.373641893503902
1792	0.373797739380638
1793	0.373890521383891
1794	0.37400575886308
1795	0.374100049495141
1796	0.374100553437316
1797	0.374142730820506
1798	0.37422729417134
1799	0.374186699078031
1800	0.374229743511604
1801	0.374268166803547
1802	0.374270276269388
1803	0.374222736602294
1804	0.374218912452954
1805	0.374217901034195
1806	0.374234417758255
1807	0.374270949128134
1808	0.374335973419663
1809	0.374421020548405
1810	0.374470187864175
1811	0.374586829464536
1812	0.374733922147422
1813	0.374866331784442
1814	0.375013244851313
1815	0.375166933618564
1816	0.375232280828706
1817	0.37538073475295
1818	0.375436257303796
1819	0.37552289583016
1820	0.375525187585525
1821	0.375451947415256
1822	0.375506759739242
1823	0.375448360012956
1824	0.375504180744311
1825	0.375507377239576
1826	0.37554712353664
1827	0.375424066255633
1828	0.375427996114204
1829	0.375346750714637
1830	0.375378178878447
1831	0.374367662961536
1832	0.374483607705369
1833	0.374413800193885
1834	0.374490461013909
1835	0.374667482575534
1836	0.3748122614237
1837	0.374976948485925
1838	0.375136724229084
1839	0.375322290845953
1840	0.375369835696816
1841	0.375459721659765
1842	0.375662251370019
1843	0.375667192017661
1844	0.375617274440526
1845	0.375627398771577
1846	0.37565441709415
1847	0.375585192060083
1848	0.375521520012687
1849	0.37557594215632
1850	0.375391732035165
1851	0.375077342289624
1852	0.374994653445601
1853	0.375005169741215
1854	0.3749686214534
1855	0.375018098232082
1856	0.375022078181915
1857	0.375051580198583
1858	0.374996913447554
1859	0.375033808264159
1860	0.375053443535244
1861	0.375152782601581
1862	0.37515703870963
1863	0.375101179849207
1864	0.37509577947978
1865	0.37497680272967
1866	0.37477659730377
1867	0.374559557529064
1868	0.374386449005245
1869	0.374097023455414
1870	0.373648387120557
1871	0.373174016809397
1872	0.372736687987436
1873	0.372179298814006
1874	0.371670366917316
1875	0.371325583192505
1876	0.370818904763469
1877	0.370229786651101
1878	0.369614609012234
1879	0.369002175133894
1880	0.368395519557737
1881	0.367709602269482
1882	0.367055651298556
1883	0.366331605793697
1884	0.3655938307953
1885	0.364774485235781
1886	0.363908138987816
1887	0.36305155087617
1888	0.362220428026467
1889	0.361252258810665
1890	0.360150880319713
1891	0.359091772104327
1892	0.357779883049544
1893	0.356108205353651
1894	0.354595397580012
1895	0.352975415907235
1896	0.351435020212501
1897	0.349891450828808
1898	0.348438816030503
1899	0.346991523924122
1900	0.345585454630357
1901	0.344249292195289
1902	0.342920457117914
1903	0.341757357158726
1904	0.340656983656322
1905	0.33966730729153
1906	0.338883977721821
1907	0.338235280344317
1908	0.337570589760148
1909	0.33700035845056
1910	0.336538208114866
1911	0.336117599724254
1912	0.335896088382716
1913	0.335879218751217
1914	0.335886479285966
1915	0.336076168898927
1916	0.336182184056372
1917	0.336260184241704
1918	0.336388248176964
1919	0.336591764713358
1920	0.33678183645722
1921	0.336974141220395
1922	0.337300943434765
1923	0.337521120554973
1924	0.33767212865662
1925	0.337911038745876
1926	0.338076800376552
1927	0.338402818055338
1928	0.338728054223461
1929	0.339212393375697
1930	0.339585963708795
1931	0.339903766521541
1932	0.34032609789933
1933	0.340708449893662
1934	0.341169427043446
1935	0.341820344975285
1936	0.34232829376494
1937	0.342776507674888
1938	0.343175285475629
1939	0.343602428800904
1940	0.344059610955435
1941	0.344408523029272
1942	0.344718845135046
1943	0.344970069939354
1944	0.345015452276172
1945	0.345237190835971
1946	0.345581604643381
1947	0.34573497080422
1948	0.345848655638168
1949	0.345956119013143
1950	0.345994954577613
1951	0.345745545045589
1952	0.345813179954059
1953	0.345977096938599
1954	0.346178953898821
1955	0.346581676377925
1956	0.346822562010899
1957	0.346880940703397
1958	0.347076517929291
1959	0.347322884815829
1960	0.347607772155034
1961	0.347921020302119
1962	0.348431259737204
1963	0.348812880083579
1964	0.34920082155129
1965	0.349575334619629
1966	0.349955691390844
1967	0.350303310762964
1968	0.35062275189885
1969	0.350866278018411
1970	0.35102755299951
1971	0.35124484432018
1972	0.3514128855385
1973	0.351583243082728
1974	0.351732898233974
1975	0.351935440242608
1976	0.352124122746447
1977	0.352269188540484
1978	0.352468261878973
1979	0.352756910302314
1980	0.35300537211128
1981	0.35320722201509
1982	0.3535072053122
1983	0.353863112974123
1984	0.354336163962793
1985	0.354694752004968
1986	0.355090219403523
1987	0.355480460464647
1988	0.355864532598845
1989	0.356326010888928
1990	0.356890374796035
1991	0.357423847452471
1992	0.357980751896932
1993	0.358595911012048
1994	0.359063996050939
1995	0.359534516827552
1996	0.36002292094462
1997	0.360472657361263
1998	0.360912522479253
1999	0.36151087046555
2000	0.361901988200848
2001	0.362138326900788
2002	0.362450805858577
2003	0.362812140525514
2004	0.363147584043882
2005	0.363486392909688
2006	0.363886259967239
2007	0.364262509607701
2008	0.364560967182187
2009	0.364930378806095
2010	0.365321461948365
2011	0.365753902176429
2012	0.366261291028449
2013	0.36677905920754
2014	0.36742676182744
2015	0.368013008166519
2016	0.3684438175318
2017	0.368949330219318
2018	0.369511538662602
2019	0.370008900580975
2020	0.37051628968386
2021	0.37105911357264
2022	0.371620808072786
2023	0.372235743270214
2024	0.372759132819795
2025	0.37330441373088
2026	0.373800414813276
2027	0.374220928212529
2028	0.374481103380412
2029	0.374814934828306
2030	0.375148957208507
2031	0.375468892464389
2032	0.375739410119517
2033	0.376053032638578
2034	0.376488266696826
2035	0.376844902084324
2036	0.377105886804618
2037	0.377380463737532
2038	0.377592009814096
2039	0.377897929498831
2040	0.378186406193262
2041	0.378552778479439
2042	0.379103526308286
2043	0.379624929299989
2044	0.380041805282825
2045	0.380424788508741
2046	0.380740113111065
2047	0.380904866437548
2048	0.381233068095502
2049	0.381690566327985
2050	0.382105232034907
2051	0.382655817461049
2052	0.383030771432144
2053	0.383389979804459
2054	0.383660142888494
2055	0.383926714963587
2056	0.38428231483472
2057	0.384468180115204
2058	0.384546716543436
2059	0.38473732648729
2060	0.384815878769861
2061	0.384995135894841
2062	0.38529508277691
2063	0.385455954111677
2064	0.385497198226579
2065	0.385501829854499
2066	0.385597395405214
2067	0.385751415911479
2068	0.385989871371395
2069	0.38629426416551
2070	0.38659515477164
2071	0.386786978757486
2072	0.386917209717546
2073	0.38689966727051
2074	0.387073887099217
2075	0.387181582966812
2076	0.387417521181934
2077	0.38777640091945
2078	0.388145293361956
2079	0.388496864470797
2080	0.388978640743528
2081	0.389439286982026
2082	0.389845195941257
2083	0.390090175756641
2084	0.390300787206315
2085	0.390429901275575
2086	0.390421955592532
2087	0.390455667691234
2088	0.390464277027055
2089	0.390467619084183
2090	0.390521651119997
2091	0.390550110560159
2092	0.390522040824774
2093	0.390537831583344
2094	0.390602621454239
2095	0.390523652968634
2096	0.390468384393621
2097	0.390484994030911
2098	0.390391233644879
2099	0.390407961666966
2100	0.390530708947501
2101	0.390791568658454
2102	0.391018360503438
2103	0.391410701003789
2104	0.391677482863437
2105	0.391902841058933
2106	0.392132720746032
2107	0.392446972838217
2108	0.392562789468179
2109	0.392824221667023
2110	0.393087232900217
2111	0.393182187561262
2112	0.393492820909305
2113	0.393734679407054
2114	0.39375129156407
2115	0.393833525653264
2116	0.394045023675423
2117	0.394048234455799
2118	0.393943268961712
2119	0.393926041901208
2120	0.393847427163623
2121	0.393736395655002
2122	0.393651063119956
2123	0.393605085792053
2124	0.393340350936374
2125	0.393014598119176
2126	0.392747449601109
2127	0.392485296526287
2128	0.392331826122387
2129	0.392242911282092
2130	0.392155526019464
2131	0.391980319211265
2132	0.391844660051583
2133	0.39179661594823
2134	0.391633411159389
2135	0.391422074832957
2136	0.391236861225771
2137	0.391088753581594
2138	0.390742885810619
2139	0.390380440216971
2140	0.390127171664723
2141	0.389882613926082
2142	0.389754059896861
2143	0.389549834040418
2144	0.389477350170851
2145	0.389515574340295
2146	0.389291588591386
2147	0.389166084677067
2148	0.389246210927332
2149	0.389087240390632
2150	0.388717313208959
2151	0.388411460614968
2152	0.387967734009017
2153	0.387533612951384
2154	0.387040372392286
2155	0.386729640724614
2156	0.386310906069991
2157	0.385932656206099
2158	0.385650273554252
2159	0.385207053720169
2160	0.384850062875721
2161	0.384640813767817
2162	0.384207337268722
2163	0.38378238649795
2164	0.383420038207593
2165	0.382934052490654
2166	0.382520384787997
2167	0.382217388483985
2168	0.381914287594133
2169	0.38164630941778
2170	0.381324573888014
2171	0.381070609158591
2172	0.380611015820814
2173	0.380070087545001
2174	0.37970691166999
2175	0.379340784310399
2176	0.379033855053823
2177	0.378732538521542
2178	0.378411243847859
2179	0.377963494885659
2180	0.377433677407493
2181	0.37697238623437
2182	0.376367038270677
2183	0.375775812974778
2184	0.375143923389506
2185	0.37452803741904
2186	0.373724784812542
2187	0.373087215502454
2188	0.372553217416181
2189	0.371916778129981
2190	0.371212981387023
2191	0.370714833216848
2192	0.370014300752011
2193	0.369310830283129
2194	0.368787097849473
2195	0.36810482961742
2196	0.36758280198191
2197	0.367134759583901
2198	0.366587129890626
2199	0.366212817198525
2200	0.365988718283513
2201	0.365671233614441
2202	0.365285249919438
2203	0.3648305089315
2204	0.364514375698544
2205	0.364048962060273
2206	0.363785969085533
2207	0.363650865034463
2208	0.363508877870194
2209	0.363405086113219
2210	0.363402531241837
2211	0.363349318123659
2212	0.363325457627253
2213	0.363345913701085
2214	0.363399185067326
2215	0.363465552953582
2216	0.363592173122891
2217	0.363731464784428
2218	0.363746151287842
2219	0.363830782064216
2220	0.364130086521025
2221	0.36441345148388
2222	0.36469301616555
2223	0.364894512824367
2224	0.365068099050102
2225	0.365172916428675
2226	0.36512491126187
2227	0.365260704703109
2228	0.365395333597695
2229	0.365570993940201
2230	0.365885736919196
2231	0.366233710572993
2232	0.366513955835602
2233	0.366849432787095
2234	0.367319060867002
2235	0.367670883227041
2236	0.368037012128452
2237	0.368572083231055
2238	0.368997024288391
2239	0.369439912542017
2240	0.370005232583245
2241	0.370482437985634
2242	0.371155354253492
2243	0.371791455310202
2244	0.372367958119822
2245	0.372894289312789
2246	0.373561563698553
2247	0.374207408027546
2248	0.37481251429791
2249	0.375466073784462
2250	0.376120049288582
2251	0.376648238149992
2252	0.377124329733033
2253	0.377544615872133
2254	0.37804479827813
2255	0.378446099029321
2256	0.37897721474687
2257	0.379907707383283
2258	0.380571543670336
2259	0.381002541080191
2260	0.381513660312345
2261	0.381725905832104
2262	0.381827396748669
2263	0.382231681343629
2264	0.382506271924464
2265	0.382718008985954
2266	0.383017218518398
2267	0.383196363971752
2268	0.383063594205992
2269	0.382907331861764
2270	0.382597786560282
2271	0.382506071509201
2272	0.382478642197752
2273	0.382471882320307
2274	0.382667427059255
2275	0.382544499291475
2276	0.382110676096552
2277	0.381830232293584
2278	0.381630475007205
2279	0.381167533292631
2280	0.380747808843803
2281	0.380156524375854
2282	0.379157547683444
2283	0.378255980340037
2284	0.377493185540345
2285	0.376767049596045
2286	0.375928054709466
2287	0.375078848099992
2288	0.374315029801845
2289	0.373473198857637
2290	0.372608085920711
2291	0.371891953473258
2292	0.371038207569958
2293	0.370231413868891
2294	0.369467369093751
2295	0.368826384212281
2296	0.368178497994723
2297	0.367492090757336
2298	0.367031229605874
2299	0.366872800948229
2300	0.3664004075244
2301	0.365823694279782
2302	0.365338159429693
2303	0.364813806414686
2304	0.364227028990554
2305	0.363783919592651
2306	0.363144331600411
2307	0.362187197183638
2308	0.361367981082883
2309	0.36058330852026
2310	0.359800051785398
2311	0.359102009808923
2312	0.358406654210465
2313	0.357609975669577
2314	0.356753418558021
2315	0.355989060921806
2316	0.355116752059079
2317	0.354291098281237
2318	0.35346040491843
2319	0.352705752129992
2320	0.351864070805118
2321	0.350859684158061
2322	0.350191357026072
2323	0.349686877712249
2324	0.349260786549779
2325	0.34915340757041
2326	0.349057924695198
2327	0.348821629303925
2328	0.348565107675444
2329	0.348427592578159
2330	0.348275703718299
2331	0.348156572822462
2332	0.348224323891674
2333	0.34828292457739
2334	0.348118608838101
2335	0.348480358490008
2336	0.349276654021511
2337	0.349916015765162
2338	0.350827880626548
2339	0.351628052458189
2340	0.352171404920802
2341	0.352629700002699
2342	0.35282010140692
2343	0.353388312022101
2344	0.354052059296217
2345	0.354716517342086
2346	0.355503267708949
2347	0.356257379186226
2348	0.35664382167444
2349	0.356939094656344
2350	0.357403041628088
2351	0.357659992829704
2352	0.357757361149651
2353	0.357710283308172
2354	0.357741672967107
2355	0.357410540711624
2356	0.35688782246232
2357	0.356486829358321
2358	0.355946497185664
2359	0.355453709674309
2360	0.355165266242132
2361	0.35482907743202
2362	0.354365601876891
2363	0.353879612152922
2364	0.353224221148278
2365	0.352541148787334
2366	0.35193403976492
2367	0.351415830248902
2368	0.350729241710334
2369	0.350051260060329
2370	0.349380380600551
2371	0.34849255759753
2372	0.347643920183264
2373	0.346845116130628
2374	0.346095776557994
2375	0.3455696450827
2376	0.344587978640515
2377	0.343291721695492
2378	0.34226816507708
2379	0.341012055473003
2380	0.340116744431774
2381	0.339840361858221
2382	0.339203728955644
2383	0.338692408858946
2384	0.337892811901676
2385	0.336871581443893
2386	0.336029025628331
2387	0.334973310058268
2388	0.33429045182705
2389	0.334126918879205
2390	0.333923967983979
2391	0.333699705384075
2392	0.333570792656661
2393	0.333434600721179
2394	0.333329247376913
2395	0.333403067812279
2396	0.333296278248516
2397	0.333346755432535
2398	0.333048769829113
2399	0.332672137147515
2400	0.33227671102048
2401	0.331637961320662
2402	0.331289967599308
2403	0.33129759549446
2404	0.331104819550284
2405	0.330984229979459
2406	0.33100706767195
2407	0.330704231169141
2408	0.330438507316739
2409	0.330477107002027
2410	0.330476343936432
2411	0.330239823789372
2412	0.329833798965855
2413	0.329398272181439
2414	0.328968533720268
2415	0.328832815319111
2416	0.328800297524259
2417	0.329019146347983
2418	0.328811076446499
2419	0.328818579905209
2420	0.328798218076783
2421	0.328297332231811
2422	0.328303602420217
2423	0.32845222525784
2424	0.328532035339752
2425	0.328596671542117
2426	0.328953733497093
2427	0.328830184320734
2428	0.328396257024201
2429	0.328170510222062
2430	0.327893616820332
2431	0.327759995967287
2432	0.327485172693769
2433	0.327446722674622
2434	0.327547247339557
2435	0.327541762006229
2436	0.327610426344424
2437	0.327571761815102
2438	0.327517386298024
2439	0.327307742363145
2440	0.326902280668106
2441	0.326720450164866
2442	0.326374102811712
2443	0.326149379455054
2444	0.32624689662204
2445	0.326125990146259
2446	0.326109163681856
2447	0.325952386419892
2448	0.325714047381252
2449	0.325369669784126
2450	0.324742334816633
2451	0.324423631763408
2452	0.324065109894991
2453	0.324041879966387
2454	0.32459018153357
2455	0.324267968610856
2456	0.323890793976508
2457	0.323444063223265
2458	0.322460662997026
2459	0.321995403436024
2460	0.322050018147413
2461	0.321810743650277
2462	0.32138154505705
2463	0.320774274679096
2464	0.320022377810604
2465	0.319436910236739
2466	0.318446627534529
2467	0.318046027821626
2468	0.317721483081978
2469	0.317423798883055
2470	0.317329621623093
2471	0.317234316148439
2472	0.316971682197561
2473	0.316519241404097
2474	0.315886890510503
2475	0.315409456554896
2476	0.314924367926733
2477	0.314455627946561
2478	0.314479391198758
2479	0.314266131419849
2480	0.313590158416696
2481	0.313067403000678
2482	0.312652264750916
2483	0.312132488354845
2484	0.311457392611957
2485	0.311083466703107
2486	0.310483981411316
2487	0.310287568506053
2488	0.310208839353193
2489	0.31004053849213
2490	0.309925995052941
2491	0.309264128765078
2492	0.307991137451598
2493	0.307304087292408
2494	0.306335317963207
2495	0.305875179245075
2496	0.306350765695474
2497	0.30591321694768
2498	0.305186720149087
2499	0.304708030719011
2500	0.303852279663296
