350	0.276530661902213
351	0.269215980187695
352	0.263636001556387
353	0.267967279101474
354	0.253049219789627
355	0.265676758287371
356	0.256944285855656
357	0.249501124822335
358	0.254699795499232
359	0.255497230118057
360	0.245197518275374
361	0.240174845716034
362	0.238773731681628
363	0.238308005544526
364	0.240704140904318
365	0.236033578554143
366	0.231027905824901
367	0.233626674799452
368	0.237170425992322
369	0.231612730676652
370	0.223061727065321
371	0.236696197368684
372	0.232500786240008
373	0.225176731280211
374	0.222424746817885
375	0.223670360395551
376	0.224691197298396
377	0.228618364632208
378	0.228946856682501
379	0.222236681813088
380	0.223604100946372
381	0.224836580203369
382	0.220413850521216
383	0.217173909897394
384	0.218716922679747
385	0.218067061984112
386	0.21721960856647
387	0.218149359966199
388	0.218440415538147
389	0.216108836821134
390	0.212327128327557
391	0.212738638805156
392	0.2131320127962
393	0.212837072355069
394	0.212138012192163
395	0.209428747241988
396	0.208884830135694
397	0.210783908718053
398	0.206898695831584
399	0.205237771438818
400	0.206795153710171
401	0.208170562690566
402	0.209750857045366
403	0.207814988057325
404	0.206133354221867
405	0.204145867981156
406	0.204397062998228
407	0.204089802243211
408	0.204251239179452
409	0.203386541746421
410	0.202159038150271
411	0.202190208564251
412	0.200088315190844
413	0.200895955507992
414	0.202502736104424
415	0.1997780948273
416	0.198600491614606
417	0.199145026737133
418	0.197255655993854
419	0.196902375732629
420	0.196356340037443
421	0.197058117612362
422	0.196246408732261
423	0.195525011479822
424	0.195458019003728
425	0.194454206161086
426	0.195037924415779
427	0.194653537600024
428	0.193977881320282
429	0.194503123822129
430	0.194435867503511
431	0.193997081844573
432	0.194571046678058
433	0.195110603154008
434	0.195247735894495
435	0.195197485516815
436	0.195602182811802
437	0.195667236933858
438	0.196041224416867
439	0.196271844426292
440	0.196703070124678
441	0.196761896984244
442	0.197059628126075
443	0.197732393275111
444	0.198530960413892
445	0.198335063859683
446	0.199010232738857
447	0.199288598727258
448	0.199760176257911
449	0.199927315618348
450	0.200282257668042
451	0.200532737451323
452	0.201066981121894
453	0.201425678218325
454	0.201661285720421
455	0.202178270895452
456	0.20262131791337
457	0.202871828137472
458	0.203504463860678
459	0.203817839963739
460	0.204233026946449
461	0.204575916112237
462	0.204639008284385
463	0.204999074928648
464	0.205588454437301
465	0.205839335498445
466	0.205892464938292
467	0.205975124123248
468	0.206161726375648
469	0.206518011977924
470	0.206906214679106
471	0.207343854914179
472	0.207447144936696
473	0.207709100575599
474	0.207995960964644
475	0.208179699547943
476	0.208137213518825
477	0.20841716846134
478	0.20901854186446
479	0.209403297344381
480	0.209527948709054
481	0.209755322049962
482	0.209793565140451
483	0.210308471717579
484	0.210726445189166
485	0.210785624673135
486	0.211187812037135
487	0.211788797342597
488	0.212111959391925
489	0.212525901737684
490	0.213058188002021
491	0.213435773908177
492	0.213672123395286
493	0.213868801332512
494	0.214457352174504
495	0.21477216637982
496	0.215026765010856
497	0.215415681667146
498	0.216019317522415
499	0.21670504964415
500	0.21723859065883
501	0.21804961285094
502	0.218870491320543
503	0.219245269099735
504	0.219897233508063
505	0.220542177916619
506	0.221030857197715
507	0.221776400631609
508	0.222560277114884
509	0.223149245919055
510	0.223979513995462
511	0.224698145135403
512	0.225334277242276
513	0.225897582221636
514	0.226642485552717
515	0.227303650467825
516	0.228137631974443
517	0.228850108533756
518	0.229379268461427
519	0.230230676025948
520	0.231111119926956
521	0.231830285833279
522	0.232420562484107
523	0.233191875495543
524	0.233852747050373
525	0.234571968816426
526	0.235297161273706
527	0.235889340131147
528	0.236592305202068
529	0.237287111951324
530	0.23792722939148
531	0.238685680341142
532	0.239430149844185
533	0.239846585257086
534	0.240548747632551
535	0.241298108434337
536	0.241875376359369
537	0.242487306847794
538	0.243191398141733
539	0.243881849097757
540	0.244569279301551
541	0.245130957614557
542	0.245786698396022
543	0.246379115498231
544	0.247049145201246
545	0.247718662756224
546	0.248384083647354
547	0.249071555836131
548	0.249819204364597
549	0.250463767653782
550	0.251077621828624
551	0.25186693225273
552	0.252598043098265
553	0.253244797365397
554	0.253938941977884
555	0.254708705888856
556	0.255499393573148
557	0.25621326588275
558	0.256928964856168
559	0.257730122293245
560	0.258490738077498
561	0.259299572510727
562	0.260077739136771
563	0.260736698519719
564	0.26153240785801
565	0.262351332763345
566	0.263107380064498
567	0.263946860750736
568	0.264792908737027
569	0.265593606478351
570	0.266396929877788
571	0.267127084938554
572	0.2679066490511
573	0.268584873062717
574	0.269296100483432
575	0.270081063554997
576	0.270849067613566
577	0.27158375921761
578	0.272337834145974
579	0.27296554614847
580	0.273664214135351
581	0.274336431327424
582	0.275019183917552
583	0.275646730296219
584	0.276284139414545
585	0.276999066528813
586	0.277657649436284
587	0.278206018158284
588	0.278791318033142
589	0.279383010578084
590	0.279946737926274
591	0.280511824522679
592	0.281096452500944
593	0.28166775642141
594	0.282292791079222
595	0.282835051992828
596	0.283317443196396
597	0.28381739792987
598	0.28426214879457
599	0.284696831025082
600	0.285085689767507
601	0.285594728771955
602	0.286086832575915
603	0.286509020764677
604	0.286898905079417
605	0.287279109529121
606	0.287669181874483
607	0.288045589250088
608	0.288432479295272
609	0.288852402371264
610	0.289189569267537
611	0.289521107986829
612	0.289810515753825
613	0.290200587033109
614	0.290566771860981
615	0.290804813549981
616	0.290994592472124
617	0.291246587942207
618	0.291614392620319
619	0.291972984156907
620	0.292274141797923
621	0.292480089351396
622	0.292741770696451
623	0.293049279294306
624	0.293275496137822
625	0.293552709849791
626	0.293781003181459
627	0.293991915023828
628	0.294210835442228
629	0.294411958880697
630	0.294725224933764
631	0.294923937115661
632	0.295121060218414
633	0.295310784729261
634	0.295582501299356
635	0.295816896672633
636	0.29599486543108
637	0.296205760071744
638	0.29640457089951
639	0.296563571474393
640	0.296760553524507
641	0.297021196129541
642	0.297191020548232
643	0.297330614784225
644	0.29749906688919
645	0.29765979034617
646	0.297842926782163
647	0.298030104758412
648	0.298232750079037
649	0.298396354205973
650	0.298555211448531
651	0.298763511015843
652	0.298970300428529
653	0.299109523560862
654	0.299213187857994
655	0.299341994450535
656	0.299507399386981
657	0.29973681206687
658	0.299867992943739
659	0.29997581118198
660	0.300138238552313
661	0.300287572989341
662	0.300444408847103
663	0.300628091571947
664	0.3007355444262
665	0.300893033945168
666	0.300995135484294
667	0.301153370908613
668	0.301274363816802
669	0.301447713576415
670	0.301658609146654
671	0.30175564239066
672	0.301918265388764
673	0.302084539130232
674	0.302180893486821
675	0.302307666778915
676	0.302429207538188
677	0.30253739945938
678	0.302736548350465
679	0.302850784698778
680	0.30297110705507
681	0.303165577939478
682	0.30331378615899
683	0.303416703156353
684	0.303546792193331
685	0.30367145215931
686	0.303813978888229
687	0.303918197803548
688	0.30397651799085
689	0.304093354313546
690	0.304186235570911
691	0.304290138742335
692	0.304433730870934
693	0.304618315698435
694	0.304897566619371
695	0.305361004002205
696	0.305959328535706
697	0.306222746177723
698	0.306088080358002
699	0.305699084534912
700	0.305500876103816
701	0.305514268679447
702	0.305645553821919
703	0.30573741861692
704	0.305796000075891
705	0.305879159286436
706	0.305973965413864
707	0.306121323973117
708	0.30623796234485
709	0.306301059359437
710	0.306375736883901
711	0.306495333585649
712	0.306610334998193
713	0.306707150764193
714	0.306817113864692
715	0.306936696034521
716	0.307038663032191
717	0.307118175711909
718	0.307172485920073
719	0.307245991559087
720	0.307386740176338
721	0.307486829011189
722	0.307563506811076
723	0.307596616797047
724	0.307667216863059
725	0.307785511578467
726	0.307860657802096
727	0.307905826411522
728	0.307998725133522
729	0.308068852864173
730	0.308141321377299
731	0.308228785929468
732	0.308331915004534
733	0.308386562290845
734	0.308455154901859
735	0.308525137541799
736	0.308622258132779
737	0.308707905860376
738	0.308760053232246
739	0.308824278495944
740	0.308837471372462
741	0.308934765751718
742	0.309075375861984
743	0.309183844373337
744	0.309263143422136
745	0.309294049292973
746	0.309318257464486
747	0.309416380190212
748	0.30954570323781
749	0.309615032911774
750	0.309649823811608
751	0.309779215706767
752	0.309867613260546
753	0.30991719755659
754	0.309967009280732
755	0.310058632087485
756	0.310102020363237
757	0.310151163186166
758	0.310187544604112
759	0.310264165694169
760	0.310360049991667
761	0.310469251816755
762	0.310512372751511
763	0.310617585177438
764	0.310735511473174
765	0.31081733776046
766	0.310919504056153
767	0.311035916423799
768	0.311135985785651
769	0.311231321716946
770	0.311274754323627
771	0.311342909257315
772	0.31148737359077
773	0.311534882052971
774	0.311580071418994
775	0.311646462630905
776	0.311758315364604
777	0.311831152056312
778	0.311884899788888
779	0.31199254119386
780	0.312055543982483
781	0.312074020857729
782	0.312125576526542
783	0.312184137945032
784	0.312272107618352
785	0.312341294340455
786	0.312367855580279
787	0.312383178114969
788	0.312455687003929
789	0.31249555694015
790	0.312549701121006
791	0.31258449415808
792	0.312628339352765
793	0.312732141128867
794	0.312815058289635
795	0.312818258405974
796	0.312846291762699
797	0.312887394750082
798	0.312921246177172
799	0.312951533053272
800	0.313006199842342
801	0.313074150173952
802	0.313131010951134
803	0.313162650776246
804	0.313144734468674
805	0.313124208277861
806	0.3131201867538
807	0.313139978338824
808	0.313152759519264
809	0.3131374251298
810	0.313148105637621
811	0.313119602364468
812	0.313150575845914
813	0.313124479110407
814	0.313105428385967
815	0.313127814187255
816	0.313127204729216
817	0.313078579218206
818	0.313074337597806
819	0.313080741234185
820	0.313081286983665
821	0.313074928206514
822	0.313003044082057
823	0.312973564792771
824	0.312964770838914
825	0.312952573249879
826	0.312859454681469
827	0.312787709259297
828	0.312826284377578
829	0.312812361053075
830	0.312765626656929
831	0.312724601429199
832	0.312725888206064
833	0.312727036119797
834	0.312630964048909
835	0.31256956845547
836	0.312491784072857
837	0.312416222165869
838	0.312358055004236
839	0.312306417802221
840	0.312263432776144
841	0.312212977385194
842	0.312077237136789
843	0.311982847852166
844	0.311950135938127
845	0.311907951315655
846	0.311809267464817
847	0.311639720173274
848	0.311628886941726
849	0.311611528831606
850	0.311498469079122
851	0.311376582659775
852	0.311223398075942
853	0.311235092801076
854	0.311192180322708
855	0.311080810170629
856	0.310996199402809
857	0.310938982811387
858	0.31087449227361
859	0.310795211013757
860	0.310679177192349
861	0.31057358291046
862	0.310511318582939
863	0.310447182756465
864	0.310382199314637
865	0.310274811374701
866	0.310192399828907
867	0.310081506866757
868	0.310040702578386
869	0.309956467610471
870	0.309852247295631
871	0.309738086427654
872	0.309676129676607
873	0.309580023872753
874	0.309491481978055
875	0.309434178971575
876	0.309251076335033
877	0.309171001387432
878	0.309188173956784
879	0.309035984902062
880	0.30896208236022
881	0.308877417611543
882	0.308769273361152
883	0.308694638787721
884	0.308620134802077
885	0.308565408833783
886	0.308493088985207
887	0.308442435292954
888	0.30829151349953
889	0.308209215818766
890	0.308170776481807
891	0.30816569443056
892	0.308064775468066
893	0.307921612384047
894	0.307840997273522
895	0.307766320623265
896	0.307673030349194
897	0.307569857964714
898	0.307514704014541
899	0.3074300995145
900	0.307416151132473
901	0.307377863584056
902	0.307241957890115
903	0.307207346598129
904	0.307176071695822
905	0.3070712820153
906	0.306969557970421
907	0.306891679924608
908	0.306892522674067
909	0.306833204292738
910	0.306659237233343
911	0.306641974063545
912	0.306658566138183
913	0.306592878870064
914	0.306419804561889
915	0.306328981734411
916	0.306316740115066
917	0.306292071910689
918	0.306189902869801
919	0.306227224152735
920	0.306170042628348
921	0.306089044671824
922	0.306048780113849
923	0.306146443035074
924	0.306213364499107
925	0.306132361698018
926	0.305988909181818
927	0.305900959937624
928	0.305918020018607
929	0.30583095805666
930	0.305867312815917
931	0.305869193304944
932	0.305803174670854
933	0.305856828951192
934	0.305836336651871
935	0.305644076431877
936	0.305719721124667
937	0.305825290026889
938	0.30576569822078
939	0.305671656981031
940	0.305643821386068
941	0.305657969237708
942	0.30572052058432
943	0.305577048928665
944	0.305603935996978
945	0.30564483807216
946	0.305677187914459
947	0.305593000997277
948	0.305515106404951
949	0.305557967328914
950	0.305631707499729
951	0.305452185384018
952	0.305423713793139
953	0.305495258248433
954	0.305595597414128
955	0.305669741098963
956	0.305594346982791
957	0.305623345970181
958	0.305622228744669
959	0.305494727631316
960	0.305712601825454
961	0.305749651956748
962	0.305705344550725
963	0.305695625790172
964	0.305742795492954
965	0.305728549038259
966	0.305864454513213
967	0.305987051507023
968	0.306076976533308
969	0.305959441412445
970	0.305973394174493
971	0.30608105689422
972	0.306061324227622
973	0.306169445273145
974	0.306296914598504
975	0.306340253667377
976	0.306399580120288
977	0.306392967851257
978	0.306470946864655
979	0.306501871139316
980	0.306535992926376
981	0.306369132724309
982	0.306426254236595
983	0.306514600277671
984	0.30662577749575
985	0.306675038340009
986	0.306692079957025
987	0.306804550244504
988	0.306852114243748
989	0.306916542725491
990	0.306975013915642
991	0.306860965548378
992	0.307212672381562
993	0.307135792758772
994	0.307164609681637
995	0.307266515457495
996	0.307224713214902
997	0.307265934135639
998	0.307278896307287
999	0.307596830220012
1000	0.307584559315985
1001	0.306443450552471
1002	0.306342326340203
1003	0.306235319367823
1004	0.306221544545964
1005	0.306352027735019
1006	0.306466138243783
1007	0.306437089213731
1008	0.306468129314266
1009	0.306475654304843
1010	0.306477659035508
1011	0.306332500875631
1012	0.306292734776391
1013	0.306416469963825
1014	0.306407144402523
1015	0.306457788413379
1016	0.306465061871608
1017	0.306519185737691
1018	0.306526018189129
1019	0.306450378176463
1020	0.306423603979371
1021	0.306304757229427
1022	0.306355029560513
1023	0.306342021749258
1024	0.30639149470531
1025	0.30646474375392
1026	0.306554274290818
1027	0.306585505880479
1028	0.306535327879668
1029	0.306453595876938
1030	0.306270903589012
1031	0.306295394614046
1032	0.306363849669838
1033	0.30625371280445
1034	0.306303820398413
1035	0.306327536852857
1036	0.306249803557958
1037	0.306212314108973
1038	0.306309903765722
1039	0.30627249733356
1040	0.306222992216848
1041	0.306186537381923
1042	0.306161409917235
1043	0.306124742093896
1044	0.306052247939239
1045	0.306106971297291
1046	0.306159379970562
1047	0.306255305851314
1048	0.306147232792875
1049	0.306106105777199
1050	0.306149837516918
1051	0.306173016218983
1052	0.306152098041071
1053	0.30620062974125
1054	0.306207704721751
1055	0.306136912327088
1056	0.306000358944703
1057	0.306047287530512
1058	0.306044675528111
1059	0.306041625808342
1060	0.305992440488064
1061	0.306095704115844
1062	0.306189320013733
1063	0.306096276427497
1064	0.306069544112603
1065	0.306045142577939
1066	0.305867350920455
1067	0.305858394615316
1068	0.305891138961714
1069	0.30598042330693
1070	0.305946930996542
1071	0.305927798558143
1072	0.305939130340764
1073	0.30599929804293
1074	0.306003109767349
1075	0.305968456853615
1076	0.306031822304144
1077	0.306088285537825
1078	0.306059657344393
1079	0.306124510997694
1080	0.306138694184937
1081	0.30612643711699
1082	0.306146541083323
1083	0.306134027818269
1084	0.306184291124382
1085	0.306227241607038
1086	0.306202776429012
1087	0.306113615078021
1088	0.306096607302058
1089	0.306043083248729
1090	0.30606735087532
1091	0.306144451139772
1092	0.306162878656329
1093	0.306154114027609
1094	0.306205825642876
1095	0.306217616580311
1096	0.306308355072895
1097	0.306319161718874
1098	0.306293071584155
1099	0.306245226993257
1100	0.306302062882011
1101	0.306308876118385
1102	0.306337900346373
1103	0.306343203637344
1104	0.30635143555654
1105	0.306326465013525
1106	0.306352953300385
1107	0.306415696167222
1108	0.306471908114845
1109	0.3065359552997
1110	0.30660904483467
1111	0.306634557762892
1112	0.306627555423276
1113	0.306574415608603
1114	0.306586976721989
1115	0.306660420551789
1116	0.306676333314084
1117	0.306699091698455
1118	0.306681877875178
1119	0.306685901515137
1120	0.30671216894152
1121	0.306793243841392
1122	0.30687564207637
1123	0.306961352129969
1124	0.306937219690028
1125	0.30698417939372
1126	0.306977938559059
1127	0.307053792044212
1128	0.307141973928479
1129	0.307242512449626
1130	0.307263551893368
1131	0.307276299891632
1132	0.307304864066779
1133	0.307299452938942
1134	0.307369384955858
1135	0.307456152763852
1136	0.30748186342432
1137	0.307499397553829
1138	0.307602167761289
1139	0.307611590141059
1140	0.307675792038008
1141	0.307771552341748
1142	0.307822247451906
1143	0.307862862256074
1144	0.307936069048381
1145	0.308006614408779
1146	0.308048418604966
1147	0.308090940327056
1148	0.308107255526348
1149	0.308139620454608
1150	0.308236852696907
1151	0.30829753496899
1152	0.308332840254833
1153	0.308378835509945
1154	0.30843706728057
1155	0.308537873747098
1156	0.308680188909131
1157	0.308745786728825
1158	0.308882859936337
1159	0.308971520952959
1160	0.309085590338763
1161	0.30918475135939
1162	0.309293155424399
1163	0.309379914822946
1164	0.309455794293765
1165	0.309513710228395
1166	0.309631776360847
1167	0.309697967897348
1168	0.309825861370511
1169	0.309960748284679
1170	0.310050012675348
1171	0.310148653761425
1172	0.310301642611156
1173	0.310441227350366
1174	0.310563746478156
1175	0.3106756096771
1176	0.310802223191709
1177	0.310904215198089
1178	0.311024660143374
1179	0.31116022153398
1180	0.311278755770392
1181	0.311407465756696
1182	0.311495207603871
1183	0.311609412380383
1184	0.311673399627098
1185	0.311799372535403
1186	0.312003197478645
1187	0.312112232699898
1188	0.312186733344897
1189	0.312320511395408
1190	0.312408915138446
1191	0.312511868271073
1192	0.312614571053314
1193	0.312730949666248
1194	0.312842695937678
1195	0.312908565582087
1196	0.313029475174987
1197	0.313130247640079
1198	0.313286910820308
1199	0.313391724152534
1200	0.313506633421763
1201	0.313626423136162
1202	0.313771006978462
1203	0.313903054944185
1204	0.313968290071667
1205	0.314044775630399
1206	0.314144378723104
1207	0.314295194988016
1208	0.314394266503308
1209	0.31454869465427
1210	0.314700730713782
1211	0.31479017195018
1212	0.3149083421268
1213	0.314983368630108
1214	0.315062295959342
1215	0.315161221378694
1216	0.315286137703415
1217	0.315370750220537
1218	0.315499000932364
1219	0.315619561681696
1220	0.315712189161965
1221	0.315796762905445
1222	0.315931386050611
1223	0.316042300866093
1224	0.316176466211422
1225	0.316318763501182
1226	0.316422909481204
1227	0.316560483312004
1228	0.31672674688732
1229	0.316870136939038
1230	0.317010354505135
1231	0.317108964904344
1232	0.317235252669253
1233	0.317342953633112
1234	0.317481352221796
1235	0.317687361318796
1236	0.317837920911513
1237	0.318000374372004
1238	0.318125030135884
1239	0.3182266251072
1240	0.318375615398701
1241	0.318531494669977
1242	0.318715630825647
1243	0.31885562501397
1244	0.319057503819923
1245	0.319205299297072
1246	0.319341001309984
1247	0.319513400970172
1248	0.319661184619133
1249	0.319769625052577
1250	0.31990957840618
1251	0.320093272774416
1252	0.320284707359581
1253	0.320455072201647
1254	0.320600117403917
1255	0.320757159799866
1256	0.320934906891947
1257	0.321091020005803
1258	0.321275273213776
1259	0.321430581260627
1260	0.321591948213642
1261	0.321772708980459
1262	0.322002978485229
1263	0.322197022036135
1264	0.322379513529223
1265	0.322494637863033
1266	0.322674858552726
1267	0.322832515112736
1268	0.322999855858617
1269	0.323158262268862
1270	0.323337972443503
1271	0.323539123133308
1272	0.323665848192089
1273	0.323849591701611
1274	0.324026051419668
1275	0.324199775851027
1276	0.324374586391158
1277	0.324562815277258
1278	0.324723474288055
1279	0.324888328933934
1280	0.325074833377466
1281	0.325258207887191
1282	0.325444247902246
1283	0.325711088902133
1284	0.325924784510077
1285	0.326104750874223
1286	0.326279951746228
1287	0.326484231007829
1288	0.326669424164829
1289	0.326876109119224
1290	0.327073969278811
1291	0.327283361289942
1292	0.327502924474823
1293	0.327702289111664
1294	0.327919501396101
1295	0.328138356969916
1296	0.328258408403707
1297	0.328439423712744
1298	0.328601675083014
1299	0.328787054563424
1300	0.328977365029969
1301	0.329138863931384
1302	0.329372257401674
1303	0.329582183322877
1304	0.329758432531572
1305	0.329914436492909
1306	0.330060496691353
1307	0.330248875753666
1308	0.330459785810628
1309	0.33069569532769
1310	0.330901838793778
1311	0.331128512935362
1312	0.331306221207708
1313	0.331570709869154
1314	0.331762616309004
1315	0.331972516165027
1316	0.332206391215215
1317	0.332448236623391
1318	0.332636696400892
1319	0.332807843547775
1320	0.333007737687992
1321	0.333103341143788
1322	0.333272311520481
1323	0.333466508803287
1324	0.333659754068423
1325	0.333878040043772
1326	0.33408049756868
1327	0.33431041213345
1328	0.334494341444126
1329	0.334585929377091
1330	0.334792561972324
1331	0.335015723505706
1332	0.335203142344592
1333	0.335352276887203
1334	0.335558372354949
1335	0.335682646149161
1336	0.335811100029309
1337	0.33597291701134
1338	0.336161166032426
1339	0.336342864815654
1340	0.336482478070484
1341	0.336695554203185
1342	0.336846174231905
1343	0.337053124894316
1344	0.337254127315039
1345	0.337455659920241
1346	0.337605225032963
1347	0.337813654787275
1348	0.337978418206147
1349	0.338145777379476
1350	0.338365191251223
1351	0.338562291269084
1352	0.338745322819685
1353	0.338915755833116
1354	0.339019220238318
1355	0.339186374345112
1356	0.339361266512547
1357	0.339500922721865
1358	0.339677331064243
1359	0.339862315342281
1360	0.340042547933894
1361	0.340142328554223
1362	0.3402283931187
1363	0.34023382005776
1364	0.340232987698776
1365	0.340133994837294
1366	0.340006389600863
1367	0.339799851582423
1368	0.339521568413842
1369	0.339223515660518
1370	0.338924428603672
1371	0.338552895169872
1372	0.338233279825857
1373	0.337852911445758
1374	0.337572469209397
1375	0.337308770431449
1376	0.337095090177474
1377	0.336942804934293
1378	0.336813256668956
1379	0.336738692569697
1380	0.33661128121007
1381	0.3365671176111
1382	0.336391430435912
1383	0.336136499359375
1384	0.33583564995353
1385	0.335430887042815
1386	0.335026666592167
1387	0.334591211854654
1388	0.334119767607906
1389	0.333596945713672
1390	0.333049909659764
1391	0.332571134082973
1392	0.332126317625174
1393	0.33182470760076
1394	0.331592716286238
1395	0.331460524079794
1396	0.331448547090593
1397	0.331478852566286
1398	0.33163368582462
1399	0.331825842457787
1400	0.332102039771257
1401	0.332360231984412
1402	0.332665903730432
1403	0.332904366928973
1404	0.333150709021224
1405	0.333360176926794
1406	0.333637036154854
1407	0.333836693152835
1408	0.334068344320795
1409	0.334286788882771
1410	0.334444081477907
1411	0.334662412899382
1412	0.334878419715169
1413	0.335153904298859
1414	0.335469474551457
1415	0.335811709546801
1416	0.336182248932422
1417	0.336563011186826
1418	0.337015771580048
1419	0.337463925651456
1420	0.33786845961605
1421	0.338299388209283
1422	0.338708324137797
1423	0.339108461627762
1424	0.339581420262384
1425	0.340052307839817
1426	0.340510819372084
1427	0.340958399675961
1428	0.341349423807694
1429	0.341704754310332
1430	0.342083606215916
1431	0.342453078899247
1432	0.342852682603059
1433	0.343244711218288
1434	0.343626641190481
1435	0.344019646647993
1436	0.344355059160871
1437	0.344682906483903
1438	0.345000482864188
1439	0.345278698786181
1440	0.345588356611928
1441	0.345928752202061
1442	0.346230650486055
1443	0.346557305219331
1444	0.346880548892425
1445	0.347187688167537
1446	0.347532460209058
1447	0.347818281142415
1448	0.348126441179373
1449	0.348429578462556
1450	0.348690881281855
1451	0.348922541443792
1452	0.349185034583657
1453	0.349429818418867
1454	0.349645036070118
1455	0.349884780079189
1456	0.35016145248569
1457	0.35039133114795
1458	0.350660583084897
1459	0.350925194153663
1460	0.35124343530102
1461	0.351474319343124
1462	0.351745979944052
1463	0.35200971161064
1464	0.352204511765036
1465	0.352452281868706
1466	0.352689634549139
1467	0.352904044385489
1468	0.353123070446253
1469	0.353308450208145
1470	0.353451475542753
1471	0.353667792863383
1472	0.353949563475146
1473	0.354218564605556
1474	0.354598569569645
1475	0.354869202515391
1476	0.355083847345711
1477	0.355334345853507
1478	0.355609558597705
1479	0.355850576398143
1480	0.356150568569898
1481	0.35640373657654
1482	0.356708407913813
1483	0.356962991798059
1484	0.357221306613508
1485	0.357507845066645
1486	0.357775093037389
1487	0.358021418388636
1488	0.35829579466929
1489	0.35856551149153
1490	0.358830430588235
1491	0.359121408319437
1492	0.359394413255164
1493	0.35967578471792
1494	0.359927435321642
1495	0.360156847504242
1496	0.360405972838911
1497	0.360616679273919
1498	0.360796726016735
1499	0.361019736842105
1500	0.361243975381341
1501	0.361448198677253
1502	0.361679913221474
1503	0.36189661543163
1504	0.362155992774702
1505	0.362408144350101
1506	0.36273295187132
1507	0.362986717475551
1508	0.363174216054519
1509	0.363394899658302
1510	0.36356725415237
1511	0.363745848904071
1512	0.363952164644695
1513	0.364136557092293
1514	0.364316276522126
1515	0.364491281336395
1516	0.36467293988968
1517	0.364815762883631
1518	0.365033132186439
1519	0.36525471171631
1520	0.365454362028051
1521	0.36563763134335
1522	0.365848699198248
1523	0.366059717531703
1524	0.36627211485964
1525	0.366518485956682
1526	0.366708478528655
1527	0.366894150771104
1528	0.367049447077088
1529	0.367154372841374
1530	0.367346396804037
1531	0.367528679143759
1532	0.367701171849797
1533	0.367885335158894
1534	0.368046835813222
1535	0.368169802289576
1536	0.36833219508095
1537	0.368563598252682
1538	0.36875143107332
1539	0.369024452486589
1540	0.369192751256896
1541	0.369334561246169
1542	0.369491632318785
1543	0.369607351278285
1544	0.369744352429441
1545	0.369940202811782
1546	0.370057138468307
1547	0.370195841780504
1548	0.370313604632783
1549	0.370427469453668
1550	0.370521066524656
1551	0.370675511302816
1552	0.370816100766588
1553	0.370953294210112
1554	0.37111996461071
1555	0.371314032367728
1556	0.37149456508382
1557	0.371697062295623
1558	0.371866231574558
1559	0.372050802033342
1560	0.372208423944452
1561	0.372337979340597
1562	0.372496628166195
1563	0.372660776289466
1564	0.372786054131204
1565	0.372974696534235
1566	0.373109738913823
1567	0.373204089898933
1568	0.373339954350779
1569	0.373486455130911
1570	0.373662296705499
1571	0.373881300239752
1572	0.374062763018467
1573	0.374269918650229
1574	0.374439679853101
1575	0.374604450376277
1576	0.374762262964822
1577	0.374892312850453
1578	0.375002606829964
1579	0.375111563561411
1580	0.375209349236806
1581	0.375325530687577
1582	0.375424044288405
1583	0.375484455614864
1584	0.375597023051665
1585	0.375685668938756
1586	0.375839460839267
1587	0.376016736770627
1588	0.376162861373417
1589	0.376362971640884
1590	0.376510402487199
1591	0.37666627312015
1592	0.376837546922731
1593	0.37700618861012
1594	0.377178834357532
1595	0.377330717018874
1596	0.377468119357795
1597	0.37752194107361
1598	0.377618637590664
1599	0.377723858650557
1600	0.377779492157505
1601	0.377907149599208
1602	0.378028316341138
1603	0.378153634084705
1604	0.378266692216904
1605	0.378465540967105
1606	0.378631107890197
1607	0.37889226283649
1608	0.379036091365076
1609	0.3791647137773
1610	0.379352517626116
1611	0.379461864250727
1612	0.379575581074326
1613	0.37970754571531
1614	0.37983142950261
1615	0.379871813823991
1616	0.379915001145555
1617	0.379935371002903
1618	0.379978861725913
1619	0.380061464654453
1620	0.38015842495461
1621	0.380272524572726
1622	0.380408913629208
1623	0.380502067948074
1624	0.380639502290823
1625	0.380840872360708
1626	0.380970343291462
1627	0.381190089701089
1628	0.381350723355831
1629	0.381470197147022
1630	0.381602225825788
1631	0.381680146666663
1632	0.381822521185677
1633	0.381892034554129
1634	0.38198073726843
1635	0.382034559231998
1636	0.382114565624783
1637	0.382205351465902
1638	0.382301358303703
1639	0.382357692049081
1640	0.382469808877586
1641	0.382566297836565
1642	0.382685377324175
1643	0.382873289064158
1644	0.383040289062579
1645	0.383238671036257
1646	0.383391856765061
1647	0.38347661595415
1648	0.383584044575719
1649	0.383683740675225
1650	0.383823760221678
1651	0.384010730761301
1652	0.384152302451401
1653	0.38426575736059
1654	0.384367145659381
1655	0.384407357466894
1656	0.38449996443977
1657	0.384627884648412
1658	0.384734520024553
1659	0.384867221482059
1660	0.385098811580193
1661	0.385283276082005
1662	0.385501249108995
1663	0.385767304462572
1664	0.385997880256909
1665	0.386151602521121
1666	0.386351500755892
1667	0.386532222338206
1668	0.386710785299373
1669	0.386942924119725
1670	0.387126447607966
1671	0.387297363391505
1672	0.387424794559602
1673	0.387604612745159
1674	0.387760260659209
1675	0.387913849305945
1676	0.388080824065799
1677	0.388266255357058
1678	0.388530790797434
1679	0.388802867540317
1680	0.389104628687567
1681	0.389375754122975
1682	0.389660728860398
1683	0.389947735530943
1684	0.390271000988667
1685	0.390633348508429
1686	0.390915076651281
1687	0.391226801112958
1688	0.391476097505086
1689	0.391704742338958
1690	0.391892977246709
1691	0.392061933155387
1692	0.392262102599077
1693	0.392457322438264
1694	0.392605057175744
1695	0.392818481726207
1696	0.392977791273531
1697	0.393122657122847
1698	0.393330196889702
1699	0.39346713195987
1700	0.393704988412559
1701	0.393977138672618
1702	0.39418017247891
1703	0.39443560286493
1704	0.39464063126081
1705	0.394782008838211
1706	0.395070600105546
1707	0.395316545319509
1708	0.395539726688872
1709	0.395728543662038
1710	0.395827981437748
1711	0.395853575350371
1712	0.395954378418118
1713	0.396059055989497
1714	0.396219911001392
1715	0.396319846326388
1716	0.396412673414837
1717	0.396449438983804
1718	0.396454791096713
1719	0.396530831062131
1720	0.39661725488173
1721	0.39663296096726
1722	0.396719338013941
1723	0.39669920178106
1724	0.396693463827914
1725	0.396656866913401
1726	0.396743122500225
1727	0.396743632911145
1728	0.396750648971419
1729	0.396748748531372
1730	0.396674410790611
1731	0.396588392799969
1732	0.396552827278666
1733	0.396358357954539
1734	0.396223259970722
1735	0.396042228299811
1736	0.395855144332204
1737	0.39578374556125
1738	0.395722417095484
1739	0.395718538394747
1740	0.395636011834353
1741	0.395533535791126
1742	0.395530131014971
1743	0.395510006157261
1744	0.395577854328028
1745	0.395656955669828
1746	0.395648579987263
1747	0.395692361938983
1748	0.395679363566314
1749	0.395672213622769
1750	0.395737405972191
1751	0.395716211607942
1752	0.395677034657361
1753	0.395623427132428
1754	0.395490183983622
1755	0.395341401722029
1756	0.39522968271887
1757	0.395124000048709
1758	0.394999111791369
1759	0.394892808766315
1760	0.394757402037795
1761	0.394736121965313
1762	0.394621592833923
1763	0.394575208796327
1764	0.394507431799779
1765	0.394463355803946
1766	0.394434974105408
1767	0.394421925894492
1768	0.394413663766898
1769	0.394405050945079
1770	0.394411498741447
1771	0.394391155934427
1772	0.394333685194574
1773	0.394328716549225
1774	0.394279290295848
1775	0.3942899978516
1776	0.394196538276676
1777	0.394013651771137
1778	0.393937738697436
1779	0.393812154622162
1780	0.393698344887845
1781	0.393697426648425
1782	0.393691391787381
1783	0.39362397441089
1784	0.393650386183644
1785	0.393705544657481
1786	0.393692308324026
1787	0.393729881384857
1788	0.393883370503284
1789	0.393944052937817
1790	0.394003622111396
1791	0.394112303224395
1792	0.394162610868769
1793	0.394212452361519
1794	0.394387709509146
1795	0.394378441099898
1796	0.394395108690829
1797	0.394320546410163
1798	0.394338241667343
1799	0.394364496440068
1800	0.394342962608425
1801	0.39437274905256
1802	0.394363773958722
1803	0.394363660897371
1804	0.394330183448824
1805	0.394396367179286
1806	0.394499366142757
1807	0.394470884128343
1808	0.394553368643633
1809	0.394633518894178
1810	0.394728626682741
1811	0.394916744835345
1812	0.395109116027708
1813	0.39519015104907
1814	0.395323214138651
1815	0.395489332050107
1816	0.395591365349923
1817	0.395697904576416
1818	0.395765374753037
1819	0.395748189233555
1820	0.395765746182105
1821	0.395777615966758
1822	0.395831870397818
1823	0.395744839068049
1824	0.395741266164371
1825	0.395773534850489
1826	0.395767114774329
1827	0.395793537352157
1828	0.395769035522228
1829	0.395781426343044
1830	0.395810122268636
1831	0.394817457675787
1832	0.394978926213114
1833	0.395137257931213
1834	0.395262993937361
1835	0.395363166530401
1836	0.395533836705798
1837	0.395854884185944
1838	0.39596773105889
1839	0.396054594487488
1840	0.396127832128946
1841	0.396135453033467
1842	0.39592437319919
1843	0.395853538505302
1844	0.395975479940671
1845	0.395937839683892
1846	0.395751084234963
1847	0.395668150942051
1848	0.395628042119098
1849	0.395455996741608
1850	0.395336619212868
1851	0.39525913221887
1852	0.395167634111055
1853	0.395097329206703
1854	0.395093606691688
1855	0.395141909739359
1856	0.395150036453426
1857	0.395209649704621
1858	0.395235516172469
1859	0.395230330717661
1860	0.395222600199689
1861	0.395269807069586
1862	0.395279222129848
1863	0.395159615595394
1864	0.395005111751301
1865	0.394859633456511
1866	0.394638273453186
1867	0.394361360732742
1868	0.39405038992971
1869	0.393815720268535
1870	0.393351265138408
1871	0.392828176264183
1872	0.392339792565976
1873	0.391918096919839
1874	0.391350820587857
1875	0.390791001771332
1876	0.390225351357513
1877	0.389573758438116
1878	0.388921932300291
1879	0.388405239811235
1880	0.387829951520009
1881	0.387199418250218
1882	0.386636689111927
1883	0.38591745412007
1884	0.385045018183676
1885	0.384207943441359
1886	0.383421390354925
1887	0.382404893679688
1888	0.381298074365484
1889	0.380295886429795
1890	0.378975398694321
1891	0.377387713049846
1892	0.375826843086679
1893	0.374013858931458
1894	0.372281609909492
1895	0.370283052311951
1896	0.368584137486582
1897	0.367038423667191
1898	0.365414104636582
1899	0.363867497168743
1900	0.362520837983814
1901	0.361112083248934
1902	0.359540847876812
1903	0.358271910232084
1904	0.357098139602639
1905	0.356059654855825
1906	0.355096425901097
1907	0.354510313397038
1908	0.353885028183287
1909	0.353361729156158
1910	0.352909894948967
1911	0.352448141151633
1912	0.352178843585692
1913	0.352136276909875
1914	0.352007707601659
1915	0.352087861223396
1916	0.352059054184148
1917	0.352074985519103
1918	0.351994272978096
1919	0.352061478987189
1920	0.352163120227758
1921	0.352365414482977
1922	0.35260352207207
1923	0.352891247830485
1924	0.353311594168802
1925	0.35367702031788
1926	0.354025473371823
1927	0.354449426571402
1928	0.354872363494972
1929	0.355305927800245
1930	0.355722348581534
1931	0.356113048581201
1932	0.356610943416187
1933	0.357121040535533
1934	0.357630175841412
1935	0.35821436063921
1936	0.358711828791115
1937	0.359129276134357
1938	0.359544256698063
1939	0.359929597840261
1940	0.360345413821645
1941	0.360653125159351
1942	0.360866318190061
1943	0.361104942673799
1944	0.361277961953233
1945	0.361458175650018
1946	0.361565133149661
1947	0.361705606564288
1948	0.361806293834067
1949	0.361959994790947
1950	0.362131048716014
1951	0.362406848454187
1952	0.362577340035361
1953	0.362682745028664
1954	0.362873588969924
1955	0.363110813508046
1956	0.363342709067618
1957	0.363740327215955
1958	0.364044533166239
1959	0.364336363385537
1960	0.36461304683215
1961	0.364953424918208
1962	0.365343577635926
1963	0.365668503184731
1964	0.366042304664039
1965	0.366362509150923
1966	0.366564883312655
1967	0.366859556448873
1968	0.367208739500383
1969	0.367428384891723
1970	0.367674932980445
1971	0.36787493330182
1972	0.368019559026347
1973	0.368074497731866
1974	0.368201152468923
1975	0.368439803808725
1976	0.368634643287587
1977	0.368908878437337
1978	0.369143361007139
1979	0.369365276600635
1980	0.369621376525201
1981	0.369947808375261
1982	0.370362488205632
1983	0.370813493440142
1984	0.371456851307393
1985	0.371969916945992
1986	0.372544666972109
1987	0.373004716138302
1988	0.373371738851801
1989	0.373789573313725
1990	0.374210403834028
1991	0.374673045288509
1992	0.375157228360124
1993	0.37577167691942
1994	0.376255226339811
1995	0.376743647048897
1996	0.377217976739907
1997	0.377662707977895
1998	0.378087457143277
1999	0.378474029750892
2000	0.378878021265201
2001	0.379209881320876
2002	0.379534335230181
2003	0.379829260721958
2004	0.380161158637261
2005	0.380542352270968
2006	0.381016113047257
2007	0.381493943495545
2008	0.382128971462956
2009	0.382660268200707
2010	0.383146661826361
2011	0.383654767502256
2012	0.384153325815286
2013	0.384690622923285
2014	0.385218960269981
2015	0.38580076392108
2016	0.386500549592561
2017	0.387100746189598
2018	0.387663721760434
2019	0.388293879312996
2020	0.388762451515721
2021	0.38912429501738
2022	0.389588289811424
2023	0.390025033854108
2024	0.390449638188609
2025	0.39087510284603
2026	0.391301768584458
2027	0.391660158416681
2028	0.392168644889796
2029	0.392591783229607
2030	0.392920719467575
2031	0.393257236713317
2032	0.393508172450864
2033	0.393809320794464
2034	0.394166587750022
2035	0.394571610138327
2036	0.394976927745698
2037	0.395359667467873
2038	0.395770341060201
2039	0.396124250217982
2040	0.396457954438824
2041	0.396772122562507
2042	0.39724595932819
2043	0.397599306140094
2044	0.398005416754046
2045	0.398577000424778
2046	0.399003456669
2047	0.399347325015215
2048	0.399757141573191
2049	0.400191163744638
2050	0.400566004037643
2051	0.400964617596909
2052	0.40122630006926
2053	0.40148347423022
2054	0.401752380360141
2055	0.40192544450405
2056	0.402148594772595
2057	0.402418125910435
2058	0.402582011592903
2059	0.402695874546176
2060	0.402694069055017
2061	0.4027957418982
2062	0.402932679116161
2063	0.403140550115227
2064	0.40338164016289
2065	0.403582723331135
2066	0.403702570114829
2067	0.403807738597282
2068	0.404077967645838
2069	0.404348051814788
2070	0.404633298688396
2071	0.40493011330671
2072	0.40523657474174
2073	0.405477983828338
2074	0.405766964229463
2075	0.406100506703594
2076	0.406391803743619
2077	0.406653073118203
2078	0.406952818581467
2079	0.407323544510843
2080	0.407669800598826
2081	0.407831053974839
2082	0.407993027564051
2083	0.408210821016265
2084	0.408331796412048
2085	0.408481600089445
2086	0.40874528127485
2087	0.408863965750854
2088	0.408812061028247
2089	0.408801597914468
2090	0.40879372841062
2091	0.408841529771175
2092	0.408838280736017
2093	0.40890236302282
2094	0.409005254096769
2095	0.408999301740664
2096	0.409158798290832
2097	0.409361411492562
2098	0.409420320051237
2099	0.409425463382777
2100	0.409607120680521
2101	0.409835064714901
2102	0.410057825547598
2103	0.410407851916135
2104	0.410704996031761
2105	0.410893556203213
2106	0.411053877688604
2107	0.411217289145525
2108	0.411586124090316
2109	0.411897015472592
2110	0.412085459064696
2111	0.412126469944178
2112	0.412178992567068
2113	0.412157320566043
2114	0.412191846578708
2115	0.412206265429018
2116	0.41232090654823
2117	0.412355195106535
2118	0.412382845800973
2119	0.412364242382029
2120	0.41232615616622
2121	0.41227970795569
2122	0.412196129476295
2123	0.412098668754894
2124	0.41194597029837
2125	0.411834159517046
2126	0.411773535709286
2127	0.411620732669206
2128	0.411388013024149
2129	0.411085051593991
2130	0.410808080041831
2131	0.410636736183662
2132	0.410496230064659
2133	0.410499919777516
2134	0.410364925462671
2135	0.410287469422249
2136	0.41002828541389
2137	0.409664375154804
2138	0.409373008601695
2139	0.409085977562059
2140	0.408868548880806
2141	0.408662850383754
2142	0.408474046494898
2143	0.408261656591316
2144	0.407954331473424
2145	0.40767378689986
2146	0.407428800313032
2147	0.407222019478237
2148	0.407160775056174
2149	0.406846940634302
2150	0.40648960193257
2151	0.406096674143128
2152	0.40550779789086
2153	0.405021916584045
2154	0.404518235402456
2155	0.404231729646912
2156	0.403921569707014
2157	0.403652885043484
2158	0.403436921932462
2159	0.403120187746349
2160	0.402725458174058
2161	0.402389017341601
2162	0.402059625307656
2163	0.4017295795004
2164	0.401425800618632
2165	0.401128694212902
2166	0.400773410442156
2167	0.400357752430296
2168	0.399972019813269
2169	0.399560662792502
2170	0.399122453705682
2171	0.398708724853689
2172	0.398302291001808
2173	0.397828957773265
2174	0.39745936500703
2175	0.397046608540281
2176	0.396757277798986
2177	0.396401627667797
2178	0.395762549569976
2179	0.395244389256111
2180	0.394667443825072
2181	0.394155808227912
2182	0.393673755351217
2183	0.393089690974285
2184	0.392567625039153
2185	0.391887680906018
2186	0.391100764631825
2187	0.390403176868936
2188	0.389604992065476
2189	0.388911006467926
2190	0.388256100256781
2191	0.387742052210789
2192	0.38722203079859
2193	0.386719727872762
2194	0.385943828325136
2195	0.385257814161094
2196	0.384803642162245
2197	0.384320989460012
2198	0.383942551890122
2199	0.383740851222007
2200	0.38336925636205
2201	0.383001688910335
2202	0.382636341989478
2203	0.382315742999691
2204	0.381939711915678
2205	0.381303283345822
2206	0.381014240167651
2207	0.381006052455866
2208	0.380792554259389
2209	0.380666830546924
2210	0.380675992835283
2211	0.380537500794273
2212	0.380267721326437
2213	0.380176828457926
2214	0.380115379198687
2215	0.379924447143468
2216	0.379880063200802
2217	0.380011500252855
2218	0.380136621982919
2219	0.380322066507952
2220	0.380697249645431
2221	0.381006946014801
2222	0.381326445141923
2223	0.381478913474414
2224	0.381455490677211
2225	0.381634523766253
2226	0.381727577559198
2227	0.381897989599472
2228	0.38226418414852
2229	0.382606516971577
2230	0.382999512522239
2231	0.383386729962773
2232	0.383857955579521
2233	0.384440909758101
2234	0.384851589716628
2235	0.385139167467235
2236	0.385637696918462
2237	0.386009780160031
2238	0.386375027089753
2239	0.387052111506566
2240	0.387527909227381
2241	0.387848830807628
2242	0.388398252055124
2243	0.388880638142391
2244	0.389474030336961
2245	0.39022776544073
2246	0.390872486309482
2247	0.391479990189975
2248	0.392062898946558
2249	0.392627767801301
2250	0.393121684568889
2251	0.393511485848969
2252	0.394049461052178
2253	0.394677748451582
2254	0.395196412343703
2255	0.39577421687092
2256	0.396328050442101
2257	0.397028546111221
2258	0.397349272161066
2259	0.397828498436922
2260	0.39854471624921
2261	0.398965450742406
2262	0.399640318085947
2263	0.400297998254353
2264	0.400421585737009
2265	0.400410717038163
2266	0.400375262278837
2267	0.400314764722752
2268	0.400491260396098
2269	0.40057926859616
2270	0.400784341719321
2271	0.400748040161227
2272	0.400464501519878
2273	0.400319957017124
2274	0.400205912634211
2275	0.399942016727122
2276	0.399749347941941
2277	0.399374094475412
2278	0.39866554134598
2279	0.398007099148943
2280	0.397233370882968
2281	0.396569796978798
2282	0.395895700010459
2283	0.395333386541154
2284	0.394480263094491
2285	0.393517094721019
2286	0.392482692539071
2287	0.39154611370447
2288	0.390855088690203
2289	0.389993820197754
2290	0.38925475201058
2291	0.388519590657825
2292	0.387462930759682
2293	0.386543440904223
2294	0.385745526555733
2295	0.384894804933703
2296	0.384205179096542
2297	0.383646115030682
2298	0.383092259897208
2299	0.382367654045757
2300	0.381849716308981
2301	0.381800399377072
2302	0.381322090978773
2303	0.38061405194098
2304	0.379923780484578
2305	0.378811482332544
2306	0.37811522486163
2307	0.377892247280657
2308	0.377345506808939
2309	0.376807021464546
2310	0.376128378549098
2311	0.375236791194194
2312	0.374254360738933
2313	0.373096672401088
2314	0.372073784938344
2315	0.371313930019359
2316	0.37034817989628
2317	0.369438974566297
2318	0.36848251177172
2319	0.367580832381547
2320	0.366622715493233
2321	0.365994306683124
2322	0.365606147769601
2323	0.364848361032972
2324	0.364150636560557
2325	0.363718768533653
2326	0.363223236723772
2327	0.362919948293402
2328	0.362938295005595
2329	0.362972977309927
2330	0.363029860379638
2331	0.363086649523415
2332	0.363337029879383
2333	0.363514729701214
2334	0.363315449495065
2335	0.363800297348975
2336	0.364689602720811
2337	0.365339355756129
2338	0.366176577714105
2339	0.366990705258647
2340	0.36748097894398
2341	0.368133910610299
2342	0.369059580128173
2343	0.369765136709499
2344	0.370386870076219
2345	0.370876625247061
2346	0.371190754413617
2347	0.371696854757003
2348	0.372114175180124
2349	0.372685872149151
2350	0.372999621822105
2351	0.373023909351078
2352	0.373162644718739
2353	0.37310548334428
2354	0.373010943718977
2355	0.372853666667845
2356	0.372429453512493
2357	0.372082243369804
2358	0.371832932379708
2359	0.3716485992451
2360	0.371249718494025
2361	0.370564881245354
2362	0.36986285494271
2363	0.369208493726698
2364	0.368424792684687
2365	0.367885709166368
2366	0.367207231780909
2367	0.366310395202782
2368	0.365549886565423
2369	0.364876411308074
2370	0.36413478553431
2371	0.363540592937532
2372	0.362765667375638
2373	0.362008703901471
2374	0.3608999727239
2375	0.359378347217685
2376	0.358169329422527
2377	0.356579556416901
2378	0.355472128453418
2379	0.354755015476984
2380	0.353927542647778
2381	0.353217852094676
2382	0.352575489939825
2383	0.351961945019662
2384	0.3513816570188
2385	0.350978960521892
2386	0.350364613407031
2387	0.349523660830652
2388	0.348921345927235
2389	0.348546667201159
2390	0.348033542603307
2391	0.347483519170635
2392	0.347273290083823
2393	0.347032331940817
2394	0.346844789540531
2395	0.347060227249575
2396	0.347031389189634
2397	0.346622237939237
2398	0.346315266461545
2399	0.34581672264094
2400	0.345407080919815
2401	0.345148415438626
2402	0.344949759763943
2403	0.344927376836761
2404	0.344780319394634
2405	0.344405476726188
2406	0.344313049934561
2407	0.344187226980014
2408	0.344126940349419
2409	0.344425448007106
2410	0.344379950687975
2411	0.34418003670203
2412	0.343934217071155
2413	0.343245858523041
2414	0.342905455297919
2415	0.342664208766482
2416	0.342255704306982
2417	0.34228680388837
2418	0.342282437479453
2419	0.342182362943574
2420	0.342187846588344
2421	0.34220640651588
2422	0.341820062751397
2423	0.341663020608498
2424	0.342113051687753
2425	0.342357120040391
2426	0.342726211143267
2427	0.342689783376549
2428	0.342730266426377
2429	0.342499282713048
2430	0.341824288672575
2431	0.341584424126186
2432	0.341548727804706
2433	0.341403507782041
2434	0.341528705345877
2435	0.341617790404166
2436	0.341800194598564
2437	0.341755032411464
2438	0.341850432899975
2439	0.341420333786897
2440	0.340516456824612
2441	0.340003319564011
2442	0.339468482473487
2443	0.339120126358564
2444	0.339081013853703
2445	0.339156694891235
2446	0.339411965380267
2447	0.339451854787072
2448	0.339864656628515
2449	0.33961120234219
2450	0.338729958875682
2451	0.338391649105328
2452	0.338035533168016
2453	0.337535733546462
2454	0.337387206195981
2455	0.336797501271653
2456	0.335860218027071
2457	0.335254358835122
2458	0.33484229418382
2459	0.334576886643329
2460	0.334307269655239
2461	0.33391516699265
2462	0.333788887377833
2463	0.333265960225051
2464	0.332136294658831
2465	0.331389718002165
2466	0.330157610784808
2467	0.329593728641394
2468	0.329594975104285
2469	0.329395134038222
2470	0.329360003466616
2471	0.32911070018255
2472	0.329045684021236
2473	0.328438447906699
2474	0.327039085760745
2475	0.326266506850218
2476	0.325109489763137
2477	0.32488555484368
2478	0.326161746035706
2479	0.326499558635478
2480	0.326782196450271
2481	0.326560673529052
2482	0.325286277846655
2483	0.324641955742333
2484	0.32384488191161
2485	0.323201358064711
2486	0.322829989332865
2487	0.322356913706651
2488	0.3225340451678
2489	0.322087968261438
2490	0.321169701395213
2491	0.320719210213994
2492	0.319570200568314
2493	0.318771343417136
2494	0.318950252255493
2495	0.318399964702508
2496	0.317310111394352
2497	0.316560843938179
2498	0.316192667476323
2499	0.315607480170256
2500	0.315420160021979
